<?xml version="1.0" encoding="UTF-8" standalone="no"?>
<svg
   xmlns:dc="http://purl.org/dc/elements/1.1/"
   xmlns:cc="http://creativecommons.org/ns#"
   xmlns:rdf="http://www.w3.org/1999/02/22-rdf-syntax-ns#"
   xmlns:svg="http://www.w3.org/2000/svg"
   xmlns="http://www.w3.org/2000/svg"
   width="800px"
   height="1000px"
   viewBox="0 0 800 1000"
   version="1.1"
   id="SVGRoot">
  <defs
     id="defs1847" />
  <metadata
     id="metadata3">
    <rdf:RDF>
      <cc:Work
         rdf:about="">
        <dc:format>image/svg+xml</dc:format>
        <dc:type
           rdf:resource="http://purl.org/dc/dcmitype/StillImage" />
        <dc:title>Garçon colère</dc:title>
        <cc:license
           rdf:resource="http://creativecommons.org/licenses/by/4.0/" />
        <dc:creator>
          <cc:Agent>
            <dc:title>Frédéric Wang</dc:title>
          </cc:Agent>
        </dc:creator>
      </cc:Work>
      <cc:License
         rdf:about="http://creativecommons.org/licenses/by/4.0/">
        <cc:permits
           rdf:resource="http://creativecommons.org/ns#Reproduction" />
        <cc:permits
           rdf:resource="http://creativecommons.org/ns#Distribution" />
        <cc:requires
           rdf:resource="http://creativecommons.org/ns#Notice" />
        <cc:requires
           rdf:resource="http://creativecommons.org/ns#Attribution" />
        <cc:permits
           rdf:resource="http://creativecommons.org/ns#DerivativeWorks" />
      </cc:License>
    </rdf:RDF>
  </metadata>
  <title
     id="title5">Garçon colère</title>
  <path
     style="fill:#ff0000;fill-opacity:1;stroke-width:0.930918;stroke-dashoffset:0.5"
     d=""
     id="path68" />
  <g
     id="g122">
    <path
       id="path41"
       style="fill:#000000;stroke-width:0.857899"
       d="M 424.20312 46.21875 C 421.69285 46.21875 420.51947 46.74298 419.1543 48.478516 C 418.17636 49.721758 417.37695 51.274223 417.37695 51.927734 C 417.37695 53.768358 413.47025 59.518883 410.78516 61.630859 C 409.45641 62.676002 405.72605 65.897389 402.49609 68.789062 C 399.26614 71.680737 395.59826 74.713335 394.3457 75.529297 C 393.09314 76.345259 389.36736 79.161322 386.06445 81.787109 C 382.76154 84.412896 377.77924 88.156507 374.99219 90.105469 C 369.45451 93.977947 360.35451 101.81597 348.25586 113.13477 C 343.96886 117.14544 337.29217 123.06737 333.41797 126.29492 C 325.53153 132.86503 324.45157 132.89628 323.50586 126.58984 C 323.20512 124.58434 322.19774 121.69164 321.26758 120.16211 C 320.33742 118.63258 319.57617 116.54853 319.57617 115.5293 C 319.57617 114.51006 318.86144 112.10589 317.98633 110.1875 C 313.20966 99.716159 310.14062 92.251261 310.14062 91.103516 C 310.14063 90.390363 309.58511 88.78171 308.9082 87.529297 C 307.10166 84.186865 304.27687 73.891253 303.61133 68.228516 C 303.13668 64.190004 302.31637 62.342519 299.07812 58.005859 C 296.90428 55.094641 294.0994 52.137228 292.84375 51.433594 C 290.76851 50.270681 290.27388 50.307218 287.4082 51.832031 C 283.48695 53.918509 283.05851 54.741521 282.30469 61.648438 C 281.81561 66.129539 280.80907 68.802641 277.12891 75.375 C 272.52156 83.60322 265.5293 98.002724 265.5293 99.263672 C 265.5293 99.638141 264.61066 101.85012 263.48828 104.17969 C 262.36602 106.50926 260.84246 110.15209 260.10156 112.27539 C 259.36067 114.39869 257.91762 118.26032 256.89648 120.85547 C 255.87533 123.45061 254.84756 126.63602 254.61133 127.93359 C 254.3751 129.23116 253.6945 130.29102 253.09961 130.29102 C 252.50472 130.29102 246.99164 124.01903 240.84766 116.35156 C 234.70368 108.68409 228.06675 100.67213 226.09961 98.548828 C 224.13246 96.425529 221.54218 93.14519 220.3418 91.257812 C 219.14143 89.370436 217.68762 87.440594 217.11328 86.96875 C 216.11287 86.146874 210.29969 77.426998 206.52148 71.082031 C 201.21194 62.16543 193.85346 60.514005 190.92578 67.582031 C 190.05208 69.691335 190.11695 71.138816 191.29102 75.820312 C 194.74246 89.582543 195.31148 95.003635 196.01758 120.85547 C 196.54081 140.01199 197.12476 148.86011 198.19922 153.88477 C 200.71881 165.66748 201.08207 168.27869 201.13477 174.95898 C 201.20292 183.60995 199.14939 195.4995 196.40234 202.35547 C 192.15632 212.95253 192.31822 225.92704 196.81836 235.8125 C 197.78494 237.9358 198.58335 240.88636 198.59375 242.36719 C 198.6153 245.4485 190.19349 262.48169 186.96484 265.88672 C 185.82185 267.09215 184.88672 268.39149 184.88672 268.77344 C 184.88672 269.1554 182.95425 271.69876 180.5918 274.42578 C 178.22934 277.1528 175.72539 280.99779 175.0293 282.9707 C 173.91295 286.13512 173.91545 286.91706 175.03711 289.60156 C 176.76748 293.74293 176.63295 296.3983 174.5918 298.43945 C 172.17805 300.8532 169.04985 300.57869 163.50781 297.4668 C 155.41047 292.92011 152.53837 290.20738 151.03516 285.68164 C 150.2802 283.40871 148.68013 280.23369 147.47852 278.62695 C 143.28152 273.0149 142.65451 271.19421 143.72266 267.7168 C 144.25728 265.97628 145.60296 262.81423 146.71289 260.68945 C 151.89419 250.77074 153.13109 242.30959 150.64453 233.80078 C 149.70064 230.57085 148.5646 227.48232 148.11914 226.9375 C 147.67367 226.39269 146.26988 222.52908 145 218.35156 C 142.61845 210.51706 138.35131 202.26935 135.20703 199.42383 C 134.22021 198.53076 133.41211 197.32582 133.41211 196.74609 C 133.41211 194.8869 126.76111 189.60974 123.21289 188.6543 C 121.32393 188.14566 117.73085 185.96844 115.22852 183.81641 C 110.2371 179.52375 104.42721 176.28993 100.29102 175.50195 C 97.304322 174.93294 90.070361 178.06314 84.083984 182.51562 C 82.196607 183.9194 79.062124 185.88005 77.119141 186.87109 C 71.705093 189.63258 70.414224 191.5346 69.927734 197.47656 L 69.5 202.7168 L 65.84375 203.77148 C 63.833266 204.35146 60.938503 205.68781 59.410156 206.74219 C 51.620603 212.11608 44.147303 218.03147 42.152344 220.40234 C 39.229256 223.87623 37.025908 231.44934 36.955078 238.27148 L 36.898438 243.73047 L 30.527344 248.1543 C 26.175849 251.17478 23.319385 253.93212 21.519531 256.84961 C 19.023236 260.89599 18.890726 261.55244 19.025391 269.27148 C 19.138723 275.76776 19.688991 278.9882 21.734375 285.14258 C 23.145715 289.38917 24.558824 294.1145 24.875 295.64258 C 25.191176 297.17067 25.806645 298.64097 26.242188 298.91016 C 26.677729 299.17934 27.033203 300.19162 27.033203 301.16016 C 27.033203 302.65408 29.019863 306.82872 33.701172 315.16992 C 34.230796 316.1136 35.308136 319.96126 36.095703 323.7207 C 36.883294 327.48014 38.60751 332.88409 39.925781 335.73047 C 41.244051 338.57685 43.022142 342.64233 43.876953 344.76562 C 46.2598 350.68448 50.64469 357.17225 52.984375 358.23828 C 54.142042 358.76575 57.332115 361.02398 60.072266 363.25586 C 62.812417 365.48774 66.4405 367.63472 68.134766 368.02539 C 71.402443 368.77887 79.519502 369.01819 98.019531 368.9082 C 113.59863 368.81558 117.65653 366.97879 125.26367 356.57812 L 126.97852 354.23438 L 130.83984 355.59375 C 133.52796 356.54045 138.66567 357.03783 147.75781 357.23438 C 164.47791 357.59579 165.22647 357.91926 166.64453 365.36523 C 167.68049 370.80488 170.82352 382.93993 173.41992 391.52148 C 174.67757 395.67827 174.65116 395.95683 172.51953 400.5293 C 169.53271 406.93623 169.53765 413.49864 172.53711 420.99609 C 174.9886 427.12385 182.03465 436.43756 187.78125 441.14648 C 194.52551 446.67289 212.61744 453.71875 220.06055 453.71875 C 223.83669 453.71875 225.51647 455.65314 226.42773 461.04688 C 226.74641 462.93308 227.92752 466.01238 229.05078 467.89062 C 230.17403 469.76887 231.82803 472.85091 232.72852 474.73828 C 234.39333 478.22769 242.79824 488.03516 244.12305 488.03516 C 245.92688 488.03516 258.64466 494.73851 262.38867 497.66211 C 264.6723 499.44535 267.22 500.9043 268.04883 500.9043 C 268.87765 500.9043 270.76179 501.50658 272.23633 502.24219 C 278.76959 505.50139 289.94214 507.8646 301.14648 508.35938 C 313.14869 508.88939 318.86687 508.12263 324.97852 505.16406 C 326.96141 504.20417 330.90136 502.82675 333.73242 502.10352 C 336.56349 501.38028 340.24458 499.89922 341.91406 498.81055 C 343.58354 497.72188 346.28649 496.56413 347.91992 496.23828 C 349.55335 495.91243 352.63785 495.04694 354.77344 494.31445 L 358.65625 492.98242 L 367.21289 496.54102 C 371.91904 498.49798 376.43848 500.47222 377.25781 500.92969 C 378.07714 501.38715 379.51515 501.76172 380.45312 501.76172 C 381.51037 501.76172 382.70649 502.82229 383.59766 504.55078 C 384.38829 506.08427 386.90684 509.4423 389.19531 512.01367 C 391.48378 514.58504 393.35547 517.14342 393.35547 517.69922 C 393.35547 518.25502 393.97699 519.22526 394.73633 519.85547 C 398.1016 522.64839 403.17197 531.50436 407.46484 542.08398 C 408.70933 545.15097 411.60338 551.51984 413.89453 556.23828 C 420.77182 570.40148 422.52539 574.35548 422.52539 575.70508 C 422.52539 576.41215 423.25631 577.65377 424.15039 578.46289 C 425.04447 579.27203 425.97134 580.77908 426.21094 581.8125 C 426.45055 582.84592 427.4332 585.66053 428.39453 588.06836 L 430.14258 592.44727 L 427.22852 596.64844 C 425.62575 598.95906 423.3742 602.22416 422.22461 603.9043 C 420.24551 606.7968 417.38396 610.14456 397.73633 632.55469 C 393.2038 637.72451 383.70461 647.95688 376.62695 655.29492 C 364.01703 668.36875 338.36245 696.79044 335.77344 700.55469 C 335.05289 701.60234 330.25755 706.81447 325.11523 712.13672 C 319.9729 717.45897 314.85599 723.12652 313.74609 724.73242 C 312.63618 726.33831 307.40168 732.32161 302.11328 738.0293 C 296.82488 743.737 291.56827 749.7587 290.43164 751.41016 C 288.74875 753.85527 284.70548 758.86991 277.63477 767.28125 C 277.23813 767.7531 273.80822 770.93266 270.01367 774.3457 C 263.29163 780.39192 252.57384 786.861 250.62695 786.04688 C 250.09388 785.82395 248.64156 784.17255 247.39844 782.37891 C 245.30082 779.35239 238.12047 773.71484 236.36328 773.71484 C 235.94008 773.71484 233.01829 771.76688 229.87109 769.38477 C 222.26212 763.62557 213.04678 757.44621 206.91992 753.99414 C 202.52704 751.51905 201.68899 751.30999 199.91797 752.25781 C 197.25344 753.68382 195.63053 759.7515 197.00195 763.16211 C 198.85477 767.76993 199.37104 769.02377 201.06641 773.03516 C 202.74252 777.00095 212.86431 793.0802 215.80469 796.44922 C 216.62831 797.39291 218.33922 800.09585 219.60742 802.45508 C 226.05133 814.44254 228.13195 818.03624 232.07227 823.98633 C 234.4311 827.54828 236.36133 830.76249 236.36133 831.12891 C 236.36133 831.49532 237.51805 833.39358 238.93359 835.34766 C 240.34912 837.30175 241.52482 839.19476 241.54492 839.55273 C 241.56497 839.9107 243.29921 842.90607 245.39844 846.20898 C 250.04567 853.52091 254.58453 862.68705 256.53516 868.69922 C 258.6291 875.15317 261.11355 877.52148 265.78906 877.52148 C 268.64321 877.52148 270.45108 876.87653 273.2168 874.87305 C 275.22755 873.41646 278.68166 871.68781 280.89258 871.03125 C 283.48589 870.26111 287.01216 868.02228 290.82812 864.72266 C 294.08144 861.90959 297.01415 859.77556 297.3457 859.98047 C 298.00262 860.38647 304.13477 872.85369 304.13477 873.7832 C 304.13477 876.22799 313.67337 892.28822 320.1875 900.8125 C 321.50331 902.53439 325.19012 907.36095 328.38086 911.53711 C 331.5716 915.71328 334.73154 920.86693 335.40234 922.99023 C 338.90356 934.07299 341.17688 938.99854 344.01758 941.65039 C 347.77844 945.16126 351.38931 945.30012 357.56641 942.17188 C 364.41443 938.7039 374.48242 930.72599 374.48242 928.76758 C 374.48242 927.70936 386.48388 914.15415 388.36328 913.08984 C 390.88044 911.66435 392.47714 908.89637 391.58984 907.49414 C 391.16055 906.81562 390.80192 904.22592 390.79492 901.73828 C 390.78305 897.65085 391.111 896.85925 394.18945 893.51953 C 396.0631 891.48687 400.01967 886.90397 402.98242 883.33594 C 412.10211 872.35319 429.44259 852.61836 437.10938 844.49609 C 448.94429 831.95806 460.78038 818.07076 471.01367 804.7168 C 471.9669 803.47289 474.41193 800.719 476.44727 798.5957 C 478.48261 796.4724 482.33424 792.04118 485.00781 788.75 C 487.68137 785.45883 490.69639 781.98472 491.70703 781.0293 C 492.71768 780.07387 496.56746 775.6251 500.26172 771.14258 C 503.95598 766.66006 512.81215 757.20071 519.94336 750.12305 C 527.07458 743.04539 534.47702 735.13225 536.39258 732.53711 C 540.15178 727.44425 545.71988 721.9069 550.07031 718.93359 C 551.56696 717.9107 553.94425 715.24318 555.35352 713.00781 C 556.76279 710.77245 561.82753 704.88992 566.60938 699.93555 C 575.41491 690.81233 579.43846 685.19676 583.46289 676.40625 C 584.6846 673.73768 586.93208 670.31664 588.45898 668.80273 C 591.0872 666.19687 596.67773 658.54823 596.67773 657.55859 C 596.67773 657.30563 598.15351 654.81579 599.95703 652.02539 C 606.90745 641.27172 610.24319 627.24733 611.1543 604.93945 C 611.75636 590.19845 611.90711 589.17499 613.78711 587.17383 C 615.59361 585.25091 615.745 584.46062 615.38086 578.79492 C 614.8455 570.46493 611.67847 565.15074 605.25781 561.81055 C 603.60636 560.95142 600.92294 558.86466 599.29688 557.17188 C 597.67083 555.47907 595.91184 554.09375 595.38672 554.09375 C 594.15825 554.09375 583.0439 541.84871 580.20312 537.36523 C 579.00727 535.47785 575.22238 531.03688 571.79297 527.49805 C 568.36355 523.95922 562.38129 517.39658 558.49805 512.91406 C 554.61481 508.43154 549.61158 502.83383 547.37891 500.47461 C 541.0136 493.74851 533.19602 483.9944 533.16602 482.74023 C 533.151 482.11333 532.57166 480.85146 531.87891 479.93555 C 530.09428 477.57607 530.40146 473.47843 532.59961 470.3125 C 533.63406 468.82262 539.12671 462.25998 544.80664 455.72852 C 550.48657 449.19705 556.47182 441.92367 558.10547 439.56445 C 559.73913 437.20523 561.56062 434.88786 562.1543 434.41602 C 563.16302 433.61432 568.31434 426.47198 573.08203 419.26172 C 574.22581 417.53197 575.58726 415.852 576.10938 415.5293 C 576.63151 415.20661 578.2207 413.34104 579.63867 411.38281 C 581.05664 409.42458 585.62196 404.1544 589.78516 399.67188 C 597.91392 390.91964 603.76467 384.24024 611.26172 375.15234 C 613.85687 372.00651 617.15739 368.03294 618.5957 366.32227 C 620.03402 364.6116 624.08748 359.37408 627.60352 354.68359 C 631.11958 349.9931 636.21659 343.76681 638.92969 340.84766 C 641.64279 337.92852 643.86328 335.32973 643.86328 335.07227 C 643.86328 334.59859 646.31833 331.88342 652.74609 325.25 C 655.78427 322.11462 656.77656 321.60352 659.83594 321.60352 C 662.88453 321.60352 663.82794 321.12355 666.42578 318.24805 C 668.0932 316.40242 669.93278 313.98817 670.51367 312.88477 C 671.09456 311.78138 672.44426 309.82873 673.51172 308.54492 C 674.57918 307.26113 675.87601 304.23226 676.39453 301.81445 C 676.91306 299.39666 677.91209 296.59762 678.61523 295.59375 C 679.31837 294.58988 679.89453 293.14903 679.89453 292.39258 C 679.89453 290.72287 683.06295 287.69383 685.61914 286.91992 C 686.64496 286.60934 690.21596 283.76628 693.55469 280.60156 C 700.0146 274.47836 700.74576 272.63745 698.23828 268.81055 C 696.87993 266.73744 696.91129 266.66805 699.76758 265.47461 C 705.35747 263.13901 723.56023 259.03627 728.99609 258.88672 C 734.19695 258.74364 734.69749 258.53797 738.95898 254.78125 C 745.02652 249.43243 757.85815 227.34417 758.02539 221.96094 C 758.05988 220.85085 758.84008 218.78467 759.75781 217.36914 C 760.67554 215.9536 761.88831 213.73312 762.45508 212.43555 C 763.02185 211.13798 763.75603 210.07617 764.08594 210.07617 C 765.26898 210.07617 768.55899 203.75893 769.83984 199.02734 C 773.50916 185.47252 769.61339 173.50978 759.60352 167.5957 C 757.04634 166.08486 756.6161 165.32674 756.20312 161.5918 C 755.49035 155.14562 751.06074 147.23819 746.3457 143.99414 C 742.28222 141.19841 740.46797 141.06199 731.15234 142.8457 C 729.37572 143.18588 728.66375 142.90822 728.27148 141.72656 C 724.99784 131.86512 716.70753 121.90666 711.63672 121.74414 C 710.92895 121.72145 709.315 121.16348 708.05078 120.50391 C 706.78657 119.84437 705.52632 119.53033 705.25 119.80664 C 704.97368 120.08295 702.66611 120.21155 700.12305 120.09375 C 697.57998 119.97595 694.78679 120.26301 693.91602 120.73047 C 693.04526 121.19793 689.53602 122.43004 686.11719 123.46875 L 679.90234 125.35742 L 675.90625 122.08398 C 670.86959 117.95682 662.56855 113.99219 658.96289 113.99219 C 657.44399 113.99219 655.45105 114.55919 654.53516 115.25195 C 653.61925 115.94471 652.09799 116.52993 651.1543 116.55273 C 650.21061 116.5755 647.89519 117.5324 646.00781 118.67969 C 644.12043 119.82698 641.0598 121.60074 639.20703 122.62109 C 632.26623 126.44355 626.74752 132.7496 621.98438 142.30273 C 619.51415 147.25709 616.01246 154.14724 614.20117 157.61523 C 610.48922 164.72231 610.07559 169.24579 612.11719 180.47852 C 612.99543 185.31049 613.85743 187.26083 616.52539 190.46289 C 618.34909 192.65167 619.84888 194.77528 619.85938 195.18164 C 619.86987 195.588 620.63394 196.8868 621.55664 198.06641 C 623.90207 201.06487 623.70289 202.90225 620.26953 209.95703 C 618.61808 213.3504 617.26758 216.71487 617.26758 217.43359 C 617.26758 218.15232 616.69496 219.84582 615.99609 221.19727 C 614.14322 224.78033 613.44376 232.45359 614.63867 236.07422 C 616.26519 241.00263 615.02801 244.7882 610.00586 250.25195 C 607.54641 252.92765 602.86658 258.80307 599.60547 263.31055 C 593.28727 272.04348 592.82685 272.72947 589.24805 278.70898 C 587.97723 280.83227 584.97746 284.75725 582.58398 287.43164 C 580.19051 290.10602 576.88193 294.08515 575.23047 296.27539 C 573.57902 298.46565 570.97294 301.59933 569.43945 303.23828 C 567.90595 304.87722 566.64311 306.49583 566.63281 306.83398 C 566.62248 307.17214 564.44038 309.76463 561.7832 312.5957 C 559.12602 315.42677 554.84351 320.34825 552.26758 323.5332 C 546.84893 330.23296 544.82473 330.86276 543.93555 326.12305 C 543.60518 324.36199 542.59706 321.39374 541.69531 319.52734 C 539.70699 315.412 539.67102 314.20217 541.42969 310.87891 C 542.18204 309.45725 542.93698 305.49048 543.11719 302.01562 C 543.29663 298.55577 544.00305 293.34364 544.6875 290.43359 C 547.44713 278.70063 547.90166 269.60416 546.35938 256.96484 C 545.08368 246.51028 542.07958 237.13147 538.30273 231.8125 C 536.90778 229.84799 535.76758 227.89593 535.76758 227.47461 C 535.76758 227.0533 533.4502 223.66295 530.61914 219.94141 C 527.78807 216.21987 525.47266 212.79919 525.47266 212.33789 C 525.47266 211.87659 524.82539 210.78337 524.03516 209.91016 C 522.6999 208.43472 522.69829 208.11485 524.00391 205.37695 C 524.77661 203.75658 526.71134 200.96597 528.30469 199.17578 C 529.89803 197.38559 532.99578 193.21893 535.1875 189.91602 C 537.37924 186.61311 541.01129 181.45076 543.25977 178.44336 C 545.50824 175.43596 547.927 171.93222 548.63477 170.6582 C 549.34254 169.3842 551.46615 165.96299 553.35352 163.05469 C 555.2409 160.14639 557.94385 155.79975 559.35938 153.39648 C 560.7749 150.9932 562.77467 147.73125 563.80273 146.14648 C 564.83078 144.56171 567.15859 140.44086 568.97656 136.99023 C 570.79454 133.5396 573.61191 128.7877 575.23633 126.42969 C 579.28193 120.55709 585.36851 109.22441 586.97266 104.57812 C 587.93634 101.78693 588.14143 99.213957 587.72461 95.140625 C 587.24359 90.43973 586.7491 89.175859 584.65039 87.257812 C 583.2754 86.001181 580.985 84.715207 579.56055 84.402344 C 577.25603 83.896189 576.32297 84.413659 571.0957 89.09375 C 565.9863 93.668302 560.69213 97.246655 547.71289 104.89258 C 541.7243 108.4204 539.05733 110.17412 534.22461 113.76758 C 531.53437 115.76796 528.89428 117.40906 528.35742 117.41406 C 527.82056 117.41902 525.50319 118.70206 523.20898 120.26562 C 520.91478 121.82919 515.37119 125.17772 510.88867 127.70703 C 506.40615 130.23635 499.51652 134.38965 495.57812 136.93555 C 486.37442 142.88511 484.9347 142.4563 489.70117 135.18359 C 491.68109 132.16263 494.06408 128.37753 494.99609 126.77344 C 498.34263 121.01371 501.07017 116.67796 503.89648 112.625 C 505.47732 110.35806 507.13532 107.71199 507.58008 106.74414 C 508.02485 105.7763 508.94445 104.01946 509.625 102.83984 C 512.94423 97.08657 509.34944 84.168337 503.78125 81.841797 C 499.14428 79.904343 496.7112 81.018259 491.35156 87.533203 C 487.64932 92.033483 484.95951 94.29357 480.17773 96.917969 C 476.71339 98.819308 470.33071 102.76299 465.99609 105.68164 C 461.66147 108.6003 456.76742 111.66303 455.11914 112.48633 C 452.30695 113.89098 448.04686 116.7004 440.20508 122.32227 C 438.36903 123.63856 435.66608 125.46803 434.19922 126.38867 C 431.90497 127.8286 425.76099 132.39436 412.46484 142.53711 C 409.55395 144.75762 407.27686 145.20888 407.69336 143.48242 C 408.43273 140.41759 412.00534 131.34878 414.58008 126.00195 C 418.95246 116.92198 418.70008 117.50172 421.69922 109.59375 C 423.19776 105.64246 425.54115 99.870245 426.90625 96.765625 C 428.27135 93.661005 429.38295 90.572478 429.37695 89.902344 C 429.36265 88.39963 432.58081 75.042755 433.80469 71.525391 C 434.29724 70.109859 435.0532 67.228916 435.48438 65.123047 C 436.50802 60.123432 434.5552 54.058568 430.4668 49.533203 C 427.98767 46.789106 426.9097 46.21875 424.20312 46.21875 z M 291.625 90.828125 C 292.14377 90.828125 295.78285 96.991333 296.94336 99.835938 C 297.52085 101.25147 298.93149 104.96116 300.08008 108.08008 C 301.22865 111.199 302.50479 114.28752 302.91406 114.94336 C 303.77108 116.31668 307.87661 127.83845 309.75977 134.15234 C 310.46343 136.51156 311.77395 142.49486 312.67188 147.44922 C 314.89672 159.72478 315.12176 160.35466 318.41211 163.53516 C 322.68351 167.66395 325.78659 167.37704 330.23438 162.44336 C 340.37204 151.19823 368.92783 122.74743 369.63672 123.18555 C 370.0886 123.46483 370.20564 123.2854 369.89648 122.78516 C 369.58677 122.28404 371.32804 120.44183 373.77539 118.68359 C 376.21849 116.9284 379.98289 113.87782 382.14062 111.9043 C 390.7864 103.9966 404.33484 94.259766 406.69336 94.259766 C 407.94202 94.259766 406.60418 98.525751 403.22266 105.32031 C 401.09936 109.58669 399.36133 113.34237 399.36133 113.66602 C 399.36133 113.98967 398.20265 116.70519 396.78711 119.70117 C 395.37158 122.69715 394.21484 125.69946 394.21484 126.37305 C 394.21484 127.04664 393.02621 130.1657 391.57422 133.30273 C 390.12223 136.43976 388.34202 140.99741 387.61914 143.43164 C 386.44538 147.38412 383.3119 153.88144 375.99805 167.52539 C 372.04056 174.90808 372.95216 184.3336 378.18555 190.13086 C 379.44061 191.52114 380.88899 192.06055 383.36328 192.06055 C 386.52171 192.06055 387.32292 191.52233 393.29492 185.37891 C 396.86743 181.70386 403.61872 175.8155 408.29688 172.29492 C 412.97503 168.77435 420.31792 162.99977 424.61523 159.46094 C 436.0768 150.02235 438.62273 148.13239 445.25977 144.13086 C 448.56268 142.13951 454.30301 138.40401 458.01758 135.83008 C 461.73216 133.25614 465.2906 131.15039 465.92578 131.15039 C 467.33586 131.15039 466.64869 133.44131 464.50977 135.86914 C 462.20646 138.48358 453.46552 151.69678 451.53125 155.48828 C 450.58866 157.3359 448.50201 160.71888 446.89453 163.00586 C 445.28706 165.29283 443.9567 167.45769 443.9375 167.81641 C 443.91832 168.17513 442.75964 169.80581 441.36328 171.43945 C 439.01872 174.18241 438.82422 174.92357 438.82422 181.13281 C 438.82422 188.66283 439.88608 191.49274 444.00781 194.96094 C 447.82542 198.17325 452.68093 198.06909 456.04883 194.70117 C 457.42807 193.32194 458.55664 191.66531 458.55664 191.02148 C 458.55664 189.56931 465.39605 183.01692 470.56641 179.51562 C 472.6897 178.07776 477.59118 174.71387 481.45898 172.04102 C 485.32676 169.36819 488.76758 167.18164 489.10352 167.18164 C 489.43944 167.18164 491.67993 165.71352 494.08203 163.91992 C 496.48413 162.12632 499.99348 159.75081 501.88086 158.64062 C 503.76824 157.53044 507.24234 155.41377 509.60156 153.93555 C 511.96078 152.45732 515.0493 150.69347 516.46484 150.01758 C 517.88037 149.3417 520.38956 147.76152 522.04102 146.50586 C 523.69247 145.25022 528.9046 142.01721 533.62305 139.32031 C 538.34149 136.62341 543.65563 133.43086 545.43359 132.22656 C 547.21156 131.02226 548.8934 130.26252 549.16992 130.53906 C 549.88784 131.25697 543.67518 142.48389 539.91211 147.26953 C 538.16442 149.49212 535.24028 153.81973 533.41406 156.88672 C 531.58783 159.9537 527.22132 166.26715 523.70898 170.91602 C 520.19664 175.5649 515.69241 181.74195 513.69922 184.64258 C 511.70604 187.54321 509.35924 190.88094 508.48438 192.06055 C 507.60953 193.24016 506.15087 195.55558 505.24414 197.20703 C 504.33742 198.85848 503.36207 200.40275 503.07617 200.63867 C 502.79028 200.8746 500.18421 205.61301 497.28516 211.16797 L 492.01367 221.26758 L 492.01367 228.86523 C 492.01367 237.32415 493.11736 240.92103 496.98242 245.05859 C 499.72604 247.99564 502.91683 249.1455 506.10352 248.3457 C 509.49914 247.49345 513.36062 243.64317 514.44336 240.0293 C 516.05578 234.64752 516.97202 234.51798 521.28516 239.05664 C 525.43081 243.41906 526.99136 246.99358 528.00391 254.45508 C 528.7514 259.96336 527.62382 274.3254 526.34375 275.60547 C 525.86448 276.08474 525.47266 277.31206 525.47266 278.33203 C 525.47266 279.35201 524.31348 282.74401 522.89648 285.86914 L 520.32031 291.55078 L 513.67383 291.34961 C 510.0185 291.23878 505.09017 291.46067 502.72266 291.84375 C 498.84731 292.4708 498.23475 292.34223 496.57227 290.55664 C 495.55665 289.4658 494.07845 286.83619 493.28906 284.71289 C 492.49967 282.58959 491.45203 279.88859 490.96094 278.70898 C 489.15264 274.36542 488.6768 273.08468 488.08789 270.98633 C 487.00091 267.11323 480.03467 257.34286 476.78516 255.13477 C 472.50125 252.22377 466.82173 252.4247 450.69727 256.05859 C 447.98841 256.66907 447.27505 255.61717 445.69531 248.68164 C 445.1042 246.08649 444.30966 243.19173 443.93164 242.24805 C 443.55362 241.30436 442.44385 237.8618 441.46484 234.59961 C 439.46438 227.93388 433.58726 217.95745 429.12695 213.65625 C 426.07716 210.71524 421.90243 209.27398 416.32617 209.23828 C 412.5858 209.21432 402.39255 213.08397 396.32227 216.83203 C 393.98293 218.27644 390.55199 220.28707 388.69727 221.29883 C 386.84256 222.31059 381.63041 225.89467 377.11523 229.26367 C 372.60005 232.63266 367.85714 236.06417 366.57617 236.88867 C 363.7731 238.69286 360.6138 238.89739 361.25195 237.23438 C 361.90402 235.53513 355.09656 220.40677 352.375 217.50586 C 349.99714 214.97131 344.23078 211.84305 341.88281 211.81445 C 341.17504 211.80586 339.43702 212.56981 338.02148 213.51172 C 328.04404 220.15087 325.01895 222.14308 319.14844 225.94727 C 315.50777 228.30649 310.99551 231.56534 309.11914 233.18945 C 305.05606 236.70628 303.34846 236.18938 301.92773 231.01172 C 301.42227 229.16966 300.78349 227.08472 300.50586 226.37695 C 299.45985 223.71034 297.27005 213.49056 297.25195 211.1875 C 297.20262 204.91154 291.10478 197.63033 285.07812 196.65234 C 282.71465 196.2688 281.62208 196.64336 279.30078 198.625 C 277.72594 199.9694 273.82324 202.80639 270.62891 204.92969 C 267.43457 207.05299 262.13892 211.10644 258.86133 213.9375 C 255.58375 216.76857 251.20655 220.35219 249.13477 221.90234 C 247.06298 223.45248 240.73495 228.27904 235.07227 232.62695 C 222.54845 242.24297 220.58276 243.53516 218.47461 243.53516 C 216.43695 243.53516 216.07728 242.21055 215.85742 233.9043 C 215.75845 230.16476 215.13574 226.22592 214.41602 224.7832 C 213.06827 222.08157 213.01143 222.85109 216.18359 201.06836 C 217.75186 190.29931 217.50243 178.76444 215.43359 166.32422 C 214.68813 161.8417 213.48533 154.50596 212.75977 150.02344 C 211.12599 139.9298 209.98931 105.41211 211.29102 105.41211 C 211.78326 105.41211 213.22946 106.66768 214.50391 108.20117 C 215.77835 109.73466 219.38357 113.83438 222.51562 117.3125 C 225.64769 120.79062 228.56878 124.26472 229.00781 125.0332 C 229.44685 125.80168 231.958 129.01667 234.58594 132.17578 C 239.2533 137.78648 243.72032 144.40649 247.49805 151.31055 C 252.47897 160.41351 256.83204 166.84458 258.62109 167.74219 C 261.3032 169.08787 264.89612 167.75237 267.76758 164.33984 C 269.81553 161.90599 269.97518 161.19957 269.50195 156.67188 C 269.21531 153.92949 269.37423 150.05717 269.85352 148.06641 C 274.81036 127.47777 281.4194 107.78039 285.31641 101.98047 C 286.109 100.80086 287.77732 97.809213 289.02539 95.332031 C 290.27346 92.854849 291.44363 90.828125 291.625 90.828125 z M 661.69727 138.87109 C 663.79535 138.87109 666.16797 142.67307 666.16797 146.03711 C 666.16797 147.3301 667.57416 149.64271 669.81445 152.03516 C 672.60932 155.01988 674.26016 156.04466 676.89062 156.42188 C 680.09045 156.88072 680.64127 156.62269 685.04102 152.62109 C 687.63617 150.26079 690.11596 148.32436 690.55078 148.31836 C 690.98561 148.31209 693.83031 147.31104 696.87305 146.09375 C 703.26504 143.53655 704.81386 144.07025 703.08984 148.23242 C 702.49911 149.65855 701.44773 151.29527 700.75391 151.87109 C 698.78207 153.50757 695.33594 160.86865 695.33594 163.44531 C 695.33594 164.72507 695.76638 167.15098 696.29102 168.83594 C 698.34452 175.43101 699.90651 177.59029 704.20703 179.76953 C 710.09874 182.75508 713.13429 182.04359 719.27344 176.24219 C 723.50017 172.24798 731.48313 168.03906 734.83203 168.03906 C 736.1305 168.03906 735.79821 171.31711 734.26172 173.66211 C 732.83105 175.84557 732.91107 178.4267 734.66797 186.75781 C 735.51937 190.7951 739.1518 195.25061 741.92773 195.66211 C 742.88742 195.80437 743.82216 196.37345 744.00391 196.92578 C 744.54398 198.56705 739.87 202.93093 734.56641 205.73828 C 729.60628 208.36383 725.65856 208.84115 718.07422 207.72656 C 714.99627 207.27422 714.53155 206.62629 713.80469 201.7793 C 713.02337 196.56905 708.92977 193.77539 702.07617 193.77539 L 697.20508 193.77539 L 695.37891 190.00586 C 694.37483 187.93172 692.66275 185.32566 691.57422 184.21484 C 685.40488 177.91919 681.27317 174.58435 678.42578 173.60547 C 675.86221 172.72415 675.07782 171.92572 674.51758 169.62695 C 671.94001 159.05066 667.01576 152.70461 661.20508 152.46875 C 652.58767 152.11897 650.6444 153.24794 646.40234 161.08008 C 642.57187 168.15228 643.21246 172.35558 649.44531 181.03125 C 651.09279 183.32442 652.44141 185.77966 652.44141 186.48633 C 652.44141 187.19301 652.86893 187.77148 653.39062 187.77148 C 653.91232 187.77148 655.48483 188.73641 656.88672 189.91602 C 658.2886 191.09563 660.15552 192.06055 661.03516 192.06055 C 661.9148 192.06055 662.86248 192.42888 663.14062 192.87891 C 663.41877 193.32895 665.95604 193.95793 668.7793 194.27734 C 673.18631 194.77594 673.76385 195.03868 672.85742 196.13086 C 671.7562 197.45775 669.71623 197.3499 659.30469 195.41211 C 656.70955 194.92911 652.85608 194.31707 650.74219 194.05273 C 648.08764 193.72078 645.87035 192.69196 643.57422 190.72656 C 641.74574 189.16145 638.9919 187.28395 637.45508 186.55469 C 633.89825 184.86686 633.10955 183.88288 631.54297 179.17188 C 629.49091 173.00096 629.56473 171.91616 632.33594 167.50586 C 633.78227 165.20407 635.6888 161.58424 636.57227 159.46094 C 637.45573 157.33764 638.68545 154.99101 639.30469 154.24609 C 639.92392 153.50117 640.43164 152.60696 640.43164 152.25977 C 640.43164 151.55248 644.30041 148.1789 648.93945 144.84375 C 653.13195 141.82962 659.45266 138.87109 661.69727 138.87109 z M 103.57227 201.97656 C 106.27385 201.70228 108.68312 203.90719 114.10156 208.9375 C 118.58812 213.10269 122.25953 216.90613 122.25977 217.39062 C 122.26 217.87514 123.81384 219.80693 125.71289 221.68164 C 129.78561 225.70216 131.69727 228.93394 131.69727 231.80078 C 131.69727 234.78824 127.7863 246.47978 124.66406 252.82617 C 122.67321 256.87285 120.6608 259.33468 116.77539 262.47852 C 112.10026 266.26133 108.51552 267.81918 108.54492 266.05469 C 108.55083 265.70081 111.94265 261.72924 116.08398 257.23047 C 125.55169 246.9456 126.41115 245.07561 124.48047 238.9375 C 122.64465 233.10097 121.3456 231.29987 116.62891 228.05469 C 110.82554 224.06187 108.13735 224.66252 104.95117 230.66602 C 103.57387 233.26117 100.35349 237.50838 97.794922 240.10352 C 95.236351 242.69866 92.069564 246.41563 90.757812 248.36328 C 86.715734 254.36485 81.808159 260.69336 81.195312 260.69336 C 80.874594 260.69336 77.339422 257.58659 73.339844 253.79102 C 69.340265 249.99545 64.619025 245.89142 62.849609 244.66992 C 61.080193 243.44842 59.632812 242.07842 59.632812 241.62695 C 59.632813 240.02425 69.838619 232.38086 71.978516 232.38086 C 72.700211 232.38086 74.699813 233.9044 76.421875 235.76562 C 81.705761 241.47649 86.64774 241.10289 90.554688 234.69531 C 92.696823 231.18211 92.672536 227.65014 90.458984 221.25391 C 87.80438 213.58321 88.249771 212.23309 95.185547 206.95312 C 99.191976 203.90317 101.47103 202.18989 103.57227 201.97656 z M 644.54297 214.4668 C 645.99763 214.4971 647.77117 214.73655 649.00977 215.0957 C 650.66122 215.57457 653.94351 216.23453 656.30273 216.56445 C 658.66196 216.89435 662.02282 217.88589 663.77344 218.76758 C 667.60352 220.69657 670.34069 220.76802 677.48242 219.125 C 690.04332 216.23527 691.39751 216.68176 700.625 226.75195 C 703.41425 229.79592 706.45308 232.52647 707.37891 232.82031 C 710.69209 233.87188 709.02656 235.60954 702.84375 237.54883 C 699.42288 238.62181 693.9201 240.37491 690.61719 241.44336 C 681.93959 244.25045 669.66629 244.84177 664.02344 242.72461 C 658.26907 240.56562 653.29883 236.33035 653.29883 233.58594 C 653.29883 230.30294 650.52017 225.59223 645.24805 219.94141 L 640.44531 214.79492 L 643.22656 214.50977 C 643.60894 214.47053 644.05808 214.4567 644.54297 214.4668 z M 282.64453 225.49609 C 282.91378 225.50728 283.11186 225.59666 283.26367 225.75195 C 285.13911 227.67042 287.194 237.81797 287.73242 247.82422 C 288.02441 253.25043 288.74614 258.53383 289.33594 259.56445 C 289.92575 260.59508 290.4082 262.79306 290.4082 264.44922 C 290.4082 268.00395 292.7795 271.08303 297.61914 273.81445 C 300.02832 275.17416 301.71581 277.14261 303.625 280.82031 C 306.11865 285.62387 312.26901 291.43703 322.48047 298.64453 C 324.77841 300.26647 331.01786 311.0827 331.95312 315.06445 C 332.75079 318.46038 336.94067 322.46094 339.69922 322.46094 C 340.93028 322.46094 343.26659 321.90595 344.89258 321.22656 C 348.16532 319.85912 349.32463 320.6326 347.92383 323.25 C 347.42875 324.17508 346.5694 329.75559 346.01367 335.65234 C 344.90411 347.4257 345.2644 349.88871 349.31641 358.23242 C 351.74752 363.23843 354.38849 365.35854 358.94336 365.95898 C 359.27508 366.00271 359.5733 366.03737 359.8457 366.06055 L 359.8457 368.48242 L 375.70508 368.48242 C 375.92956 371.63055 376.27196 374.31502 376.76367 375.81836 C 377.57942 378.31236 377.83216 380.36512 377.37891 380.81836 C 376.41434 381.78293 356.36957 388.46563 351.74805 389.36328 C 349.86067 389.72988 345.22787 391.20501 341.45312 392.64062 C 332.203 396.15865 330.50095 396.71812 322.86719 398.76562 C 314.70988 400.95362 304.39309 400.93782 292.98242 398.71875 C 272.20623 394.67834 265.5293 391.28172 265.5293 384.75391 C 265.5293 382.53065 264.85677 381.40924 262.3125 379.39258 C 256.08307 374.45494 246.3311 369.78545 240.13281 368.77148 C 236.87844 368.23909 232.78764 367.26371 231.04102 366.60352 C 229.2944 365.94333 224.85375 365.1526 221.17383 364.8457 C 214.90082 364.32256 214.11238 364.45624 208.54102 366.98242 C 205.27269 368.46434 199.5762 371.98589 195.88281 374.80859 C 188.71663 380.2854 187.46094 380.82362 187.46094 378.41602 C 187.46094 377.57732 186.94304 376.12993 186.31055 375.19922 C 183.9139 371.67251 183.30366 364.43016 184.03711 348.19727 C 184.43151 339.46815 185.14596 331.16944 185.625 329.75391 C 186.10404 328.33838 186.93099 325.44166 187.46094 323.31836 C 187.9909 321.19506 188.83304 318.30031 189.33203 316.88477 C 189.83103 315.46924 190.72872 312.18694 191.32812 309.5918 C 192.95561 302.54551 195.16153 296.60651 197.21289 293.74609 C 198.21871 292.34357 200.01015 289.25505 201.19336 286.88281 C 205.39143 278.466 208.18483 274.41797 209.79688 274.41797 C 210.66789 274.41797 211.6419 274.8439 211.96289 275.36328 C 213.42891 277.73533 220.93885 274.0313 225.47656 268.69727 C 230.2381 263.10011 259.30725 239.96692 273.23828 230.68945 C 278.9858 226.86186 281.47779 225.44764 282.64453 225.49609 z M 416.87305 233.6543 C 419.81829 233.59436 421.43958 235.05139 423.14258 238.51172 C 426.25142 244.82858 431.0586 261.61793 431.125 266.39062 C 431.13719 267.2668 432.06258 270.67205 433.18164 273.95703 C 436.55492 283.85928 442.21323 287.60219 448.69141 284.2168 C 450.10695 283.47706 453.19351 282.65182 455.55273 282.38477 C 457.91195 282.11772 460.88602 281.37419 462.16016 280.73242 C 465.05914 279.27222 469.22045 279.22508 470.37109 280.63867 C 471.68016 282.2469 476.57227 297.36492 476.57227 299.80273 C 476.57227 301.05367 475.955 302.13961 475.07031 302.44727 C 472.08062 303.48694 461.01625 312.47127 459.7793 314.86328 C 459.08214 316.21144 458.03863 317.30969 457.46094 317.30469 C 456.88325 317.29961 454.86784 314.3503 452.98047 310.75 C 450.52153 306.05942 447.96843 302.76834 443.97266 299.13867 C 435.70707 291.63037 430.83752 289.11818 422.36523 287.99414 C 410.55752 286.42757 392.36864 290.14259 379.97461 296.65234 C 363.57148 305.26778 358.80633 307.86002 357.73633 308.74805 C 357.07908 309.29351 356.14352 309.49451 355.65625 309.19336 C 354.56119 308.51658 355.90358 306.30773 363.07422 296.99609 C 368.67054 289.72884 370.24914 288.33315 377.48438 284.25977 C 381.80262 281.82864 385.41848 281.4145 395.24414 282.22266 C 402.23769 282.79788 404.21286 275.51681 399.48242 266.60156 C 395.41445 258.93482 389.32157 256.3637 381.72852 259.10938 C 380.22097 259.65451 378.26408 259.82036 377.37891 259.47656 C 375.91495 258.90795 376.00069 258.66392 378.3418 256.7832 C 379.75734 255.64604 383.23339 252.79371 386.06445 250.44531 C 394.0209 243.84534 406.32832 236.31342 411.9043 234.63086 C 413.92183 234.02206 415.5343 233.68154 416.87305 233.6543 z M 342.17188 239.07031 L 343.66211 241.04492 C 345.20406 243.08914 346.34518 247.90545 347.91016 258.97656 C 348.75188 264.93109 349.10469 265.70312 352.66016 269.32031 L 356.50391 273.22852 L 348.54883 281.55664 C 344.1742 286.13685 340.16785 289.87905 339.64648 289.87305 C 339.12512 289.86689 336.78151 287.8346 334.4375 285.35742 C 332.09349 282.88024 326.24741 277.22869 321.44531 272.79883 C 316.64321 268.36897 312.71289 264.07427 312.71289 263.25586 C 312.71289 260.37187 329.90983 245.22674 337.52344 241.4043 L 342.17188 239.07031 z M 643.35742 257.26172 C 644.6817 257.26172 647.16416 258.34567 648.88672 259.67773 C 653.17276 262.99214 660.09975 266.44654 663.88281 267.15625 C 665.61158 267.48057 667.02539 268.06756 667.02539 268.46094 C 667.02539 268.85432 665.70413 271.80884 664.08984 275.02539 C 662.47556 278.24195 660.90798 281.83385 660.60547 283.00781 C 659.79058 286.17005 657.70225 288.34907 651.25977 292.75977 C 644.89624 297.11641 643.69091 298.41039 637.16406 307.87695 C 634.72417 311.41578 630.69679 316.47412 628.21484 319.11719 C 625.73289 321.76025 622.23346 325.8137 620.43945 328.125 C 615.26431 334.79234 614.12835 336.2308 608.64648 343.05078 C 605.80198 346.58961 602.42761 350.69767 601.14844 352.17969 C 598.93389 354.74543 595.16389 359.40718 588.41016 367.92969 C 586.72752 370.05299 583.69695 373.54902 581.67578 375.69922 C 579.65461 377.84942 576.36587 381.51729 574.36719 383.84961 C 572.36853 386.18194 569.24431 389.82787 567.42578 391.95117 C 561.157 399.27055 555.01418 406.97037 553.39648 409.53711 C 552.50433 410.95264 550.37026 413.84936 548.6543 415.97266 C 546.93834 418.09596 543.6957 422.1494 541.44922 424.98047 C 532.92599 435.72163 528.57327 440.28218 509.04297 458.94336 C 503.32808 464.40393 503.12959 465.29679 505.30469 475.72266 C 507.0364 484.02326 507.17868 484.30295 510.75781 486.4375 C 514.76158 488.8253 519.4668 493.21327 519.4668 494.56055 C 519.4668 495.13338 520.98523 497.47028 522.8418 499.75391 C 538.30547 518.77464 544.59923 526.05419 556.83984 539.08008 C 567.36511 550.28057 570.84194 554.43201 573.66406 559.16211 C 574.67558 560.8575 576.45725 563.28334 577.62305 564.55273 C 579.9506 567.08712 579.69962 569.53516 577.11133 569.53516 C 576.22831 569.53516 572.45102 570.33072 568.71875 571.30273 C 564.98648 572.27475 557.88015 573.80236 552.92578 574.69727 C 539.74178 577.0787 526.10512 580.18767 517.32227 582.81445 C 513.07568 584.08452 507.70988 585.6495 505.39844 586.29297 C 503.08702 586.93645 500.79096 587.86919 500.29492 588.36523 C 499.79888 588.86127 498.40829 589.27952 497.20508 589.29492 C 496.00188 589.31032 492.89397 590.10582 490.29883 591.0625 C 487.70369 592.01918 484.22958 593.12821 482.57812 593.52539 C 480.92667 593.92256 478.41749 594.66155 477.00195 595.16797 C 475.58642 595.6744 470.89058 597.25637 466.56836 598.68359 C 462.24616 600.11082 458.34926 601.27734 457.9082 601.27734 C 456.81405 601.27734 454.81413 598.78068 453.56445 595.85352 C 452.99562 594.52112 451.40188 592.01193 450.02344 590.27734 C 448.645 588.54275 445.99215 583.63325 444.12695 579.36914 C 439.88779 569.67784 428.06453 546.8082 425.51562 543.36914 C 424.46648 541.95361 423.33622 539.63819 423.00391 538.22266 C 422.07722 534.27519 412.99469 516.73112 407.92969 509.10352 C 405.44087 505.35552 403.3629 501.74071 403.3125 501.07227 C 403.25681 500.33261 405.90899 498.71351 410.08594 496.93555 C 419.89832 492.75884 429.09495 488.06419 434.08203 484.68555 C 439.3209 481.13633 447.91377 472.95808 449.49219 470.01953 C 450.12581 468.83992 451.44215 466.38045 452.41602 464.55469 C 453.38991 462.72892 454.68689 460.60727 455.29883 459.83789 C 456.53036 458.28954 458.24093 455.39699 460.08008 451.75586 C 460.9623 450.00925 461.72113 449.50124 462.89258 449.87305 C 465.81279 450.79989 469.92833 447.64778 470.94336 443.70703 C 471.2071 442.6831 474.92016 438.3106 479.19336 433.98828 C 483.46657 429.66596 487.30733 425.22306 487.72852 424.11523 C 488.14972 423.0074 489.8644 421.45093 491.53906 420.65625 C 493.22062 419.8583 496.50556 416.76364 498.87695 413.74609 C 501.23863 410.74091 508.23042 403.3528 514.41406 397.32812 C 533.33373 378.89486 551.51007 360.66305 554.05078 357.57031 C 557.97295 352.79597 562.36133 346.63663 562.36133 345.90625 C 562.36133 345.53288 565.7405 341.93941 569.86914 337.91992 C 573.99778 333.90043 577.94436 329.45265 578.64062 328.03711 C 579.33689 326.62158 580.81179 324.30617 581.91797 322.89062 C 586.07699 317.56852 598.15996 302.63587 603.32617 296.43359 C 606.2752 292.89314 608.68945 289.66069 608.68945 289.25 C 608.68945 288.83931 610.42553 286.79675 612.54883 284.71289 C 614.67213 282.62902 616.42611 280.52281 616.44531 280.03125 C 616.52309 278.03734 621.43197 273.6189 626.27539 271.18359 C 631.91774 268.34655 636.14062 264.85975 636.14062 263.03906 C 636.14062 260.99432 640.80384 257.26172 643.35742 257.26172 z M 258.44531 263.43945 C 256.27767 263.37576 255.51941 264.09398 252.55664 266.93945 C 248.92722 270.42519 248.04771 270.82614 242.125 271.70703 C 230.381 273.45373 221.80586 277.89889 218.84961 283.76953 C 215.25596 290.90591 217.34678 305.21 223.85352 318.00195 C 231.04601 332.14204 236.9479 337.29049 251.97461 342.5293 C 261.9229 345.9976 264.45048 347.00152 272.82031 350.81641 C 274.79922 351.71838 278.3479 352.40289 281.20117 352.43359 C 285.59987 352.4809 286.99181 352.0115 293.74414 348.20508 C 302.60062 343.21251 307.99932 337.50112 311.71875 329.18555 C 314.73434 322.44359 315.43585 317.55467 314.41797 310.36719 C 312.55473 297.21033 305.2207 287.21116 291.30859 278.85742 C 286.84973 276.18002 281.83136 273.12823 280.15625 272.07617 C 272.65504 267.36497 265.62013 264.25863 261.2168 263.71289 C 260.04697 263.5679 259.16786 263.46069 258.44531 263.43945 z M 56.416016 267.01172 C 58.479575 266.90722 59.826077 267.67224 61.623047 269.25 C 65.661612 272.7959 66.080665 274.47765 63.964844 278.625 C 61.849534 282.77135 58.62654 285.95272 54.216797 288.24805 C 50.321499 290.27561 41.289781 291.10446 40.001953 289.55273 C 38.835143 288.1468 37.375519 281.60327 37.349609 277.66602 C 37.325899 274.06309 37.719979 273.74706 46.90625 269.99609 C 51.571737 268.09107 54.352456 267.11622 56.416016 267.01172 z M 131.51562 287.91406 C 132.82493 287.97146 133.37913 289.00276 134.87695 293.29297 C 137.90307 301.96065 137.70112 302.84341 129.66992 316.10938 C 125.72447 322.62652 122.02976 328.11442 121.45898 328.30469 C 120.88819 328.49495 119.58064 327.87971 118.55273 326.9375 C 117.5248 325.9953 114.72869 324.24563 112.33984 323.05078 C 109.95098 321.85593 107.491 320.26996 106.87305 319.52539 C 106.25511 318.78081 105.25968 318.17188 104.66016 318.17188 C 104.06066 318.17188 103.34868 317.59569 103.07812 316.89062 C 102.37006 315.04543 97.324113 312.17292 94.783203 312.16992 C 91.658281 312.1653 88.802734 314.46142 88.802734 316.97852 C 88.802734 319.72206 97.686277 335.26298 100.4375 337.33203 C 101.58779 338.19711 102.5293 339.58921 102.5293 340.42578 C 102.5293 341.7469 101.37204 342.02022 93.734375 342.50195 C 88.897973 342.807 81.273536 343.28818 76.791016 343.57227 L 68.640625 344.08789 L 62.849609 339.67969 C 58.560251 336.41439 57.060547 334.74328 57.060547 333.23242 C 57.060547 330.70534 61.00446 327.24731 65.402344 325.91992 C 72.153432 323.88226 78.124071 320.53945 80.517578 317.45508 C 82.714223 314.6244 82.90501 313.86 82.4375 309.7832 C 81.785063 304.09378 82.796573 303.55013 89.351562 306.05859 C 94.106127 307.87805 94.126923 307.87811 97.679688 306.21484 C 99.638794 305.29766 102.20711 303.97784 103.38672 303.28125 C 104.56633 302.58467 109.27638 300.26191 113.85352 298.11914 C 118.43067 295.97638 123.68262 292.86015 125.52539 291.19531 C 127.36816 289.53048 129.78742 288.06779 130.90234 287.94336 C 131.12514 287.91849 131.32858 287.90586 131.51562 287.91406 z M 270.57031 288.37305 C 272.09051 288.44785 273.67267 289.20669 277.3418 291.10547 C 280.75329 292.87091 283.54492 294.79774 283.54492 295.38867 C 283.54492 295.9796 284.9923 297.12368 286.76172 297.92969 C 290.42382 299.59786 294.95954 303.44428 296.36914 306.07812 C 299.66311 312.23297 295.44196 320.3952 286.125 325.88867 C 283.72047 327.30644 281.60137 328.4668 281.41406 328.4668 C 280.33767 328.4668 280.07632 326.0821 280.58594 320.91016 C 281.11348 315.55651 280.94172 314.60657 278.5332 309.45508 C 275.03876 301.98094 271.01039 298.43945 266.00195 298.43945 C 262.41078 298.43945 262.05209 298.68317 257.87109 303.9375 C 253.02874 310.02296 250.94531 314.26792 250.94531 318.04492 C 250.94531 321.5839 247.26703 322.27029 243.82617 319.375 C 242.47842 318.24094 241.02542 317.31445 240.5957 317.31445 C 238.38317 317.31445 233.78711 306.45598 233.78711 301.22852 C 233.78711 297.63173 239.50709 292.42907 243.44141 292.44727 C 246.15539 292.45986 251.13871 293.89269 253.3125 295.28516 C 255.02398 296.3815 257.30741 295.22813 258.95703 292.43555 C 259.81104 290.98985 261.20357 289.86133 262.13281 289.86133 C 263.04306 289.86133 265.44335 289.41958 267.46484 288.87891 C 268.76933 288.53001 269.65819 288.32817 270.57031 288.37305 z M 422.83594 310.38086 C 429.24501 310.44298 432.3302 312.12487 436.85938 317.04492 C 441.85975 322.47685 442.37926 324.46024 440.05469 329.27734 C 437.66928 334.22049 432.21637 340.85041 428.40625 343.43945 C 423.80614 346.56531 410.73131 353.3457 409.30469 353.3457 C 408.48823 353.3457 407.81418 352.16955 407.46094 350.12891 C 405.76993 340.35992 401.16363 330.82642 397.23242 328.96094 C 387.90586 324.53519 379.83356 330.70792 376.56836 344.76562 C 375.73822 348.33963 375.3672 354.9571 375.42188 361.28906 L 364.54492 361.28906 C 364.8492 359.61028 364.66599 357.13295 364.08398 351.4668 C 363.26191 343.46353 363.29695 341.1531 364.28125 338.28125 C 367.29931 329.47549 379.78212 320.54948 395.92969 315.64844 C 400.88406 314.1447 405.95169 312.52544 407.19141 312.05078 C 408.43113 311.57613 413.20881 310.91253 417.80859 310.57617 C 419.7001 310.43786 421.35692 310.36652 422.83594 310.38086 z M 153.51172 314.85742 C 153.83456 314.86379 154.21195 314.91551 154.6582 315.00586 C 157.48052 315.57728 167.77194 321.57577 168.30273 322.95898 C 168.5098 323.49861 168.36965 326.79341 167.99023 330.2793 C 167.3411 336.24327 167.17248 336.6233 165.1543 336.7207 C 160.26378 336.95666 145.31833 334.34047 144.86914 333.16992 C 144.6738 332.66089 146.0173 328.98199 147.85352 324.99414 C 149.68974 321.00629 151.44363 317.01998 151.75195 316.13672 C 152.07184 315.22035 152.54319 314.83831 153.51172 314.85742 z M 510.70508 315.63867 C 515.16359 315.74518 518.89867 317.79749 522.45703 321.86523 C 525.5125 325.3581 526.32287 326.92964 526.29297 329.31055 C 526.24814 332.88282 524.61556 339.18294 522.95508 342.19336 C 519.54277 348.37981 512.97096 357.63477 511.99023 357.63477 C 511.37268 357.63477 509.96893 355.60688 508.87305 353.12891 C 506.76525 348.36279 502.0343 343.56102 497.65234 341.74023 C 493.74283 340.11575 480.14195 338.73548 475.96289 339.53906 C 469.88416 340.7079 467.99219 342.46966 467.99219 346.95898 C 467.99219 349.08656 468.57153 352.21233 469.2793 353.90625 C 469.98706 355.60018 470.56641 357.64174 470.56641 358.44336 C 470.56641 359.24498 467.86116 362.77007 464.55469 366.27539 C 461.24823 369.7807 458.315 373.36508 458.03516 374.24023 C 457.0211 377.4114 459.60348 383.61981 463.51953 387.42578 C 467.67426 391.46371 470.79482 392.15802 472.2832 389.37695 C 472.78825 388.43327 473.66899 387.66058 474.24219 387.66016 C 475.86403 387.65898 481.3065 381.64333 483.55273 377.36719 C 485.03042 374.55413 485.58008 372.11012 485.58008 368.35938 L 485.58008 363.21094 L 489.44141 363.5 C 491.56471 363.65891 493.9337 364.3563 494.70703 365.04883 C 495.48036 365.74135 497.98955 367.01747 500.2832 367.88477 C 506.38181 370.19088 506.32424 372.26977 499.99023 378.44531 C 497.2548 381.1123 493.47332 384.43277 491.58594 385.82617 C 489.69856 387.21956 486.41627 389.95852 484.29297 391.91211 C 482.16967 393.86569 477.82885 397.21237 474.64648 399.34766 C 468.79041 403.27693 466.27734 405.91501 466.27734 408.13672 C 466.27734 408.80798 465.21554 411.03784 463.91797 413.0918 C 462.6204 415.14578 461.09611 416.82729 460.53125 416.82812 C 459.96637 416.82898 457.68817 412.9704 455.46875 408.25195 C 453.24932 403.53351 451.14833 399.67188 450.79883 399.67188 C 450.44933 399.67187 449.92849 398.74071 449.64258 397.60156 C 448.91563 394.70514 437.12171 384.07275 431.72656 381.45117 C 429.26079 380.25301 424.92676 378.80328 422.0957 378.22852 C 419.26463 377.65375 416.40059 377.01905 415.73242 376.81836 C 414.26073 376.37633 421.55999 371.50631 429.19141 367.83789 C 448.80735 358.40849 458.55664 346.24252 458.55664 331.19336 C 458.55664 328.27784 458.91771 325.89258 459.35938 325.89258 C 459.80101 325.89258 461.0519 327.47457 462.13867 329.4082 C 466.33496 336.8745 474.80386 337.46935 476.94141 330.44727 C 477.59023 328.31584 488.54816 321.60352 491.37891 321.60352 C 492.36182 321.60352 495.67145 320.38277 498.73438 318.89062 C 503.33239 316.65062 507.23734 315.55583 510.70508 315.63867 z M 327.79102 332.75586 C 324.88017 332.75586 322.05752 336.56715 315.08203 349.91406 C 313.47914 352.98105 309.76451 359.70051 306.82617 364.8457 C 303.88781 369.99089 301.05008 375.82296 300.51953 377.80664 C 299.11436 383.0604 300.8326 388.51882 305.10742 392.38086 C 307.94025 394.94015 309.04009 395.38281 312.58203 395.38281 C 314.86666 395.38281 319.01639 394.58834 321.80273 393.61719 C 329.97387 390.76922 338.66563 388.549 341.71094 388.5332 C 345.07754 388.51572 349.18311 386.56151 349.92773 384.62109 C 350.64727 382.74582 350.60578 376.93976 349.86719 376.20117 C 349.54047 375.87445 349.15381 374.82384 349.00781 373.86719 C 347.91792 366.72552 341.30751 362.71902 333.94727 364.74023 C 331.28922 365.47017 330.62405 363.79173 332.8418 361.95117 C 333.53129 361.37895 334.34819 360.07764 334.6582 359.05859 C 334.96821 358.03955 335.78985 356.55759 336.48438 355.76562 C 337.17889 354.97368 338.10364 352.74067 338.53906 350.80273 C 339.20626 347.83325 339.00502 346.56711 337.26172 342.75586 C 335.19985 338.24814 329.99769 332.75586 327.79102 332.75586 z M 222.65234 388.68164 C 226.50948 388.63584 230.63624 389.37392 233.54492 390.79492 C 236.36037 392.17037 236.8528 392.85726 237.27148 395.99414 C 237.83576 400.22187 240.10765 403.10352 242.87695 403.10352 C 243.95559 403.10352 245.04764 403.44076 245.30273 403.85352 C 245.55783 404.26627 250.92655 407.15727 257.23438 410.27734 L 268.70312 415.95117 L 269.66016 421.7207 C 270.74743 428.28211 272.51768 431.18962 276.74219 433.34375 C 280.05633 435.03366 285.71124 435.34234 286.61328 433.88281 C 286.94072 433.35299 287.66699 431.13251 288.22852 428.94922 C 289.19806 425.17947 289.39715 424.98232 292.1875 425.04102 C 293.80357 425.07501 298.60106 425.7508 302.84766 426.54102 C 312.40196 428.31892 317.7881 428.36611 320.98047 426.70117 C 322.33198 425.99631 324.24048 425.41706 325.22266 425.41406 C 327.38063 425.40768 337.35692 422.46172 342.89258 420.19531 C 349.07682 417.66337 349.49937 418.15956 349.37695 427.83594 C 349.31922 432.39883 349.70763 437.48332 350.24023 439.13477 C 350.77283 440.78623 351.86978 444.53659 352.67773 447.46875 C 354.47895 454.00574 356.78511 456.34666 362.00977 456.93555 C 367.65376 457.57172 369.33398 455.84363 369.33398 449.40234 C 369.33398 446.70203 368.79823 443.19073 368.14258 441.59961 C 366.07701 436.58695 365.56384 428.55462 367.11719 425.55078 C 368.68682 422.51545 368.86032 418.80571 367.58789 415.45898 C 367.09851 414.17181 367.00523 412.81118 367.38086 412.43555 C 367.75649 412.05992 370.57005 411.14475 373.63281 410.40234 C 376.69559 409.65993 379.87013 408.67924 380.68945 408.22266 C 384.26993 406.22739 386.6241 408.23198 384.76953 411.69727 C 383.37003 414.31227 381.51116 438.64269 382.36523 443.16992 C 382.74778 445.19776 383.37878 448.49661 383.76758 450.50195 C 384.66516 455.13156 389.54635 463.77989 391.63672 464.44336 C 392.51277 464.7214 394.60883 464.37245 396.29492 463.66797 C 399.2668 462.42621 399.36036 462.24664 399.34766 457.83789 C 399.34044 455.33662 399.04221 452.82975 398.68359 452.26562 C 397.85696 450.96538 399.01179 432.83623 400.17578 428.83984 C 400.65678 427.18838 402.02519 422.52403 403.2168 418.47461 C 404.55059 413.94194 405.29712 409.49192 405.16016 406.89453 C 404.95461 402.99617 405.09647 402.65305 407.03906 402.37891 C 409.36416 402.05078 424.29197 405.27223 427.67188 406.83203 C 432.63368 409.12186 439.63734 414.59936 442.24219 418.22656 C 445.74254 423.10069 446.74189 430.88375 444.48438 435.70508 C 440.19634 444.86297 429.92955 457.50065 422.95312 462.20898 C 417.39925 465.95724 408.22533 470.00856 402.03125 471.44727 C 398.91094 472.17202 395.17364 473.1122 393.72461 473.53711 C 392.27557 473.96202 387.44901 474.26278 383 474.20508 C 375.32021 474.10553 374.54227 473.91698 367.61914 470.48828 C 363.60847 468.50198 357.62518 466.17575 354.32227 465.32031 C 342.57181 462.27695 331.16418 457.97957 323.92188 453.86523 C 319.88107 451.56965 314.25685 449.01557 311.42578 448.19141 C 308.59472 447.36724 304.15569 445.92054 301.56055 444.97656 C 289.77616 440.69005 281.73864 438.2764 275.39453 437.11719 C 271.61978 436.42746 266.34879 435.26144 263.67969 434.52734 C 261.01061 433.79324 253.82284 432.61096 247.70898 431.89844 C 241.59513 431.18592 235.58947 430.22084 234.36133 429.75391 C 232.36657 428.9955 214.55623 426.52692 210.19531 426.4043 C 206.8019 426.30889 198.09879 423.90242 194.49609 422.06445 C 189.63664 419.58535 187.46094 417.30183 187.46094 414.68164 C 187.46094 410.533 208.45354 392.31396 216.32227 389.63281 C 218.12219 389.01952 220.33806 388.70912 222.65234 388.68164 z M 240.8457 456.9043 C 241.4914 456.9053 242.34353 457.01839 243.41992 457.22656 C 245.43543 457.61635 248.98924 457.95206 251.31836 457.97266 C 253.64748 457.99321 258.28028 458.77336 261.61328 459.70703 C 264.94629 460.64069 271.92104 462.13204 277.11133 463.02148 C 282.30162 463.91093 288.2849 465.41686 290.4082 466.36914 C 296.70368 469.19262 307.74132 473.3564 311.42578 474.29688 C 315.8085 475.4156 323.23091 480.0729 322.78125 481.42188 C 322.59221 481.989 321.11856 482.70963 319.50586 483.02344 C 317.89315 483.33726 314.83619 484.24782 312.71289 485.04688 C 308.35921 486.68531 296.23888 487.50135 292.98242 486.375 C 291.80281 485.96699 289.09267 485.59388 286.96094 485.54688 C 284.31571 485.48852 282.05538 484.76135 279.83984 483.25586 C 278.05439 482.04261 275.33483 480.84528 273.79688 480.5957 C 272.25892 480.34612 268.70839 478.83831 265.90625 477.24414 C 263.10412 475.64998 259.84563 473.90474 258.66602 473.36523 C 256.6541 472.44506 253.03343 470.60223 247.12891 467.49219 C 244.19077 465.94461 242.00295 463.69797 240.16797 460.34375 C 238.83279 457.90312 238.9086 456.90129 240.8457 456.9043 z M 588.15039 592.83008 C 593.51922 592.83912 594.10352 594.72772 594.10352 602.11133 C 594.10352 616.95401 590.74725 626.7128 580.33008 642.15039 C 576.23655 648.21674 572.35227 653.26593 571.69922 653.36914 C 571.04617 653.47234 569.08408 652.79838 567.33984 651.87109 C 565.5956 650.9438 561.73593 649.79603 558.76172 649.32031 C 555.78752 648.8446 551.42367 648.04468 549.06445 647.54492 C 546.70523 647.04516 542.84556 646.37257 540.48633 646.04883 C 534.8287 645.27247 534.57485 643.49628 539.23633 637.29492 C 541.18102 634.70784 543.52331 631.23934 544.44141 629.58789 C 545.35951 627.93643 546.86003 625.42725 547.77539 624.01172 C 551.68618 617.96398 552.36094 615.58046 552.27344 608.14062 C 552.22628 604.12995 552.06322 600.08563 551.91211 599.15234 C 551.60947 597.2832 550.94102 597.46101 567.50977 595.01562 C 572.46413 594.28441 579.71218 593.41345 583.61719 593.08008 C 585.41722 592.92641 586.91143 592.82799 588.15039 592.83008 z M 530.92188 601.30859 C 532.33554 601.30314 532.34753 602.76706 531.94531 605.98633 C 531.34323 610.80524 527.09955 618.07263 514.15625 636.45117 C 508.91178 643.89792 506.23715 650.8631 506.92188 655.29492 C 507.17958 656.96294 507.64073 659.87239 507.94727 661.75977 C 508.64015 666.02596 511.13812 668.83997 515.12109 669.83984 C 516.80328 670.26213 523.39183 670.85907 529.76172 671.16602 C 545.51887 671.92531 556.44991 673.09054 557.48242 674.12305 C 558.43915 675.07978 553.25252 681.72253 551.45117 681.84766 C 550.87625 681.88761 548.77161 684.14042 546.77539 686.85352 C 544.77917 689.56662 540.66842 694.10252 537.64062 696.93359 C 534.61282 699.76465 531.42453 703.22028 530.55469 704.61133 C 528.44131 707.99102 521.28679 716.38748 508.38086 730.63672 C 502.51966 737.10799 496.21174 744.33219 494.36328 746.69141 C 488.01609 754.79249 486.41449 756.70021 476.48438 767.98242 C 471.00989 774.20233 465.65878 780.06412 464.59375 781.00781 C 463.52872 781.9515 460.67942 785.23379 458.26172 788.30078 C 444.96685 805.16605 420.12516 832.56481 392.73047 860.57812 C 385.00162 868.48153 378.01219 874.94727 377.19922 874.94727 C 376.38625 874.94727 374.94836 874.40565 374.00391 873.74414 C 373.05947 873.08263 370.63895 872.09752 368.62305 871.55469 C 366.60713 871.01186 364.71514 869.93928 364.41992 869.16992 C 364.11987 868.38801 364.83644 866.04364 366.04492 863.85352 C 372.527 852.10618 376.59116 845.14217 378.32422 842.81445 C 379.39336 841.37845 381.49374 837.69394 382.99023 834.62695 C 384.48673 831.55996 387.43075 826.21883 389.5332 822.75781 C 391.63565 819.29678 393.35547 816.17732 393.35547 815.82617 C 393.35547 815.47502 395.0935 812.13997 397.2168 808.41406 C 399.3401 804.68815 401.07617 801.00204 401.07617 800.22266 C 401.07617 799.44329 401.61449 798.35972 402.27148 797.81445 C 402.92849 797.26919 403.93842 795.58035 404.51562 794.0625 C 405.66463 791.04108 420.94893 760.26944 423.35742 756.12891 C 424.18081 754.71338 425.65338 752.14723 426.62891 750.42578 C 427.60446 748.70433 430.62291 743.87777 433.33594 739.70117 C 436.04896 735.52457 439.64744 729.98165 441.33398 727.38281 C 444.62369 722.31358 448.92686 716.80558 459.93555 703.56641 C 471.22837 689.98555 472.72643 685.04436 468.33789 675.86133 C 464.80801 668.47503 459.90319 665.63651 455.10742 668.20312 C 453.67108 668.97183 449.12961 675.22568 446.77539 679.67578 C 446.30512 680.5647 436.11228 691.18079 424.125 703.26758 C 412.13771 715.35438 401.14907 726.59659 399.70703 728.24805 C 398.265 729.8995 393.06106 735.02343 388.14258 739.63672 C 360.38053 765.67617 354.13156 771.67403 343.59766 782.38086 C 337.22777 788.85535 331.38281 794.47707 330.60938 794.87305 C 329.83594 795.26901 323.32801 801.09263 316.14648 807.81641 C 308.96496 814.54019 302.56428 820.04297 301.92188 820.04297 C 301.27949 820.04297 299.10116 818.88229 297.08203 817.46484 C 292.9068 814.53378 285.97641 811.77172 274.25 808.36328 C 273.48693 808.14148 274.26859 806.70821 276.5957 804.06445 C 278.51553 801.88341 281.40584 798.12018 283.01758 795.70117 C 284.62933 793.28217 288.53027 788.40798 291.68555 784.86914 C 297.48561 778.36402 298.62119 776.88286 304.25391 768.49805 C 305.97125 765.94165 310.18633 760.95485 313.61914 757.41602 C 317.05194 753.87719 320.9736 749.43815 322.33594 747.55078 C 326.19987 742.19771 329.76001 738.02332 336.88867 730.49023 C 340.5123 726.66103 344.51979 721.98504 345.79492 720.09766 C 349.33997 714.85053 350.67746 713.26045 360.13281 703.03906 C 398.01821 662.08428 404.27335 655.26841 411.91406 646.63477 C 414.68241 643.50666 419.84398 637.76151 423.38281 633.86719 C 426.92164 629.97288 431.22447 624.56985 432.94531 621.85938 C 436.87552 615.6689 437.67611 615.18221 438.20312 618.6582 C 438.43505 620.18791 439.29532 623.75488 440.11523 626.58594 C 441.79802 632.39634 446.05912 637.31055 449.41602 637.31055 C 451.9887 637.31055 456.68461 634.14691 460.68164 629.72266 C 463.56259 626.53379 468.12794 624.00489 469.15234 625.0293 C 469.39826 625.27521 469.19696 626.49704 468.70508 627.74609 C 467.13036 631.74476 467.63977 640.89049 469.70508 645.69141 C 471.99224 651.00807 473.73027 652.67693 477.63477 653.31055 C 480.12321 653.71437 481.10675 653.36617 483.48828 651.23828 C 486.06809 648.93322 486.4056 648.08104 486.90625 642.61914 C 487.51551 635.97213 486.93866 636.93412 498.48242 623.33984 C 502.47779 618.63478 504.88281 615.04781 504.88281 613.79297 C 504.88281 612.6875 505.48686 611.2822 506.22461 610.66992 C 507.80569 609.35774 515.79714 606.49333 517.99023 606.45312 C 518.8294 606.43771 521.81108 605.26709 524.61523 603.85156 C 527.87545 602.20581 529.82236 601.31284 530.92188 601.30859 z M 396.32812 763.80273 C 396.68125 763.86763 396.6213 764.32488 396.29883 765.35742 C 395.96847 766.41516 393.36595 771.91404 390.51562 777.57617 C 387.66528 783.2383 384.39016 789.76918 383.23828 792.08789 C 382.08641 794.40661 379.74135 798.41475 378.02734 800.99609 C 376.31333 803.57742 374.53895 806.31213 374.08398 807.07422 C 373.62901 807.8363 372.22572 810.0052 370.9668 811.89258 C 369.70788 813.77996 368.05649 816.67471 367.29688 818.32617 C 366.53725 819.97762 362.41527 827.11961 358.13672 834.19727 C 353.85818 841.27494 349.38709 849.09313 348.20117 851.57031 C 346.53428 855.05215 345.62133 856.05207 344.17773 855.98047 C 342.33328 855.88894 333.44266 851.55828 332.50195 850.29297 C 331.52772 848.98258 324.2162 844.23148 321.29297 843.00977 C 315.13868 840.43768 315.27568 839.7757 323.60156 831.92578 C 327.75743 828.00748 341.00313 815.09406 353.03516 803.22852 C 377.35191 779.24823 392.66197 765.03491 395.21289 764.07227 C 395.75608 763.86728 396.11625 763.7638 396.32812 763.80273 z M 235.375 797.09375 C 235.82456 797.1257 236.6251 797.62819 237.73047 798.66211 C 240.27175 801.03914 241.04132 802.35599 241.83398 805.67188 C 242.23232 807.33823 242.06686 808.03125 241.26758 808.03125 C 239.77387 808.03125 238.07617 806.28321 238.07617 804.74414 C 238.07617 804.06848 237.25923 802.19603 236.26172 800.58203 C 234.84931 798.29669 234.62573 797.0405 235.375 797.09375 z M 249.25977 821.75781 C 250.14217 821.74616 251.49746 822.02749 252.45703 822.51562 C 253.27636 822.93242 254.91219 823.6518 256.0918 824.11328 C 257.27141 824.57477 259.63771 825.55486 261.34961 826.29297 C 263.06152 827.03108 266.9212 828.07694 269.92773 828.61523 C 272.93427 829.15351 276.16764 830.02553 277.11133 830.55273 C 278.05502 831.07995 280.17394 831.73545 281.82031 832.00977 C 283.63819 832.31265 284.91965 833.05885 285.08398 833.91211 C 285.47749 835.95547 280.87773 840.80147 276.04883 843.42969 C 273.74825 844.68182 270.26975 845.96141 268.31836 846.27344 C 265.04562 846.79678 264.64904 846.64596 263.21875 844.32422 C 262.36592 842.93987 260.78651 840.67378 259.70898 839.28906 C 257.42713 836.35669 248.37109 822.63739 248.37109 822.11328 C 248.37109 821.87702 248.73032 821.7648 249.25977 821.75781 z M 319.67969 866.50586 C 320.59354 866.59777 322.25462 867.4925 324.70117 869.26953 C 327.30252 871.15899 328.7085 872.89699 329.07031 874.66602 C 330.00784 879.25007 334.89068 886.74243 338.27148 888.78516 C 340.02139 889.84247 342.54513 891.60096 343.87891 892.69336 C 346.98327 895.23599 350.26085 895.21464 353.76562 892.62891 C 355.85059 891.09067 357.54444 890.60882 360.54688 890.69922 C 364.08402 890.80567 364.77897 891.15969 366.51953 893.74414 L 368.49023 896.66797 L 366.55273 899.92188 C 365.48752 901.71119 362.36815 905.53071 359.61914 908.41016 C 356.87012 911.28961 353.69174 913.99817 352.55664 914.42969 C 350.29447 915.28973 350.12544 915.09791 346.55469 907.54883 C 345.55037 905.42553 344.08754 903.15732 343.30469 902.50977 C 342.52183 901.86215 341.88281 901.01028 341.88281 900.61719 C 341.88281 899.84354 338.88592 895.30207 336.55078 892.53516 C 322.66498 876.08188 316.41594 866.17759 319.67969 866.50586 z " />
    <path
       style="fill:#ff0000;fill-opacity:1;stroke-width:0.930918;stroke-dashoffset:0.5"
       d="m 301.47783,399.4968 c -10.70992,-1.4986 -26.8116,-5.87886 -30.3264,-8.24992 -2.43761,-1.6444 -4.41209,-4.28269 -5.05005,-6.74788 -0.78374,-3.02851 -2.6638,-5.05747 -7.46607,-8.05739 -8.63924,-5.39681 -11.24041,-6.42763 -23.66651,-9.37883 -18.86897,-4.48136 -24.66966,-3.38719 -39.98283,7.54188 l -6.73817,4.80905 -1.79572,-4.66992 c -1.31756,-3.42639 -1.74238,-9.44208 -1.5954,-22.59143 0.18909,-16.91614 0.48069,-18.91355 5.19792,-35.6049 6.3954,-22.6293 17.62611,-43.91849 21.48077,-40.71941 2.51029,2.08336 7.57853,-0.49949 15.65772,-7.9794 15.56411,-14.40961 51.19304,-41.24766 54.75847,-41.24766 2.0413,0 3.85788,6.90667 4.85871,18.4729 1.51918,17.55665 3.39415,23.09264 9.97953,29.46532 3.25576,3.1506 7.76497,8.07774 10.02047,10.9492 2.25549,2.87147 7.10883,7.49186 10.7852,10.26754 5.25624,3.9685 7.6391,6.97861 11.15346,14.08944 5.85832,11.8535 7.58749,13.3648 14.09995,12.32342 4.55686,-0.72867 5.01328,-0.58109 4.25856,1.37698 -0.46492,1.20622 -1.13548,7.735 -1.49014,14.5084 -0.61498,11.74543 -0.48292,12.62868 2.85417,19.08867 1.92443,3.72537 4.68679,7.34922 6.13857,8.053 1.45177,0.70378 3.41059,1.9195 4.35294,2.70157 0.94234,0.78208 5.01208,1.59172 9.04387,1.79921 l 7.33053,0.37725 0.80166,4.92611 c 0.51328,3.15401 0.29754,5.26182 -0.59973,5.85932 -0.77075,0.51327 -6.94325,2.6571 -13.71665,4.76407 -6.7734,2.10695 -18.68842,5.96055 -26.47783,8.56352 -13.67611,4.57012 -25.69109,6.45392 -33.867,5.30989 z m 32.63547,-8.49503 c 14.02754,-3.25975 15.76978,-4.10024 16.63144,-8.02337 1.037,-4.72139 -1.56045,-12.8161 -5.21347,-16.24732 -2.25083,-2.11415 -4.35631,-2.78532 -8.45844,-2.69626 -4.84411,0.10517 -5.28384,-0.1037 -3.88909,-1.8473 7.77882,-9.72422 7.75796,-17.89877 -0.0671,-26.28851 -5.90758,-6.33389 -8.75161,-4.25506 -18.60467,13.59901 -16.73023,30.31569 -17.69644,33.90968 -11.12768,41.39108 4.40622,5.01841 7.00837,5.64608 15.33491,3.69898 3.3867,-0.79196 10.31404,-2.4058 15.39409,-3.58631 z m -43.4268,-40.58051 c 15.29458,-7.12074 24.28921,-20.40269 24.22105,-35.76609 -0.0694,-15.63242 -7.5545,-26.47782 -26.25976,-38.04842 -24.03849,-14.8696 -29.89899,-16.28258 -37.82453,-9.11959 -1.44376,1.30485 -6.23415,3.12758 -10.6453,4.05052 -9.80439,2.05134 -17.01566,5.59971 -20.60686,10.13978 -2.41897,3.05811 -2.65358,4.53953 -2.21136,13.96336 0.4234,9.02254 1.15227,11.92693 5.05607,20.14722 9.13995,19.24613 12.16347,21.35247 50.7369,35.34599 8.07381,2.92897 9.86837,2.85603 17.53379,-0.71277 z"
       id="path50" />
    <path
       style="fill:#ff0000;fill-opacity:1;stroke-width:0.930918;stroke-dashoffset:0.5"
       d="m 451.84766,308.06758 c -16.82917,-25.31469 -42.15171,-27.63866 -80.6119,-7.39815 -7.69225,4.04821 -14.21894,7.12736 -14.50375,6.84255 -1.31219,-1.31219 13.12745,-17.78239 18.50464,-21.10685 5.1913,-3.20953 7.16269,-3.70047 15.00479,-3.73664 5.6375,-0.026 9.61971,-0.63308 10.60305,-1.61642 2.3993,-2.39931 1.65085,-10.6241 -1.41874,-15.59082 -3.78547,-6.12502 -8.779,-8.4944 -15.90569,-7.54709 l -5.68755,0.756 4.92611,-4.46438 c 9.97037,-9.03584 28.70097,-20.17124 33.98401,-20.2036 1.08036,-0.007 2.93383,1.05929 4.11882,2.36869 2.12709,2.35041 9.31096,23.33617 9.31096,27.1995 0,4.43413 3.95281,14.87266 7.00587,18.50102 3.66764,4.35874 4.8682,4.3882 20.9164,0.51329 4.85847,-1.1731 9.64241,-1.82254 10.63097,-1.4432 1.81622,0.69695 7.01327,14.27791 7.01327,18.3271 0,1.20577 -1.58516,3.01202 -3.52258,4.0139 -1.93742,1.00188 -6.07632,4.30355 -9.19755,7.33704 l -5.67498,5.51545 z"
       id="path52" />
    <path
       style="fill:#ff0000;fill-opacity:1;stroke-width:0.930918;stroke-dashoffset:0.5"
       d="m 326.10837,276.31607 -13.54679,-12.95274 8.76728,-8.38252 c 9.8433,-9.41132 19.68431,-15.81494 21.50547,-13.99377 0.64286,0.64286 1.99742,5.28906 3.01013,10.32489 1.01271,5.03583 2.11246,10.36026 2.44387,11.83207 0.33142,1.47181 2.07592,4.42699 3.87668,6.56707 l 3.2741,3.89105 -7.89197,7.83334 -7.89197,7.83335 z"
       id="path54" />
    <path
       style="fill:#ff0000;fill-opacity:1;stroke-width:0.930918;stroke-dashoffset:0.5"
       d="m 454.80601,405.51843 c -8.193,-15.63949 -20.18917,-25.57008 -34.024,-28.16551 -4.27636,-0.80225 -4.41542,-0.96555 -2.20512,-2.58942 1.29749,-0.95324 6.81278,-4.16399 12.25621,-7.13501 5.44343,-2.97101 12.46282,-7.66024 15.59865,-10.42051 6.05905,-5.33338 12.05473,-15.72184 12.0826,-20.935 0.009,-1.7297 0.32609,-4.29665 0.7041,-5.70435 0.64816,-2.41379 0.92056,-2.32617 4.78614,1.5394 2.25437,2.25438 5.22307,4.09887 6.5971,4.09887 2.47366,0 6.36875,-2.96415 6.36875,-4.84659 0,-3.5958 25.97222,-14.85785 34.26476,-14.85785 3.36046,0 5.34958,1.11292 9.61785,5.38118 4.79073,4.79073 5.30147,5.83798 4.65472,9.54434 -0.91599,5.24933 -6.98441,17.81958 -10.86652,22.50912 l -2.95337,3.56765 -2.46054,-4.79917 c -4.65131,-9.07214 -9.58108,-12.06696 -22.21663,-13.49651 -9.94662,-1.12533 -15.74585,0.0892 -18.18238,3.80777 -1.68364,2.56955 -1.75202,3.8916 -0.47635,9.20919 1.65454,6.8969 1.82806,6.46397 -6.6069,16.48426 -4.18741,4.9744 -4.65985,6.17146 -3.94326,9.99124 0.87999,4.69074 8.09222,12.92409 11.32122,12.92409 2.4133,0 12.39846,-9.3533 14.72535,-13.79353 0.95851,-1.82904 1.74274,-5.75966 1.74274,-8.7347 v -5.40917 l 4.00247,0.74259 c 4.08832,0.75853 14.47044,5.7669 14.47044,6.9806 0,3.04209 -12.11708,14.20501 -29.87628,27.52366 -4.76728,3.57526 -7.85103,7.03308 -9.40478,10.54559 -1.27147,2.87436 -2.79647,5.52568 -3.3889,5.89182 -0.59242,0.36614 -3.55706,-4.06818 -6.58807,-9.85405 z"
       id="path56" />
    <path
       style="fill:#ff0000;fill-opacity:1;stroke-width:0.930918;stroke-dashoffset:0.5"
       d="m 719.0754,207.09572 c -2.87061,-0.65259 -3.85869,-1.79237 -4.96012,-5.72163 -1.57836,-5.63066 -5.11483,-7.97874 -12.05823,-8.00618 -4.07511,-0.0161 -4.86378,-0.54854 -6.9921,-4.72039 -2.65853,-5.21115 -10.2507,-12.58073 -16.0505,-15.57992 -2.07248,-1.07172 -3.77356,-2.62709 -3.78018,-3.45637 -0.007,-0.82928 -1.36469,-4.41317 -3.01794,-7.96419 -6.86133,-14.73748 -23.04136,-12.85147 -27.86488,3.24803 -1.45986,4.87257 -0.67781,7.43113 5.94625,19.45374 2.39818,4.35267 12.66205,10.13848 18.40556,10.37533 2.47837,0.1022 2.78765,0.31532 1.08678,0.74887 -1.3076,0.33331 -6.57237,-0.055 -11.69951,-0.86295 -15.49838,-2.44221 -27.1792,-11.47147 -27.1792,-21.00949 0,-1.17714 2.48633,-6.81407 5.52517,-12.5265 5.7392,-10.78858 11.25775,-16.09279 20.96132,-20.1472 5.37004,-2.24375 6.34824,-1.727 7.94316,4.1961 2.78639,10.34787 12.9112,14.7472 19.49324,8.46999 3.68885,-3.518 14.51326,-8.57395 17.15657,-8.01362 1.21597,0.25776 0.60085,2.05822 -2.219,6.49497 -5.06483,7.96902 -5.7815,13.50269 -2.66204,20.55474 1.77187,4.0056 3.68178,6.09578 7.01561,7.67779 5.53044,2.62436 8.6009,1.9953 14.94368,-3.06159 4.90946,-3.91415 13.06132,-8.52604 15.07041,-8.52604 0.635,0 0.57856,1.98915 -0.13199,4.65123 -2.09695,7.85623 -0.11537,16.16873 5.00574,20.99857 l 4.42106,4.1696 -2.99792,2.37082 c -7.11455,5.62635 -14.46284,7.75447 -21.36094,6.18629 z"
       id="path58" />
    <path
       style="fill:#ff0000;fill-opacity:1;stroke-width:0.930918;stroke-dashoffset:0.5"
       d="m 666.43182,242.69822 c -6.96751,-2.22457 -10.71743,-5.43795 -12.84399,-11.00627 -1.16833,-3.05925 -4.32524,-7.95007 -7.01535,-10.86849 l -4.8911,-5.30622 h 3.61696 c 1.98932,0 8.29451,1.18432 14.01152,2.63182 9.47042,2.39782 11.23263,2.49599 19.82069,1.10417 5.4169,-0.87788 10.19938,-1.08061 11.24412,-0.47664 0.9999,0.57805 5.48098,4.49045 9.95795,8.69422 l 8.13996,7.64322 -11.37915,3.63064 c -12.31033,3.92775 -25.43998,5.6207 -30.66161,3.95355 z"
       id="path60" />
    <path
       style="fill:#ff0000;fill-opacity:1;stroke-width:0.930918;stroke-dashoffset:0.5"
       d="m 71.182266,251.12359 c -5.418719,-4.78194 -10.021111,-9.16024 -10.227538,-9.72956 -0.206427,-0.56932 2.168527,-2.78533 5.277676,-4.92448 l 5.652997,-3.88937 4.309512,3.7838 c 5.512134,4.83972 9.275246,4.83824 13.350784,-0.005 3.655503,-4.34432 3.899298,-7.00379 1.402552,-15.29984 -1.181159,-3.92467 -1.396716,-6.66045 -0.636685,-8.08058 1.321516,-2.46927 9.404893,-8.99649 12.555606,-10.13847 4.51899,-1.63792 28.04416,22.88355 28.04416,29.23185 0,1.49119 -0.93805,5.44237 -2.08455,8.7804 l -2.08454,6.06913 -0.98334,-4.65825 c -1.40852,-6.67235 -4.12797,-11.39248 -8.25802,-14.33333 -5.74004,-4.08727 -9.43843,-3.38266 -13.15607,2.50646 -1.75912,2.78663 -5.277007,7.35867 -7.817519,10.1601 -2.540513,2.80142 -6.94463,8.28007 -9.786926,12.17478 -2.842297,3.8947 -5.288879,7.07358 -5.436848,7.06418 -0.147969,-0.009 -4.702532,-3.92959 -10.121251,-8.71153 z"
       id="path62" />
    <path
       style="fill:#ff0000;fill-opacity:1;stroke-width:0.930918;stroke-dashoffset:0.5"
       d="m 39.323012,286.63793 c -0.40842,-1.52401 -0.750149,-4.8798 -0.759398,-7.45729 -0.01602,-4.46492 0.288698,-4.82497 6.448701,-7.61973 10.054364,-4.5616 12.276057,-4.81564 16.063154,-1.8367 4.058437,3.19236 4.18857,5.75231 0.562462,11.06459 -3.579536,5.24405 -10.027108,8.62007 -16.462767,8.62007 -4.25777,0 -5.233363,-0.46194 -5.852152,-2.77094 z"
       id="path64" />
    <path
       style="fill:#ff0000;fill-opacity:1;stroke-width:0.930918;stroke-dashoffset:0.5"
       d="m 63.06138,338.7964 c -6.826434,-6.11343 -6.122398,-7.72288 5.981223,-13.67325 12.002568,-5.90069 13.83917,-7.80554 13.83917,-14.35343 0,-5.83989 0.411805,-6.06444 7.323678,-3.99359 4.270677,1.27952 5.337122,0.95293 18.587219,-5.69224 7.73113,-3.87731 15.84661,-8.41496 18.03441,-10.08367 2.18779,-1.66872 4.47992,-2.7237 5.09362,-2.34442 1.87906,1.16133 4.25709,11.54463 3.41364,14.90517 -0.73746,2.9383 -8.53095,16.72761 -12.44531,22.01995 -1.62783,2.20087 -2.0834,2.06729 -10.0802,-2.95567 -4.60643,-2.8934 -9.94187,-6.56306 -11.85652,-8.15481 -4.221587,-3.50961 -8.335042,-3.70411 -11.20764,-0.52993 -2.03598,2.24974 -2.015179,2.6453 0.429786,8.17254 1.413127,3.19461 4.506774,8.50517 6.874772,11.80126 2.367999,3.29608 4.305452,6.23472 4.305452,6.53032 0,0.72391 -8.111249,1.66392 -21.667684,2.51107 l -11.199704,0.69988 z"
       id="path66" />
    <path
       style="fill:#ff0000;fill-opacity:1;stroke-width:0.930918;stroke-dashoffset:0.5"
       d="m 288.28877,485.18605 c -3.18994,-0.5376 -13.83636,-4.85905 -23.65871,-9.60321 -22.87567,-11.04887 -29.89967,-17.45476 -19.13901,-17.45476 17.37888,0 75.69122,17.51847 75.69122,22.73951 0,1.69961 -15.00987,5.4312 -21.55173,5.35796 -3.04803,-0.0341 -8.15182,-0.5019 -11.34177,-1.0395 z"
       id="path70" />
    <path
       style="fill:#ffffff;fill-opacity:1;stroke-width:0.930918;stroke-dashoffset:0.5"
       d="m 375.63732,472.84506 c -2.56204,-0.63158 -6.37571,-2.03645 -8.47481,-3.12194 -2.09911,-1.0855 -10.26992,-4.06992 -18.15736,-6.63205 -7.88743,-2.56214 -18.75973,-6.87365 -24.16065,-9.58113 -13.83262,-6.93428 -41.36462,-15.60585 -60.92824,-19.19016 -25.87705,-4.74101 -39.3841,-6.94162 -47.4138,-7.7248 -11.60604,-1.13199 -21.29586,-4.1855 -25.37552,-7.99648 -3.64285,-3.40293 -3.66668,-3.5059 -1.55648,-6.72648 2.9981,-4.57566 18.36963,-17.29377 24.47266,-20.2482 9.658,-4.67536 21.12882,-1.81461 23.04122,5.74633 0.87979,3.47834 2.6396,4.73556 16.37188,11.69622 12.92879,6.55337 15.38614,8.24836 15.38614,10.61275 0,4.34675 3.12683,10.81803 6.30157,13.0417 1.57694,1.10453 4.97446,2.00824 7.55004,2.00824 4.24696,0 4.75363,-0.35377 5.44296,-3.80042 0.41805,-2.09024 1.5714,-4.11176 2.563,-4.49228 0.99161,-0.38051 7.14741,0.0111 13.67957,0.87029 l 11.87666,1.56213 13.5468,-4.00048 c 21.17107,-6.25201 19.08867,-6.62617 19.08867,3.42984 0,9.93329 3.68456,23.39851 7.29732,26.66802 2.97431,2.6917 10.88956,3.09389 12.54454,0.63741 0.68865,-1.02219 0.84734,-4.68221 0.37105,-8.55924 -0.45763,-3.72536 -0.8978,-12.99358 -0.97815,-20.59604 l -0.14609,-13.82264 7.96445,-2.43293 c 4.38046,-1.33811 8.13798,-2.25941 8.35005,-2.04734 0.21207,0.21207 -0.24433,4.44547 -1.01422,9.40756 -0.7699,4.96209 -1.1712,14.59742 -0.89177,21.41186 0.42992,10.48463 1.02591,13.39301 3.8757,18.91326 3.8045,7.3696 5.15896,8.26377 9.82853,6.4884 l 3.2912,-1.25131 v -13.95019 c 0,-10.90511 0.667,-16.48979 3.05572,-25.58467 1.68066,-6.39896 3.06612,-13.71268 3.07882,-16.2527 0.0265,-5.30604 -0.41642,-5.19493 11.07421,-2.7778 10.0721,2.11873 14.25923,4.05826 20.39912,9.44916 10.14512,8.90754 10.61319,16.55488 1.81807,29.70466 -7.40758,11.07526 -13.56879,16.84273 -23.17025,21.68953 -12.50631,6.31317 -30.79876,9.72079 -40.00261,7.45192 z"
       id="path72" />
    <path
       style="fill:#ffffff;fill-opacity:1;stroke-width:0.930918;stroke-dashoffset:0.5"
       d="m 364.53616,351.30638 c -0.58361,-7.71666 -0.28614,-10.51374 1.5626,-14.69314 5.31304,-12.011 33.29669,-25.03689 53.78702,-25.03689 10.50673,0 14.35757,1.87481 18.87963,9.19165 2.60435,4.21393 2.60473,4.22983 0.21237,8.90654 -3.69763,7.22832 -10.61547,13.56173 -19.94497,18.25999 -4.67684,2.35522 -9.00969,4.28222 -9.62856,4.28222 -0.61886,0 -1.50777,-2.0782 -1.97535,-4.61823 -1.1602,-6.30253 -4.79541,-14.30001 -7.92048,-17.42508 -3.9783,-3.97829 -12.26334,-3.57574 -16.45406,0.79947 -4.59255,4.79472 -7.12881,11.62558 -7.94901,21.40889 l -0.70889,8.45564 h -4.56973 -4.56974 z"
       id="path74" />
    <path
       style="fill:#ffffff;fill-opacity:1;stroke-width:0.930918;stroke-dashoffset:0.5"
       d="m 281.15764,320.61749 c 0,-12.36013 -6.99878,-22.58793 -15.45669,-22.58793 -3.20311,0 -4.79315,0.95737 -7.67011,4.61822 -4.65223,5.91985 -7.66138,11.82122 -7.66138,15.02505 0,6.22716 -9.97851,0.69376 -13.49662,-7.48431 -3.31568,-7.70751 -3.17111,-10.43534 0.74541,-14.06506 3.74003,-3.46614 7.30805,-3.78367 13.49033,-1.20055 4.17247,1.74337 4.48371,1.69035 7.44178,-1.26772 4.12219,-4.12219 12.16811,-5.24994 17.5606,-2.46138 6.01123,3.10853 18.43086,12.85146 19.91342,15.62165 2.81,5.25053 -2.7793,14.58334 -11.40518,19.04396 l -3.46156,1.79004 z"
       id="path76" />
    <path
       style="fill:#008080;fill-opacity:1;stroke-width:0.930918;stroke-dashoffset:0.5"
       d="m 455.3952,597.82718 c -1.00307,-1.64978 -2.77545,-4.52361 -3.93862,-6.38629 -2.15064,-3.44401 -18.63188,-35.58199 -30.70679,-59.87744 -3.65944,-7.36302 -8.9294,-17.21815 -11.71103,-21.90032 -2.78162,-4.68217 -4.84491,-8.70351 -4.58507,-8.93633 0.25983,-0.23282 6.95375,-3.5976 14.87538,-7.4773 18.43144,-9.027 26.67308,-16.30546 35.35571,-31.2238 5.26842,-9.05209 7.04188,-11.13212 9.99499,-11.72274 2.36231,-0.47246 4.61947,-2.31072 6.59988,-5.37503 4.61876,-7.14664 15.69801,-19.01837 51.57145,-55.26033 18.1223,-18.30846 34.70013,-35.74874 36.83964,-38.75618 2.13951,-3.00744 7.0524,-8.79319 10.91756,-12.85723 3.86515,-4.06404 8.34643,-9.35162 9.95839,-11.75017 1.61197,-2.39855 11.46535,-15.01321 21.89643,-28.03258 15.62587,-19.50319 20.14188,-24.3446 25.6456,-27.49351 3.67401,-2.10205 7.27848,-5.13541 8.00994,-6.74078 0.73146,-1.60538 2.68184,-3.80468 4.33418,-4.88733 2.86462,-1.87697 3.32807,-1.77074 9.9703,2.28543 3.83131,2.33964 8.997,4.90763 11.4793,5.70665 l 4.51329,1.45275 -4.08133,8.8677 c -3.27771,7.12168 -5.47569,9.97929 -11.16309,14.51326 -3.89498,3.10505 -11.0167,10.69617 -15.82605,16.86915 -14.87318,19.09026 -47.93617,59.31856 -60.44495,73.5444 -6.55144,7.45074 -15.88632,18.81158 -20.74419,25.24631 -13.68798,18.13112 -25.36127,31.59076 -38.26461,44.12021 -11.25563,10.92947 -11.82605,11.7333 -11.79809,16.62561 0.0567,9.92244 1.87288,14.25835 8.7947,20.99642 3.61351,3.51757 11.65369,12.74993 17.86708,20.51633 6.21338,7.7664 16.94485,20.2168 23.84771,27.66754 12.29695,13.27299 23.35276,27.41769 23.35276,29.87735 0,0.6817 -1.24693,1.50755 -2.77094,1.83523 -1.52402,0.32769 -13.57759,2.88891 -26.78572,5.69163 -24.08819,5.11141 -31.62991,7.1717 -65.88669,17.99932 -10.1601,3.21133 -20.00751,6.29393 -21.88313,6.85022 -2.8722,0.85187 -3.69795,0.5382 -5.23399,-1.98815 z"
       id="path78" />
    <path
       style="fill:#008080;fill-opacity:1;stroke-width:0.930918;stroke-dashoffset:0.5"
       d="m 152.15517,334.73514 c -3.55603,-0.64854 -6.46551,-1.70325 -6.46551,-2.3438 0,-2.1272 7.21727,-17.12061 8.23557,-17.10885 0.55048,0.006 3.91036,1.68013 7.4664,3.7195 6.82507,3.91413 7.34188,5.12603 5.69581,13.35638 -0.86613,4.33067 -2.65633,4.61561 -14.93227,2.37677 z"
       id="path80" />
    <path
       style="fill:#008080;fill-opacity:1;stroke-width:0.930918;stroke-dashoffset:0.5"
       d="m 257.89051,835.4805 c -7.89482,-11.31513 -8.91872,-13.64629 -5.36588,-12.21676 6.26876,2.52232 15.35994,5.55299 22.47537,7.49247 4.40271,1.20006 8.42207,2.39685 8.9319,2.65952 3.13848,1.61699 -7.72807,10.19018 -15.26553,12.04378 -2.99046,0.73541 -3.86566,-0.0751 -10.77586,-9.97901 z"
       id="path82" />
    <path
       style="fill:#008080;fill-opacity:1;stroke-width:0.930918;stroke-dashoffset:0.5"
       d="m 238.76076,804.3628 c -2.26967,-4.38906 -2.4352,-5.55431 -0.63061,-4.439 1.53594,0.94926 3.94127,6.8143 3.12812,7.62745 -0.30768,0.30768 -1.43156,-1.12713 -2.49751,-3.18845 z"
       id="path88" />
    <path
       style="fill:#008080;fill-opacity:1;stroke-width:0.930918;stroke-dashoffset:0.5"
       d="m 346.46334,906.6556 c -2.09234,-3.92563 -7.70414,-12.09989 -12.47067,-18.16503 -9.75164,-12.40839 -14.01024,-18.85888 -13.07081,-19.79831 1.53944,-1.53944 5.62373,2.89278 9.42913,10.23237 3.14311,6.06221 5.61316,8.95587 10.39181,12.174 6.94762,4.67881 9.01117,5.07622 12.53167,2.41344 3.59468,-2.71888 11.25337,-2.42267 12.8152,0.49564 0.70118,1.31015 1.27486,2.87827 1.27486,3.48471 0,1.8732 -13.65261,16.30068 -15.4252,16.30068 -0.91946,0 -3.38365,-3.21187 -5.47599,-7.1375 z"
       id="path92" />
    <path
       style="fill:#afe9af;fill-opacity:1;stroke-width:0.930918;stroke-dashoffset:0.5"
       d="m 371.05911,871.83068 c -4.28758,-1.66334 -5.47775,-2.71974 -5.25856,-4.66756 0.15582,-1.38471 3.79095,-8.50068 8.07806,-15.81329 14.73091,-25.12678 20.33327,-35.53532 35.99092,-66.86707 17.71396,-35.44653 27.85377,-52.0657 44.47904,-72.9012 14.60086,-18.29843 16.45865,-21.40259 16.43937,-27.46826 -0.031,-9.76049 -8.85115,-19.78443 -14.66884,-16.6709 -1.33403,0.71395 -5.55832,5.46064 -9.38734,10.5482 -9.92612,13.18873 -115.52802,116.65888 -140.5508,137.71356 l -4.17395,3.51205 -8.93493,-4.41483 c -4.91421,-2.42817 -10.72523,-4.77289 -12.91337,-5.21053 -2.18814,-0.43762 -4.2391,-1.21744 -4.55768,-1.73292 -0.31858,-0.51548 3.9879,-6.61953 9.56996,-13.56457 5.58206,-6.94503 12.92014,-16.3298 16.30684,-20.85506 6.04272,-8.07416 12.65204,-15.91379 33.39034,-39.60579 5.7084,-6.52143 11.95816,-14.00296 13.88835,-16.62562 1.9302,-2.62265 15.01715,-17.23303 29.08211,-32.46749 36.72482,-39.77848 51.22643,-56.13694 55.26697,-62.34359 l 3.54896,-5.45152 2.7879,8.28425 c 2.77987,8.26036 6.38752,12.70249 10.31623,12.70249 1.13964,0 5.3492,-2.77093 9.35461,-6.15763 4.00541,-3.3867 7.69607,-6.15764 8.20148,-6.15764 0.50542,0 0.60819,2.63239 0.2284,5.84976 -2.50905,21.25512 16.85973,31.94827 19.94119,11.00917 0.70224,-4.7718 2.36596,-7.76656 8.55213,-15.39408 4.22415,-5.20838 8.45115,-11.09167 9.39332,-13.074 1.35663,-2.85435 3.37848,-4.16136 9.71796,-6.28209 4.40271,-1.47282 9.6058,-3.3301 11.56243,-4.12727 1.95662,-0.79718 3.82425,-1.18266 4.15029,-0.85662 1.87785,1.87785 -2.18822,10.83714 -10.95016,24.12794 -13.92253,21.11881 -15.17693,24.87367 -12.0598,36.09926 1.79999,6.48225 5.24324,7.61341 28.12795,9.24046 10.44088,0.74232 19.40144,1.78497 19.91236,2.317 0.51091,0.53203 -5.26069,7.68822 -12.82579,15.90265 -7.5651,8.21443 -21.573,24.00877 -31.12869,35.09853 -9.55568,11.08975 -24.24164,28.07734 -32.63547,37.75019 -8.39382,9.67285 -19.34616,22.41915 -24.33852,28.32513 -22.71867,26.87618 -71.7869,79.13911 -76.46655,81.44511 -1.07091,0.52771 -4.30461,-0.001 -7.43672,-1.21622 z"
       id="path94" />
    <path
       style="fill:#afe9af;fill-opacity:1;stroke-width:0.930918;stroke-dashoffset:0.5"
       d="m 566.25616,650.92549 c -2.03202,-0.87063 -9.23646,-2.54765 -16.00985,-3.72673 -6.7734,-1.17907 -12.75074,-2.54727 -13.28298,-3.04045 -0.53224,-0.49317 0.9234,-3.64586 3.23475,-7.00597 10.47609,-15.22956 12.51128,-20.10654 12.51128,-29.98109 v -9.20807 l 8.62069,-1.48128 c 4.74138,-0.81471 13.44629,-1.87505 19.34424,-2.35632 l 10.72356,-0.87502 1.47707,3.24181 c 2.4215,5.31463 -0.46151,21.7613 -5.67533,32.37592 -4.43734,9.03381 -14.67197,23.91965 -16.32266,23.74061 -0.50941,-0.0553 -2.58875,-0.81279 -4.62077,-1.68341 z"
       id="path96" />
    <path
       style="fill:#00ff00;fill-opacity:1;stroke-width:0.930918;stroke-dashoffset:0.5"
       d="m 496.33193,288.96156 c -0.92128,-1.44732 -3.52393,-7.26282 -5.78367,-12.9233 -2.25974,-5.66049 -6.23102,-12.97682 -8.82506,-16.25852 -5.80255,-7.34079 -9.61036,-8.29859 -23.20463,-5.83683 l -9.75974,1.76736 -1.17435,-3.16302 c -0.64588,-1.73965 -2.59391,-7.89968 -4.32895,-13.68892 -3.39321,-11.32207 -11.13911,-24.67709 -15.74121,-27.14005 -1.55421,-0.83179 -4.75422,-1.94726 -7.11114,-2.47884 -8.23423,-1.85712 -23.69849,5.24194 -45.64534,20.95406 -5.75511,4.12017 -11.09676,7.49123 -11.87033,7.49123 -0.77357,0 -1.75798,-1.80111 -2.18756,-4.00246 -2.00448,-10.27169 -11.81537,-21.85961 -18.50739,-21.85961 -2.14018,0 -21.72836,12.18852 -34.86504,21.6944 -2.68879,1.94564 -2.8244,1.87729 -4.57139,-2.30385 -0.99022,-2.36992 -2.75945,-9.19002 -3.93161,-15.15575 -2.3868,-12.14762 -6.34689,-18.22455 -12.79977,-19.64185 -4.20782,-0.92419 -6.41177,0.50995 -33.19224,21.5986 -22.38412,17.62669 -31.98013,24.59663 -33.86393,24.59663 -2.69798,0 -4.87196,-22.88822 -3.22546,-33.95846 2.05398,-13.81006 1.66689,-33.26134 -1.01079,-50.79127 -1.31225,-8.59085 -2.72571,-23.93254 -3.14104,-34.09264 l -0.75513,-18.4729 5.0822,5.54187 c 10.49472,11.44395 24.13858,29.31274 30.5611,40.02463 9.62039,16.04547 11.07172,17.85714 14.3054,17.85714 5.9793,0 8.48119,-3.7924 9.44329,-14.31427 1.40883,-15.40753 8.87596,-39.13039 17.56337,-55.798388 3.45831,-6.635255 3.5026,-6.667454 5.50979,-4.006458 3.93638,5.218583 15.25199,36.629996 18.18642,50.484336 1.63609,7.72453 3.53328,15.08829 4.21596,16.36389 1.56439,2.9231 7.35197,5.90918 9.78892,5.05056 1.01601,-0.35797 11.82266,-10.70089 24.01478,-22.98426 12.19212,-12.28337 28.45219,-27.44336 36.1335,-33.68887 12.70909,-10.333499 21.13251,-16.082009 21.13251,-14.421751 0,0.351815 -2.51533,6.236311 -5.58963,13.076651 -3.0743,6.84034 -7.7925,18.22989 -10.48489,25.3101 -2.6924,7.08022 -7.6586,18.37969 -11.03599,25.10995 -5.04603,10.05538 -6.1399,13.3934 -6.13612,18.72471 0.007,9.24766 3.37972,14.49282 9.32035,14.49282 3.71648,0 5.66483,-1.16262 12.02548,-7.17584 12.36694,-11.69141 38.50774,-32.1229 54.9567,-42.95381 8.4406,-5.55776 15.51597,-9.93559 15.72305,-9.72852 0.20707,0.20708 -2.89031,5.30853 -6.88309,11.33655 -20.63683,31.15613 -19.87616,29.69353 -19.87616,38.2168 0,6.80153 0.43463,8.27389 3.3867,11.47296 1.86269,2.01853 4.93298,4.03259 6.82287,4.4757 3.06782,0.71928 4.24924,-0.0756 11.02068,-7.41529 7.43478,-8.05864 27.08287,-22.01525 53.57544,-38.05621 5.932,-3.59176 15.93116,-9.67747 22.22037,-13.52382 6.28921,-3.84634 11.7452,-6.99335 12.12441,-6.99335 1.71538,0 -12.45597,21.59889 -32.87859,50.11102 -5.91423,8.25688 -13.57982,20.24049 -17.03467,26.63026 -5.76221,10.65724 -6.28154,12.2957 -6.28154,19.8177 0,4.50996 0.77273,10.04936 1.7172,12.30978 4.5119,10.79848 16.71419,10.72682 21.24829,-0.12481 0.97313,-2.32905 2.37314,-4.03337 3.11112,-3.78737 0.73798,0.24598 3.06982,2.83273 5.18185,5.74831 3.73325,5.15359 3.83922,5.66591 3.80977,18.41877 -0.0241,10.47202 -0.58099,14.59354 -2.76069,20.43507 -1.50173,4.02453 -3.15066,7.69828 -3.6643,8.16386 -0.51364,0.46559 -5.7604,1.12789 -11.65946,1.47181 -9.96674,0.58104 -10.84408,0.43911 -12.40062,-2.00624 z"
       id="path98" />
  </g>
</svg>
