<?xml version="1.0" encoding="UTF-8" standalone="no"?>
<svg
   xmlns:dc="http://purl.org/dc/elements/1.1/"
   xmlns:cc="http://creativecommons.org/ns#"
   xmlns:rdf="http://www.w3.org/1999/02/22-rdf-syntax-ns#"
   xmlns:svg="http://www.w3.org/2000/svg"
   xmlns="http://www.w3.org/2000/svg"
   width="600px"
   height="1000px"
   viewBox="0 0 600 1000"
   version="1.1"
   id="SVGRoot">
  <defs
     id="defs1847" />
  <metadata
     id="metadata3">
    <rdf:RDF>
      <cc:Work
         rdf:about="">
        <dc:format>image/svg+xml</dc:format>
        <dc:type
           rdf:resource="http://purl.org/dc/dcmitype/StillImage" />
        <dc:title>Garçon effroi</dc:title>
        <cc:license
           rdf:resource="http://creativecommons.org/licenses/by/4.0/" />
        <dc:creator>
          <cc:Agent>
            <dc:title>Frédéric Wang</dc:title>
          </cc:Agent>
        </dc:creator>
      </cc:Work>
      <cc:License
         rdf:about="http://creativecommons.org/licenses/by/4.0/">
        <cc:permits
           rdf:resource="http://creativecommons.org/ns#Reproduction" />
        <cc:permits
           rdf:resource="http://creativecommons.org/ns#Distribution" />
        <cc:requires
           rdf:resource="http://creativecommons.org/ns#Notice" />
        <cc:requires
           rdf:resource="http://creativecommons.org/ns#Attribution" />
        <cc:permits
           rdf:resource="http://creativecommons.org/ns#DerivativeWorks" />
      </cc:License>
    </rdf:RDF>
  </metadata>
  <title
     id="title5">Garçon effroi</title>
  <g
     id="g137">
    <path
       style="fill:#000000;stroke-width:0.841572"
       d="m 367.74954,987.21644 c -3.37404,-1.69758 -9.51505,-8.03072 -9.51505,-9.81274 0,-0.95826 -0.33501,-1.94933 -0.74446,-2.20239 -0.40946,-0.25306 -1.00452,-2.19422 -1.32235,-4.31369 -0.74365,-4.95896 -0.0433,-6.01826 11.26511,-17.03943 4.89252,-4.76824 13.56361,-13.22461 19.26909,-18.79196 9.75394,-9.51779 11.74,-12.51319 8.29669,-12.51319 -1.66989,0 -6.46749,2.51362 -6.46749,3.38855 0,0.81631 -5.81883,3.56699 -9.48813,4.48523 -2.33004,0.58308 -10.03776,5.95818 -10.56933,7.37069 -0.1543,0.40996 -0.81594,0.7454 -1.47033,0.7454 -0.65439,0 -2.65695,1.32547 -4.45012,2.9455 -1.79318,1.62003 -3.70314,2.9455 -4.24436,2.9455 -0.54123,0 -2.01016,0.67791 -3.26429,1.50648 -2.64427,1.74697 -4.16335,2.65358 -9.644,5.7557 -2.19861,1.24444 -3.99747,2.58114 -3.99747,2.97044 0,0.3893 -0.85209,0.71624 -1.89354,0.72654 -1.04144,0.0103 -2.8403,0.75928 -3.99746,1.66442 -1.15717,0.90515 -2.5892,1.65414 -3.18231,1.66443 -0.59311,0.0103 -1.28208,0.54956 -1.53104,1.19835 -0.24897,0.6488 -1.8466,1.44011 -3.55028,1.75846 -1.70367,0.31835 -3.4763,0.87791 -3.93917,1.24349 -1.24133,0.98039 -10.03972,3.39257 -12.3744,3.39257 -1.10906,0 -2.37625,0.3014 -2.81597,0.66977 -1.57342,1.31812 -7.31535,2.85439 -13.26396,3.54881 -7.19359,0.83974 -13.59121,2.15822 -16.78092,3.45834 -1.61906,0.65993 -2.63449,0.67854 -3.37748,0.0619 -0.58432,-0.48494 -2.77201,-1.3122 -4.86154,-1.83834 -2.71707,-0.68417 -4.97573,-2.1404 -7.93012,-5.1128 -3.84324,-3.86667 -4.15247,-4.49312 -4.43959,-8.99411 l -0.30861,-4.83796 5.162,-4.20786 c 2.8391,-2.31432 5.60479,-4.67914 6.14599,-5.25516 0.5412,-0.57601 2.23303,-2.37487 3.75962,-3.99747 1.52659,-1.62259 3.0774,-2.95016 3.44625,-2.95016 0.36884,0 1.35607,-0.75742 2.19385,-1.68314 0.83777,-0.92573 1.80663,-1.68315 2.15301,-1.68315 0.34639,0 4.59389,-3.93538 9.43888,-8.74527 4.845,-4.8099 9.54484,-8.97879 10.44409,-9.2642 0.89924,-0.28541 2.9364,-1.80716 4.52702,-3.38166 7.24557,-7.17217 7.29292,-7.71314 0.95626,-10.92418 -5.67292,-2.8747 -38.03891,-35.33759 -38.03891,-38.1528 0,-0.66319 -0.47201,-1.04846 -1.04893,-0.85616 -1.30469,0.43489 -2.20533,5.2985 -2.26886,12.25225 -0.0371,4.06563 -0.55219,6.21046 -2.20018,9.16229 -3.41244,6.11226 -4.87203,7.77635 -6.84555,7.80466 -1.01413,0.0146 -2.07792,0.40515 -2.36399,0.86801 -0.78835,1.27558 -4.28563,1.00656 -5.47022,-0.42078 -0.57621,-0.6943 -1.70001,-1.26236 -2.49733,-1.26236 -2.00058,0 -3.84948,-2.25816 -5.51239,-6.73258 -2.21045,-5.94774 -2.38096,-8.02955 -0.84914,-10.36742 0.77175,-1.17784 1.5825,-4.15553 1.80168,-6.6171 0.21916,-2.46155 0.75845,-5.80104 1.19842,-7.42107 1.15182,-4.24116 0.99367,-7.85031 -0.42627,-9.72762 -0.67956,-0.89848 -1.24763,-2.5045 -1.26235,-3.56893 -0.0147,-1.06443 -0.62245,-3.08725 -1.3505,-4.49515 -1.57963,-3.05467 -2.91614,-18.20727 -1.98709,-22.52854 0.35718,-1.66139 1.11988,-5.2004 1.69489,-7.86448 0.57499,-2.66406 0.83033,-5.05887 0.56739,-5.3218 -0.26292,-0.26293 -2.05003,0.66069 -3.97135,2.05248 -1.92131,1.3918 -4.62399,2.77888 -6.00594,3.08241 -1.38196,0.30353 -3.53759,1.49134 -4.79031,2.63958 -1.25271,1.14824 -2.94039,2.69562 -3.7504,3.43862 -0.81002,0.74299 -1.47134,2.13673 -1.46961,3.09719 0.003,2.03355 2.97033,7.21651 4.13065,7.21651 0.43574,0 1.80621,2.17756 3.04548,4.83904 2.18795,4.69885 2.23819,5.1542 1.73399,15.71804 -0.49094,10.28607 -1.59244,16.73808 -3.16413,18.53394 -0.38484,0.43972 -0.6997,1.68384 -0.6997,2.76471 0,1.08088 -0.61976,2.9111 -1.37725,4.06717 -1.56914,2.39482 -1.21595,9.86961 0.60406,12.7839 0.88105,1.4108 0.75471,2.32005 -0.77445,5.57319 -1.005,2.13803 -2.37458,3.88734 -3.0435,3.88734 -0.66893,0 -1.55656,0.60814 -1.97252,1.35141 -0.92033,1.64456 -8.0853,2.6621 -8.94542,1.27039 -0.31906,-0.51626 -1.22051,-0.95972 -2.00321,-0.98546 -1.4729,-0.0485 -6.87805,-7.75756 -8.90832,-12.70555 -1.33795,-3.26073 -1.10506,-18.12708 0.30608,-19.53822 0.47706,-0.47705 0.86737,-2.32526 0.86737,-4.10713 0,-1.78187 0.5235,-4.2624 1.16333,-5.51229 0.63983,-1.2499 1.54967,-5.11284 2.02186,-8.58433 0.47219,-3.47148 1.12087,-6.96293 1.44154,-7.75877 0.39961,-0.99182 -0.1805,-2.18308 -1.84423,-3.78707 -3.9502,-3.80838 -9.2817,-15.92376 -8.99215,-20.43389 0.104,-1.62003 0.26186,-3.13486 0.35079,-3.36629 0.0889,-0.23143 0.0939,-1.08577 0.011,-1.89854 -0.0829,-0.81276 0.63094,-2.5754 1.58624,-3.91699 0.95528,-1.34158 1.73688,-2.76313 1.73688,-3.15899 0,-0.89244 7.96984,-9.54007 8.79232,-9.54007 0.32883,0 2.74553,-1.8391 5.37046,-4.08689 8.11755,-6.95128 13.73613,-8.56102 18.0466,-5.1704 1.17687,0.92573 2.49473,1.68314 2.92856,1.68314 1.26119,0 3.8782,3.27811 4.17627,5.23127 0.34506,2.26106 1.78658,4.02603 3.28822,4.02603 0.86497,0 1.17276,-1.44226 1.21227,-5.68061 0.0291,-3.12434 0.35721,-8.86807 0.72909,-12.76386 0.63664,-6.66944 0.84249,-7.22121 3.52373,-9.44505 4.19137,-3.47635 6.14047,-3.11984 10.85979,1.98634 2.23331,2.41638 3.86337,4.71249 3.62235,5.10246 -0.24102,0.38998 0.12134,1.34792 0.80524,2.12877 1.95439,2.23142 4.06642,35.44322 2.38519,37.50739 -0.42176,0.51783 -1.00749,4.91793 -1.30163,9.77801 -0.51868,8.57021 -0.48958,8.78063 0.96586,6.98249 2.88115,-3.55959 6.97087,-9.25473 6.97087,-9.70729 0,-0.25088 2.85223,-3.35502 6.33828,-6.8981 3.48606,-3.54308 6.11466,-6.8038 5.84135,-7.24604 -0.27333,-0.44224 0.28281,-0.80408 1.23585,-0.80408 0.97923,0 1.73282,-0.54899 1.73282,-1.26235 0,-0.6943 0.28403,-1.2695 0.63117,-1.27823 1.08255,-0.0272 12.83398,-11.45213 12.83398,-12.47741 0,-0.53454 0.3864,-0.97188 0.85868,-0.97188 1.30061,0 17.6559,-15.1077 17.6559,-16.30912 0,-0.57604 1.11,-1.86802 2.46666,-2.87104 1.35668,-1.00303 3.14251,-2.96779 3.96853,-4.36613 0.82602,-1.39834 1.93794,-2.54244 2.47093,-2.54244 0.53299,0 2.02756,-1.60951 3.32128,-3.57668 1.29371,-1.96718 3.73021,-4.92322 5.41445,-6.56898 5.66593,-5.53655 7.92237,-9.18788 8.74491,-14.1509 1.22365,-7.38327 0.96948,-17.8795 -0.50263,-20.7566 -1.5774,-3.08288 -6.52124,-21.8797 -7.40744,-28.16361 -0.35901,-2.54575 -1.64906,-6.64728 -2.86675,-9.1145 -1.2177,-2.46723 -2.58108,-6.42147 -3.02974,-8.78722 -0.73425,-3.87173 -2.71774,-8.18701 -3.76309,-8.18701 -0.79733,0 -3.75459,3.379 -5.81817,6.64791 -1.15926,1.8364 -3.81546,5.2617 -5.90267,7.61178 -2.08721,2.35009 -4.41092,5.46408 -5.1638,6.91999 -1.53331,2.9651 -1.66864,3.15442 -5.61449,7.85455 -1.55433,1.85146 -3.33813,4.9758 -3.96401,6.94297 -0.75668,2.37832 -1.62237,3.57668 -2.58375,3.57668 -0.79519,0 -1.96537,0.73248 -2.60041,1.62773 -1.09199,1.53946 -1.51753,1.5689 -7.84642,0.54308 -3.6805,-0.59654 -6.83006,-1.49937 -6.99902,-2.00627 -0.61222,-1.83668 -3.70958,-5.21397 -4.78179,-5.21397 -0.60402,0 -1.56968,0.56806 -2.14589,1.26236 -0.57622,0.6943 -1.71819,1.26236 -2.53773,1.26236 -0.81953,0 -1.7146,0.58516 -1.98905,1.30035 -0.27445,0.7152 -1.82979,1.85641 -3.45632,2.53601 -1.62654,0.67961 -2.95734,1.60454 -2.95734,2.05538 0,0.96453 -6.21423,5.03233 -7.76782,5.08476 -0.58778,0.0199 -5.42382,3.80265 -10.74676,8.40624 -5.32294,4.60359 -10.05679,8.38097 -10.51965,8.39419 -0.46287,0.0132 -1.72259,0.95301 -2.7994,2.08843 -1.0768,1.13543 -3.9632,3.21178 -6.41423,4.61411 -3.68486,2.10826 -5.38829,2.5497 -9.83889,2.5497 -5.22294,0 -5.49429,-0.10932 -9.15484,-3.68816 -2.07481,-2.02849 -4.79873,-4.96347 -6.05317,-6.52218 -3.03091,-3.76609 -8.62792,-14.5178 -10.01819,-19.24468 -0.61262,-2.08289 -1.97771,-5.07073 -3.03355,-6.63963 -1.05582,-1.5689 -1.91969,-3.36776 -1.91969,-3.99747 0,-0.6297 -0.55474,-1.14491 -1.23275,-1.14491 -0.67801,0 -1.64528,-0.77083 -2.14948,-1.71295 -0.83482,-1.55987 -3.33198,-3.07618 -11.76606,-7.14451 -1.62003,-0.78145 -5.38733,-2.61125 -8.37178,-4.06623 -2.98444,-1.45497 -5.73007,-2.69273 -6.10139,-2.75059 -0.37132,-0.0579 -1.01134,-0.15254 -1.42227,-0.21039 -0.88662,-0.12484 -9.31371,-5.84976 -10.82447,-7.35357 -0.57858,-0.57592 -1.05197,-1.45289 -1.05197,-1.94881 0,-0.49593 -0.61443,-0.90169 -1.3654,-0.90169 -1.15479,0 -1.19346,0.20719 -0.25066,1.34319 0.97497,1.17477 0.856,1.30667 -0.94892,1.05196 -1.87108,-0.26404 -2.03763,-0.62136 -1.78472,-3.82895 0.26321,-3.33809 -1.0251,-8.73053 -2.60757,-10.91446 -0.91593,-1.26405 0.20432,-15.42361 1.22025,-15.42361 0.42026,0 1.68058,-0.91648 2.80073,-2.03663 1.12014,-1.12014 2.67184,-2.16159 3.44822,-2.31433 0.77638,-0.15272 1.81021,-0.91071 2.29741,-1.68439 0.70477,-1.11922 0.33621,-1.96885 -1.80334,-4.15724 -1.47903,-1.51278 -2.68914,-3.0826 -2.68914,-3.48848 0,-0.40588 -0.94677,-1.97923 -2.10393,-3.49635 -1.15716,-1.51712 -2.10393,-3.18731 -2.10393,-3.71153 0,-0.52422 -0.93378,-1.56496 -2.07506,-2.31275 -1.9492,-1.27718 -2.22985,-1.2494 -4.62767,0.45799 -2.32741,1.65728 -3.41892,1.79407 -12.37209,1.55062 -6.90918,-0.18787 -9.92335,-0.57879 -10.16997,-1.31897 -0.19277,-0.57858 -0.91424,-1.05196 -1.60325,-1.05196 -0.68902,0 -2.934376,-0.98549 -4.989688,-2.18998 -2.055312,-1.20449 -4.265583,-1.98712 -4.911725,-1.73918 -0.729946,0.28011 -1.354224,-0.26407 -1.64864,-1.4371 -0.260609,-1.03836 -2.279726,-3.18481 -4.486916,-4.7699 -5.620298,-4.03619 -21.600583,-20.02747 -23.275379,-23.29139 -0.764858,-1.49058 -2.144144,-3.11341 -3.065082,-3.60628 -0.920939,-0.49287 -1.674434,-1.62199 -1.674434,-2.50916 0,-0.88716 -1.338858,-2.9133 -2.975239,-4.50254 -1.636382,-1.58923 -3.142231,-3.75663 -3.346332,-4.81644 -0.204101,-1.05982 -1.861314,-3.47016 -3.682695,-5.35633 -5.095121,-5.27634 -9.351889,-10.29518 -9.351889,-11.0261 0,-0.36307 -0.946768,-1.90141 -2.103929,-3.41853 -1.157162,-1.51712 -2.10393,-3.16237 -2.10393,-3.65612 0,-0.49375 -0.333767,-0.89772 -0.741704,-0.89772 -0.407936,0 -2.11212,-3.19001 -3.787073,-7.08892 -2.39151,-5.56689 -3.045371,-8.19078 -3.045371,-12.22084 0,-4.81235 0.14411,-5.18972 2.314323,-6.06023 8.161248,-3.27362 16.588926,-5.96442 19.145762,-6.11288 4.460877,-0.25903 5.709773,-1.59346 6.882176,-7.3535 1.717833,-8.43976 2.309446,-9.3478 7.460193,-11.4503 6.171354,-2.5191 8.624251,-2.46488 9.642431,0.21313 0.439952,1.15716 1.440465,2.10393 2.223362,2.10393 0.782897,0 1.173387,0.25007 0.867755,0.5557 -0.305632,0.30563 0.231897,1.10734 1.194507,1.78158 1.092877,0.76548 1.594562,1.82106 1.335792,2.81059 -0.317097,1.21259 0.03999,1.58471 1.520695,1.58471 2.661935,0 3.405029,-2.40276 1.33851,-4.32802 -1.12214,-1.04544 -1.849618,-3.19951 -2.23705,-6.62396 -0.472166,-4.17339 -1.002876,-5.43547 -2.988069,-7.1059 -1.327662,-1.11716 -2.41393,-2.23054 -2.41393,-2.47419 0,-0.24365 -1.302061,-3.20309 -2.893467,-6.57652 -3.744788,-7.93812 -5.375069,-12.44751 -6.933378,-19.17787 -0.696599,-3.00862 -1.595167,-6.7957 -1.996818,-8.41572 -0.401651,-1.62003 -0.958503,-4.74437 -1.237447,-6.94297 -0.456986,-3.60192 -0.34113,-3.99747 1.170825,-3.99747 0.965684,0 1.916186,0.75046 2.239095,1.76786 0.312606,0.98493 0.881207,1.44774 1.283911,1.04504 0.610383,-0.61038 0.05421,-6.41458 -1.277566,-13.33255 -1.581069,-8.21296 -1.946839,-11.58609 -1.565029,-14.4327 0.244456,-1.82255 0.06669,-4.68194 -0.395043,-6.35418 -0.461729,-1.67225 -0.532951,-3.35991 -0.15827,-3.75037 0.612842,-0.63864 1.557346,-11.08687 1.940332,-21.46423 0.07963,-2.15758 0.428808,-4.20891 0.775957,-4.55851 0.347148,-0.3496 0.631179,-1.90989 0.631179,-3.4673 0,-1.74068 0.486357,-3.01829 1.262357,-3.31606 1.417819,-0.54407 1.801652,-6.19534 0.420786,-6.19534 -1.41714,0 -0.935713,-5.3195 0.769339,-8.50076 3.109242,-5.80117 2.998486,-14.47477 -0.151451,-11.86055 -4.855693,4.02987 -1.305595,-13.02518 3.968393,-19.06458 0.94903,-1.08676 2.388247,-2.59108 3.19826,-3.34293 0.810013,-0.75184 1.472751,-2.00947 1.472751,-2.79474 0,-0.78525 1.384432,-2.6893 3.076517,-4.23122 1.692084,-1.54191 5.642456,-5.28984 8.778606,-8.32873 9.532788,-9.23717 22.09371,-15.74741 28.18015,-14.60558 1.57714,0.29587 2.92691,0.12519 3.25897,-0.4121 0.33755,-0.54617 3.47886,-0.91715 7.76605,-0.91715 h 7.19921 l -0.55389,-2.73511 c -0.30464,-1.50431 -0.66175,-3.95941 -0.79358,-5.45576 -0.13183,-1.49637 -0.79641,-3.38991 -1.47685,-4.20786 -0.68043,-0.81797 -1.97582,-2.98734 -2.87862,-4.82083 -0.9028,-1.83348 -4.69505,-6.37797 -8.42722,-10.09887 -7.49548,-7.47281 -9.13671,-8.86917 -10.42445,-8.86917 -0.47883,0 -1.8842,-1.13759 -3.12304,-2.52797 -3.36899,-3.78113 -8.924252,-6.72932 -12.679994,-6.72932 -1.792178,0 -3.61828,-0.33747 -4.058001,-0.74993 -0.439721,-0.41247 -6.561647,-1.23796 -13.60428,-1.83442 -9.963435,-0.84385 -13.759224,-0.86418 -17.106036,-0.0916 -2.365686,0.54607 -5.132839,0.99285 -6.149227,0.99285 -2.555136,0 -7.900028,-4.6031 -9.633519,-8.29654 -1.275764,-2.71818 -1.86327,-3.11226 -5.196338,-3.48547 -3.421627,-0.38312 -3.831203,-0.67757 -4.576498,-3.29003 -0.750777,-2.63167 -0.605176,-3.04976 1.758477,-5.04943 1.417366,-1.1991 2.865501,-3.12696 3.218077,-4.28412 0.727809,-2.38868 4.855295,-7.90867 7.990468,-10.68623 1.991678,-1.76449 4.703616,-3.34446 13.465151,-7.84475 2.08289,-1.06986 4.489379,-2.54529 5.347752,-3.27872 1.323229,-1.13064 4.421735,-1.33353 20.365501,-1.33353 13.921478,0 19.078147,0.27318 19.857327,1.05197 0.84221,0.84178 0.76666,1.05196 -0.37817,1.05196 -0.78687,0 -1.43067,0.4036 -1.43067,0.8969 0,1.47506 1.679,4.15253 2.60399,4.15253 0.4739,0 0.62758,-0.3787 0.34151,-0.84157 -0.28606,-0.46286 0.0515,-0.84157 0.75009,-0.84157 0.69861,0 1.65622,-0.66274 2.128,-1.47275 0.4718,-0.81002 0.91666,-1.18872 0.98859,-0.84157 0.072,0.34714 0.22547,1.00988 0.34118,1.47275 0.11572,0.46286 0.25773,1.1825 0.31559,1.5992 0.0578,0.4167 1.99874,1.21189 4.31306,1.76708 2.31432,0.5552 4.20786,1.37591 4.20786,1.8238 0,0.44789 0.66563,0.60308 1.47918,0.34487 1.39516,-0.44281 9.36513,0.43479 14.93147,1.64415 4.9274,1.07054 13.59933,5.29176 17.52719,8.53167 1.30839,1.07923 2.88631,1.96224 3.50649,1.96224 0.62018,0 1.88572,1.04075 2.81234,2.31278 2.60991,3.58284 3.09434,1.64458 1.10416,-4.41793 -0.99382,-3.02739 -1.80695,-6.18245 -1.80695,-7.01124 0,-0.8288 -2.25933,-3.94518 -5.02073,-6.9253 -2.7614,-2.98012 -5.03364,-5.82091 -5.04943,-6.31286 -0.0158,-0.49195 -1.00224,-2.9125 -2.19211,-5.37899 -2.32657,-4.82275 -3.38037,-10.57776 -2.54577,-13.90305 0.38934,-1.55126 1.40062,-2.30244 4.06584,-3.02011 3.30441,-0.88978 3.92398,-0.76285 9.03844,1.8517 3.01995,1.54384 7.24575,4.04303 9.39066,5.55376 2.1449,1.51073 4.32246,2.74679 4.83904,2.74679 0.51656,0 0.93921,0.33555 0.93921,0.74568 0,0.41012 1.30444,1.36468 2.89875,2.12123 1.59431,0.75655 6.67076,3.73468 11.28099,6.61807 4.61023,2.88339 11.14945,6.94671 14.53159,9.0296 3.38214,2.08289 8.29874,5.39658 10.92577,7.36376 2.62703,1.96717 5.17078,3.57668 5.65278,3.57668 0.48199,0 1.38521,0.50886 2.00716,1.13081 2.2346,2.2346 11.77173,8.24827 12.27805,7.74195 0.16534,-0.16534 -0.24127,-1.37727 -0.9036,-2.69316 -0.66232,-1.31589 -1.45205,-3.718 -1.75495,-5.33803 -0.48095,-2.57222 -2.24003,-7.1722 -9.01114,-23.56402 -0.8604,-2.08289 -1.67131,-4.73384 -1.80204,-5.891 -0.2257,-1.99777 -0.0466,-2.09171 3.54938,-1.86163 2.08289,0.13327 4.54449,0.56349 5.47022,0.95604 2.75721,1.16919 8.08917,2.54823 13.46515,3.48258 10.59721,1.8418 18.93537,4.10989 18.93537,5.15067 0,0.90244 7.12224,4.05435 9.16145,4.05435 0.92381,0 1.89889,0.35472 2.16683,0.78828 0.7036,1.13843 5.51114,3.41958 7.20682,3.41958 0.79478,0 5.56511,3.02242 10.60074,6.7165 5.03563,3.69408 9.62907,6.72373 10.20765,6.73258 1.32187,0.0202 1.4725,-11.93239 0.18079,-14.34598 -0.77467,-1.44748 -0.5649,-1.64251 1.89353,-1.7604 1.5206,-0.0729 3.33278,-0.0314 4.02708,0.0922 0.69429,0.12363 1.54635,-16.37078 7.33215,-16.02242 17.52686,1.0553 22.12565,17.98146 25.51537,23.32754 1.60561,2.53228 4.15381,6.52173 5.66267,8.86545 1.50887,2.34371 2.99359,5.25915 3.29939,6.47875 0.79212,3.15912 4.43309,10.92756 5.40238,11.52662 0.44928,0.27766 4.39571,-2.65008 8.76986,-6.5061 4.37416,-3.85601 9.28251,-8.08835 10.90745,-9.40519 4.69044,-3.80111 15.82777,-9.84484 17.28795,-9.3814 0.73219,0.23239 5.24012,0.79497 10.01763,1.25017 7.72878,0.73641 8.91065,1.06963 10.72065,3.02264 2.5329,2.73306 3.4904,10.42294 4.2088,33.80197 0.51703,16.82596 0.85124,18.07063 3.93669,14.66125 0.76604,-0.84646 1.39279,-1.99447 1.39279,-2.55113 0,-0.55666 0.66274,-1.25549 1.47275,-1.55294 0.81001,-0.29745 3.55564,-2.12105 6.1014,-4.05242 2.54575,-1.93139 5.57541,-4.00506 6.73257,-4.60818 1.15716,-0.60312 2.29329,-1.36576 2.52472,-1.69474 0.23143,-0.32899 1.74626,-1.27546 3.36629,-2.10327 1.62002,-0.82781 3.44036,-2.20613 4.04518,-3.06293 0.60483,-0.8568 1.5516,-1.55983 2.10393,-1.56229 1.89737,-0.008 16.1533,-7.3482 17.75573,-9.14166 1.77235,-1.98364 4.99141,-2.29078 9.85367,-0.94017 2.42902,0.67472 3.65709,1.84268 6.1014,5.80276 1.68314,2.72691 3.06025,5.72838 3.06025,6.66992 0,0.94155 0.36425,2.66992 0.80942,3.84083 0.44518,1.17091 0.49506,2.32321 0.11084,2.56067 -0.38422,0.23747 -0.96418,2.77922 -1.28878,5.64835 -0.3246,2.86913 -1.32125,6.64959 -2.21476,8.40102 -0.89352,1.75144 -1.62457,3.97315 -1.62457,4.93713 0,0.964 -1.32548,4.2076 -2.94551,7.20801 -3.61654,6.69811 -3.8129,8.29692 -0.85337,6.94847 1.15067,-0.52429 2.63985,-1.78918 3.30929,-2.81087 0.66945,-1.0217 2.35769,-2.08574 3.75166,-2.36452 2.58073,-0.51616 10.07473,-5.70271 11.29687,-7.8185 1.0337,-1.78958 5.17422,-3.65547 6.41288,-2.88994 0.60245,0.37234 1.81086,0.48987 2.68535,0.26118 1.0052,-0.26286 1.58998,0.0218 1.58998,0.77393 0,0.65435 1.54605,2.68673 3.43565,4.51641 1.88961,1.82968 3.97742,4.35883 4.63956,5.62032 2.75093,5.24095 0.74793,20.461 -3.86549,29.37236 -1.04783,2.02402 -2.48874,4.81616 -3.20201,6.20475 -0.71327,1.3886 -1.79987,2.82757 -2.41465,3.19772 -0.61477,0.37014 -1.11777,1.38924 -1.11777,2.26465 0,0.87541 -0.38412,1.82906 -0.8536,2.11921 -0.46948,0.29016 -1.65984,2.11137 -2.64525,4.04714 -1.77617,3.48918 -9.87242,16.23881 -15.74883,24.80058 -1.67969,2.44727 -4.01938,6.26904 -5.19932,8.49283 -1.17995,2.2238 -3.84631,6.47017 -5.92527,9.43638 -2.07897,2.96621 -4.24274,6.33988 -4.80839,7.49704 -0.56565,1.15716 -2.16869,4.18682 -3.56231,6.73257 l -2.53385,4.62865 1.79627,1.47275 c 0.98796,0.81002 2.3305,1.47275 2.98344,1.47275 0.65294,0 1.61855,0.94677 2.14578,2.10393 0.52725,1.15716 1.30197,2.10393 1.72162,2.10393 1.57564,0 6.46556,6.1373 8.90823,11.18063 3.32439,6.86381 4.42402,10.5341 5.59711,18.68166 1.04585,7.26394 0.77858,8.89998 -2.61446,16.00339 -1.10546,2.31432 -2.00401,4.61039 -1.99678,5.10238 0.008,0.49198 -1.09544,1.95662 -2.4504,3.25476 -1.35497,1.29813 -2.92313,3.46973 -3.48483,4.82578 -0.56169,1.35605 -2.18465,3.06716 -3.60658,3.80246 -1.42193,0.73531 -3.28961,2.23227 -4.1504,3.3266 -0.8608,1.09432 -1.99026,1.98968 -2.50992,1.98968 -0.51966,0 -1.91232,0.87001 -3.09481,1.93335 -1.18249,1.06335 -3.66481,2.43774 -5.51627,3.05421 -1.85146,0.61648 -4.04378,1.82936 -4.87182,2.6953 -0.82804,0.86594 -2.16812,1.57443 -2.97795,1.57443 -0.80983,0 -2.95804,0.75742 -4.77381,1.68315 -1.81576,0.92573 -3.95638,1.68314 -4.75691,1.68314 -0.80055,0 -1.70555,0.40453 -2.01112,0.89894 -0.30557,0.49443 -1.08339,0.69641 -1.72851,0.44886 -0.64511,-0.24756 -2.91044,0.29469 -5.03407,1.20498 -2.12363,0.9103 -4.54389,1.65508 -5.37833,1.65508 -2.51332,0 -5.77938,2.09907 -10.17034,6.53638 -5.13424,5.18846 -5.28068,6.59197 -0.76732,7.35449 1.86753,0.31552 4.47847,1.48493 5.8021,2.59869 1.32364,1.11376 3.10935,2.0515 3.96827,2.08387 0.88747,0.0334 3.55987,2.58935 6.1903,5.92048 2.54575,3.22391 5.5126,6.98238 6.59301,8.35215 3.50506,4.44386 5.02601,10.05265 4.54584,16.76362 -0.40975,5.72673 -0.16709,6.93001 2.42495,12.02479 0.97115,1.90886 3.1924,7.96228 4.09562,11.16151 1.08386,3.83911 4.9236,14.11829 5.89007,15.76806 0.47086,0.80373 0.86814,2.50792 0.88286,3.78707 0.0147,1.27916 0.58278,3.06087 1.26235,3.95935 0.67958,0.89848 1.2356,2.44381 1.2356,3.43405 0,0.99025 0.8691,3.51714 1.93132,5.61531 1.06223,2.09817 2.455,5.47605 3.09504,7.50638 0.64004,2.03034 1.66448,4.28941 2.27654,5.02015 0.61205,0.73075 1.11282,1.78552 1.11282,2.34393 0,0.55843 0.5347,1.85408 1.18821,2.87924 0.65353,1.02516 1.43289,3.75747 1.73192,6.07179 0.29902,2.31432 0.90045,4.56763 1.33649,5.00736 0.43604,0.43972 0.79281,1.43767 0.79281,2.21768 0,0.78 0.53251,3.26054 1.18337,5.5123 0.65084,2.25175 1.64641,6.17699 2.21236,8.72275 0.56594,2.54575 1.28767,5.00735 1.60384,5.47022 0.73815,1.08064 2.46288,8.32614 2.96026,12.43595 0.47412,3.91753 0.95422,4.72743 3.34008,5.63454 1.19191,0.45317 2.43422,2.20384 3.39703,4.78713 0.83486,2.23998 2.1756,4.8301 2.97943,5.75583 1.18242,1.36172 1.55941,4.01346 1.97414,13.88594 0.28194,6.71153 1.07616,14.66439 1.76494,17.67301 2.90679,12.6971 3.88499,16.48164 4.57676,17.70686 0.40252,0.71292 1.01101,3.74258 1.3522,6.73258 0.3412,2.99 0.94877,6.06132 1.35015,6.82514 1.22038,2.32235 3.21583,43.81757 2.96846,61.72913 -0.21753,15.75246 -0.35395,17.03192 -2.12805,19.95876 -1.89117,3.11997 -5.76192,5.70919 -8.53493,5.70919 -0.80509,0 -1.68179,0.56806 -1.94822,1.26236 -0.26643,0.69429 -1.44306,1.26236 -2.61476,1.26236 -1.17169,0 -2.13034,0.36017 -2.13034,0.80038 0,1.03774 -10.24603,6.77376 -12.09968,6.77376 -0.78006,0 -1.63628,0.56807 -1.9027,1.26236 -0.26644,0.6943 -0.96089,1.26236 -1.54324,1.26236 -1.59256,0 -5.57962,3.38796 -5.03124,4.27525 0.26316,0.4258 -0.53335,0.77418 -1.77002,0.77418 -2.27624,0 -5.35662,2.08397 -11.44768,7.7447 -1.8441,1.71382 -5.0298,4.17541 -7.07933,5.47021 -4.06058,2.56528 -4.60759,3.9289 -2.1119,5.26456 1.96071,1.04934 3.11916,2.1831 6.26628,6.13273 2.02761,2.54464 3.10428,3.11817 6.73258,3.58637 6.36876,0.82182 11.47235,3.45117 11.47235,5.91051 0,1.08855 0.41814,2.23761 0.92921,2.55346 1.50205,0.92832 4.0817,7.30065 4.10174,10.13222 0.0177,2.49186 -2.01786,5.43772 -5.17302,7.48664 -1.16217,0.75471 -1.1379,1.75369 0.2351,9.67808 0.84207,4.86008 1.54433,10.19354 1.56057,11.85214 0.0162,1.6586 0.30959,3.29568 0.65185,3.63794 0.34228,0.34228 0.49645,3.06983 0.34262,6.06123 -0.18384,3.57471 0.0922,5.88699 0.80522,6.74619 0.63042,0.7596 1.23323,4.4091 1.43893,8.7114 0.35033,7.32746 0.32465,7.44338 -2.47951,11.19412 -2.61849,3.50242 -10.25369,8.18231 -13.34933,8.18231 -0.55349,0 -2.01158,0.69684 -3.24019,1.54853 -1.88724,1.30827 -25.41147,13.09933 -30.92996,15.50305 -0.9712,0.42303 -2.82897,1.68268 -4.12837,2.79922 -1.29939,1.11654 -2.99276,2.03007 -3.76302,2.03007 -0.77027,0 -2.22369,0.94677 -3.22983,2.10393 -1.00614,1.15716 -2.26869,2.10393 -2.80567,2.10393 -1.32862,0 -9.87431,4.06043 -12.62987,6.001 -1.22861,0.86523 -3.17631,1.57315 -4.32821,1.57315 -1.1519,0 -2.29689,0.52775 -2.54441,1.17278 -0.69519,1.81164 -14.37459,3.45988 -17.14529,2.06586 z m -40.43052,-54.60376 c 2.66824,-1.37252 5.3675,-2.49549 5.99835,-2.49549 0.63086,0 1.61846,-0.56806 2.19468,-1.26236 0.57621,-0.6943 1.58468,-1.26236 2.24105,-1.26236 0.99555,0 5.52458,-2.71621 7.01624,-4.20786 0.58481,-0.58481 3.07391,-2.04997 7.9275,-4.66634 2.27725,-1.22757 4.6973,-2.78881 5.37791,-3.46941 0.68061,-0.68062 2.12799,-1.82097 3.2164,-2.53413 1.94011,-1.2712 1.95018,-1.34582 0.5131,-3.8036 -1.7655,-3.01947 -4.04143,-4.38492 -5.94985,-3.56965 -0.77384,0.3306 -3.13161,0.66419 -5.2395,0.74133 -3.74292,0.13697 -4.11666,0.42031 -15.98986,12.12236 -6.68654,6.59017 -13.1988,12.96073 -14.47168,14.15678 -4.82565,4.53445 -1.3954,4.65448 7.16566,0.25073 z m 103.87709,-0.92578 c 12.90745,-6.76076 12.3098,-5.71653 12.39013,-21.6482 0.0373,-7.39379 -0.15434,-13.66559 -0.42585,-13.93734 -0.27151,-0.27175 -2.16504,0.44757 -4.20786,1.5985 -2.04281,1.15091 -4.47162,2.4395 -5.39735,2.86353 -0.92573,0.42403 -2.7049,1.85068 -3.95371,3.17035 l -2.27056,2.39939 1.51197,4.62827 c 0.83158,2.54555 1.7567,6.19756 2.05582,8.11557 0.55351,3.54919 -0.14281,4.9432 -7.75543,15.5261 -0.63504,0.88282 -0.9392,1.60512 -0.67592,1.60512 0.26328,0 4.19121,-1.94458 8.72876,-4.32129 z m -21.15845,-43.99539 c 0.73483,-0.73483 1.65859,-1.33607 2.05279,-1.33607 0.39419,0 1.85284,-1.13612 3.24143,-2.52472 1.3886,-1.38859 3.12192,-2.52471 3.85182,-2.52471 0.7299,0 1.32709,-0.36818 1.32709,-0.81818 0,-0.45 1.88161,-1.62762 4.18136,-2.61695 5.54966,-2.3874 6.3935,-3.47179 4.70589,-6.04739 -0.72832,-1.11157 -2.26849,-2.52638 -3.42259,-3.14404 -1.1541,-0.61766 -2.09837,-1.68275 -2.09837,-2.36688 0,-0.68412 -1.42015,-2.93133 -3.1559,-4.99378 -6.17057,-7.33205 -6.36969,-7.75279 -8.03504,-16.9778 -1.32671,-7.34916 -0.94344,-10.36027 1.55266,-12.19836 0.67979,-0.50059 1.8957,-2.23158 2.70202,-3.84664 0.91783,-1.83842 2.41013,-3.25404 3.99076,-3.78572 1.38859,-0.46708 2.90342,-1.15634 3.36629,-1.53168 0.76928,-0.62382 3.14513,-2.18867 7.57414,-4.98874 0.92573,-0.58526 3.19798,-2.23498 5.04943,-3.66605 1.85146,-1.43107 4.40079,-2.8567 5.66518,-3.16806 1.26439,-0.31135 3.53663,-1.65211 5.04943,-2.97945 2.89927,-2.54384 6.32189,-4.6968 12.2003,-7.67447 1.95732,-0.99147 4.79763,-2.98365 6.31179,-4.42708 1.51418,-1.44343 3.13175,-2.64435 3.59461,-2.66871 1.54136,-0.0811 3.52909,-1.70411 4.61349,-3.76689 0.65308,-1.24233 1.17448,-6.17624 1.33402,-12.62359 0.14403,-5.82127 0.79157,-12.88173 1.43898,-15.68991 16.22106,-17.01611 -15.74203,-45.85506 -10.32073,-58.78074 0.61954,-0.61954 1.033,-0.32116 1.37681,0.99359 0.52435,2.00509 1.63469,2.48881 2.15182,0.93743 0.17262,-0.51787 0.0108,-3.07414 -0.3597,-5.68061 -0.37046,-2.60647 -1.0907,-9.28352 -1.60053,-14.83789 -0.50983,-5.55438 -1.30955,-10.57225 -1.77715,-11.15083 -1.00106,-1.23866 -4.26478,-1.37809 -6.33611,-0.27069 -1.36731,0.73101 -4.10101,1.92979 -12.47554,5.47075 -1.89204,0.79999 -4.50722,2.37151 -5.81151,3.49226 -1.30429,1.12074 -2.82191,2.03772 -3.37247,2.03772 -0.55057,0 -1.67358,0.74316 -2.49559,1.65146 -0.822,0.90831 -2.76184,2.06971 -4.31075,2.5809 -1.54891,0.51118 -3.8241,2.13494 -5.05597,3.60836 -1.23188,1.47341 -2.72979,2.86829 -3.32867,3.09972 -1.08999,0.42121 -10.6797,8.86965 -18.14989,15.98987 -2.18528,2.08289 -6.08658,5.62648 -8.66956,7.87464 -2.583,2.24816 -4.69635,4.61508 -4.69635,5.25982 0,0.64475 -0.34958,1.17226 -0.77684,1.17226 -0.90162,0 -4.60909,3.6846 -7.63888,7.59176 -1.15717,1.49225 -2.95603,3.66888 -3.99747,4.83696 -1.04145,1.16808 -1.89529,2.35252 -1.89743,2.63207 -0.003,0.27956 -1.10083,1.6785 -2.44153,3.10875 -1.3407,1.43026 -3.68388,4.83862 -5.20707,7.57415 -1.52318,2.73553 -3.84744,6.10193 -5.16499,7.4809 -1.31756,1.37895 -2.59874,3.27249 -2.84707,4.20786 -0.24832,0.93535 -1.60891,2.45807 -3.02353,3.3838 -1.67405,1.0955 -3.21182,3.29697 -4.40453,6.30553 -1.67441,4.22368 -2.10125,4.66608 -4.94831,5.12886 -1.7137,0.27856 -3.23598,0.66007 -3.38283,0.84783 -0.14685,0.18775 -1.37347,1.84026 -2.72581,3.67224 -2.6186,3.54734 -8.79667,9.92481 -14.30132,14.76292 -4.39024,3.85863 -10.44142,11.14708 -10.5256,12.67774 -0.0472,0.85815 -0.18942,0.90342 -0.49091,0.15623 -0.76259,-1.8899 -2.04815,-1.12977 -7.3051,4.31941 -15.04341,15.59347 -23.24266,24.88322 -23.26226,26.35615 -0.008,0.55558 -0.48683,1.313 -1.06541,1.68315 -1.63475,1.04584 -3.15589,4.21801 -3.15589,6.58128 0,2.16486 1.99244,4.43845 20.35163,23.22338 4.01899,4.1122 7.61671,7.52556 7.99493,7.58524 7.10697,1.12153 14.5736,1.75684 14.5736,1.24001 0,-1.01656 -4.62224,-7.655 -6.3018,-9.05063 -1.35797,-1.12841 -1.7231,-2.63448 -1.93822,-7.99494 -0.26356,-6.56717 -0.2481,-6.6222 2.72513,-9.70434 1.6446,-1.70484 2.99018,-3.3385 2.99018,-3.63035 0,-0.67993 1.83749,-2.69507 14.46197,-15.86018 5.70042,-5.94453 10.26972,-11.15176 10.15401,-11.57162 -0.11572,-0.41985 0.50207,-0.76337 1.37286,-0.76337 0.87079,0 2.52633,-1.2308 3.67896,-2.73511 1.15262,-1.50431 5.40231,-6.14348 9.44374,-10.30926 4.04142,-4.16578 9.28208,-9.84639 11.64588,-12.62358 2.36382,-2.77719 4.91975,-5.67469 5.67985,-6.43888 2.33672,-2.34936 7.5222,-8.85096 7.5222,-9.43144 0,-0.63751 6.3762,-7.39021 13.55652,-14.35701 1.39189,-1.35049 3.82594,-4.4068 5.40901,-6.7918 1.58309,-2.38501 5.36409,-6.72333 8.40225,-9.64072 l 5.52393,-5.30434 4.1829,0.55488 c 2.3006,0.30518 4.70718,0.75606 5.34795,1.00195 1.73095,0.66423 6.73497,10.35876 7.30602,14.15433 0.48795,3.24321 0.36649,3.43064 -6.95381,10.73004 -4.09773,4.08605 -7.72958,7.45305 -8.07077,7.48224 -0.34118,0.0292 -2.70323,2.5621 -5.24899,5.62873 -2.54575,3.06662 -5.76476,6.73541 -7.15336,8.15285 -1.38859,1.41744 -3.63299,4.09173 -4.98754,5.94288 -1.35455,1.85114 -4.10018,5.05765 -6.1014,7.12559 -2.00121,2.06794 -3.63857,4.43486 -3.63857,5.25983 0,0.82496 -0.43193,1.49994 -0.95985,1.49994 -1.18757,0 -7.68869,6.83399 -13.98261,14.69857 -2.60571,3.25597 -9.38913,10.65379 -15.07426,16.43959 -39.73206,27.502 13.8486,26.21399 10.87137,46.94032 -0.2014,0.59105 0.8049,2.27245 2.23623,3.73644 1.43132,1.46399 2.6024,2.93853 2.6024,3.27675 0,0.33822 1.13612,0.86448 2.52472,1.16946 20.26008,-10.40156 7.81052,8.06941 26.55603,-10.02519 z M 364.71707,712.36042 c 0.80957,-1.27288 2.0491,-2.66733 2.7545,-3.09878 0.70542,-0.43146 3.22816,-2.7037 5.60609,-5.04943 2.37794,-2.34574 6.43863,-5.96916 9.02377,-8.05205 2.58513,-2.08289 4.71065,-4.13201 4.72337,-4.55358 0.0283,-0.93728 5.09419,-5.54529 6.09632,-5.54529 0.39633,0 2.49907,-1.70418 4.67275,-3.78707 2.17369,-2.08289 4.33961,-3.78708 4.81316,-3.78708 0.47354,0 1.96615,-1.32547 3.31692,-2.9455 1.35075,-1.62003 3.05282,-2.96154 3.78236,-2.98114 0.72953,-0.0196 2.25543,-1.15572 3.39088,-2.52472 1.13544,-1.36899 2.5556,-2.48907 3.15589,-2.48907 0.60029,0 1.09144,-0.38683 1.09144,-0.85962 0,-0.47279 1.04145,-1.3112 2.31433,-1.86315 1.27287,-0.55194 3.21805,-1.8693 4.32261,-2.92746 1.10457,-1.05816 2.6677,-1.92392 3.47364,-1.92392 0.80593,0 1.93679,-0.56806 2.513,-1.26236 0.57622,-0.6943 1.5852,-1.26236 2.24217,-1.26236 0.65697,0 2.00748,-0.75741 3.00114,-1.68314 0.99366,-0.92573 2.58733,-1.69157 3.54149,-1.70186 0.95417,-0.0103 2.68162,-0.75929 3.83878,-1.66443 1.15716,-0.90515 2.58246,-1.65414 3.16732,-1.66443 1.30469,-0.023 4.60462,-1.81912 5.44591,-2.96422 0.86089,-1.17177 0.80138,-7.79837 -0.0749,-8.33993 -0.39543,-0.2444 -0.94794,-2.63366 -1.22781,-5.3095 -0.61046,-5.8366 -3.60794,-19.17856 -4.96901,-22.11738 -0.53592,-1.15716 -1.06805,-2.93112 -1.1825,-3.94213 -0.26965,-2.38203 -5.97839,-19.88716 -7.90852,-24.25053 -3.51593,-7.9483 -5.0325,-12.22832 -5.0325,-14.20268 0,-1.15976 -0.32896,-2.31196 -0.73103,-2.56045 -0.40206,-0.24849 -0.98673,-2.05091 -1.29927,-4.00537 -0.31253,-1.95447 -0.85135,-3.95108 -1.19737,-4.43691 -0.81527,-1.14468 -2.365,-5.97718 -3.11705,-9.71983 -0.32552,-1.62003 -1.49273,-4.49361 -2.59379,-6.38573 -1.10106,-1.89213 -2.00192,-4.22999 -2.00192,-5.19526 0,-0.96526 -0.94677,-2.8802 -2.10393,-4.25541 -1.15716,-1.37521 -2.10393,-2.76468 -2.10393,-3.08772 0,-0.32304 -0.75741,-1.55025 -1.68314,-2.72712 -1.10586,-1.40587 -1.68315,-3.41407 -1.68315,-5.85514 0,-5.46913 -1.72667,-8.17056 -6.04346,-9.45522 -1.99904,-0.5949 -4.58138,-1.57002 -5.73855,-2.16695 -2.12222,-1.09475 -8.54089,-0.64598 -10.80889,0.75572 -0.5881,0.36347 -1.89973,0.79777 -2.91473,0.96512 -6.59211,1.08687 -10.75418,2.71268 -14.78824,5.77664 -2.48989,1.89112 -5.69806,4.00646 -7.12927,4.70076 -1.80535,0.8758 -3.46745,2.93745 -5.42778,6.73258 -1.55407,3.00862 -3.36378,6.06809 -4.02157,6.79884 -0.65778,0.73074 -1.19597,1.75901 -1.19597,2.28503 0,0.52604 -1.13612,2.25039 -2.52472,3.83192 -1.38859,1.58151 -2.52471,3.12536 -2.52471,3.43076 0,0.3054 -0.75742,1.36825 -1.68315,2.3619 -0.92573,0.99367 -1.68314,2.28609 -1.68314,2.87207 0,0.58598 -0.94677,2.01218 -2.10393,3.16934 -1.15716,1.15717 -2.10393,2.87857 -2.10393,3.82534 0,0.94677 -0.35319,1.72139 -0.78486,1.72139 -0.43168,0 -1.05506,0.85209 -1.3853,1.89354 -0.33025,1.04144 -1.52006,3.35078 -2.64402,5.13185 -1.87201,2.96646 -2.30327,3.20751 -5.13688,2.87131 -1.70132,-0.20185 -3.67591,-0.62741 -4.38798,-0.9457 -1.07824,-0.48195 -1.32947,0.30225 -1.50279,4.69079 -0.11445,2.89822 -0.57329,5.63468 -1.01964,6.08102 -0.44635,0.44636 -0.81154,1.64206 -0.81154,2.65712 0,1.01508 -0.56806,2.06356 -1.26236,2.33 -0.79233,0.30404 -1.26236,1.59096 -1.26236,3.45633 0,1.63455 -0.40196,2.97191 -0.89323,2.97191 -0.49129,0 -3.10304,2.28656 -5.8039,5.08125 -3.5496,3.67292 -4.79097,5.53894 -4.47882,6.73258 0.3678,1.40646 -0.002,1.65132 -2.48895,1.65132 -1.94905,0 -3.67602,0.69996 -5.19094,2.10393 -1.2486,1.15716 -2.76003,2.10393 -3.35874,2.10393 -0.59871,0 -1.77401,0.75741 -2.61179,1.68314 -0.83778,0.92573 -2.17788,1.68315 -2.97801,1.68315 -0.80013,0 -2.78073,1.46767 -4.40134,3.26149 -2.70689,2.99619 -2.99648,3.83476 -3.56023,10.30925 -0.33752,3.87628 -0.94963,7.68649 -1.36027,8.46715 -0.41064,0.78066 -1.14727,4.30008 -1.63698,7.82092 -0.50966,3.66431 -1.67871,7.73251 -2.73406,9.51425 -1.01403,1.712 -2.27667,4.2519 -2.80586,5.64424 -0.5292,1.39233 -1.45468,3.73679 -2.05663,5.20988 -0.96028,2.35004 -0.89392,3.05575 0.5414,5.75699 1.56277,2.94115 1.79708,3.06088 5.24666,2.681 3.95598,-0.43566 6.13219,-1.99968 9.02703,-6.4877 1.73459,-2.68925 4.82189,-6.20987 12.54581,-14.30673 1.54541,-1.62003 4.2283,-4.64968 5.96198,-6.73258 1.73367,-2.08289 5.56556,-6.38352 8.51529,-9.55696 2.94974,-3.17345 5.36315,-6.21612 5.36315,-6.76152 0,-0.5454 1.13613,-1.66275 2.52472,-2.48302 1.38859,-0.82026 2.52472,-1.77328 2.52472,-2.11782 0,-0.34454 1.69657,-2.31135 3.77016,-4.37067 2.07359,-2.05934 3.77777,-4.06957 3.78708,-4.46719 0.009,-0.39763 0.77344,-1.53375 1.6981,-2.52472 4.64646,-4.97966 7.57484,-8.62451 7.57544,-9.42886 3.6e-4,-0.49198 1.13678,-1.98298 2.52537,-3.31334 1.38859,-1.33036 2.52472,-2.98631 2.52472,-3.67989 0,-2.51224 3.50231,-5.15662 6.82961,-5.15662 1.74345,0 3.40397,0.37871 3.69004,0.84157 0.28606,0.46287 1.26455,0.84158 2.17442,0.84158 0.95001,0 1.9664,0.82087 2.38738,1.92812 0.40319,1.06047 1.40372,2.48062 2.22341,3.1559 3.68312,3.03422 6.25915,7.77969 6.25915,11.53035 0,3.54515 -0.32512,4.05403 -6.2935,9.85063 -3.46143,3.3618 -6.04926,6.3566 -5.75074,6.65512 0.29851,0.29852 -0.0884,0.54276 -0.85986,0.54276 -0.77144,0 -1.40262,0.42 -1.40262,0.93334 0,0.90884 -0.8559,1.96579 -6.52218,8.05426 -1.50431,1.6164 -2.73511,3.13478 -2.73511,3.37418 0,0.23941 -1.70243,2.32879 -3.78317,4.64308 -3.86044,4.29373 -4.15271,5.71758 -1.17366,5.71758 2.32881,0 4.44029,5.22241 3.71887,9.19802 -1.20407,6.63546 -1.41788,11.93162 -0.52512,13.00733 1.21514,1.46415 5.12936,12.30051 5.12936,14.20042 0,0.8183 0.33222,2.14541 0.73826,2.94915 1.10065,2.17861 2.41178,6.77943 3.41435,11.98098 1.6023,8.31315 4.69944,16.80277 6.13725,16.82288 0.33648,0.005 1.27415,-1.03288 2.08373,-2.30576 z M 213.9049,707.94216 c 0.28607,-0.46286 1.17833,-0.84157 1.9828,-0.84157 0.80448,0 2.94188,-1.51483 4.74978,-3.36629 1.80789,-1.85145 3.69389,-3.36628 4.1911,-3.36628 0.4972,0 2.10494,-1.04145 3.57275,-2.31433 1.46781,-1.27287 4.20316,-3.58454 6.07856,-5.13704 1.8754,-1.55249 3.40981,-3.21346 3.40981,-3.69106 0,-1.22129 -7.53309,-0.0892 -9.19579,1.38197 -0.72812,0.64424 -3.02804,1.37746 -5.11093,1.62938 -6.14755,0.74351 -12.04525,1.93168 -14.43809,2.90873 -1.8817,0.76835 -2.19326,1.35345 -1.96956,3.69872 0.46663,4.89211 1.40469,7.42099 3.22591,8.69662 2.0873,1.46201 2.79775,1.54334 3.50366,0.40115 z m -8.66975,-35.46898 c 3.8265,-0.51496 7.82777,-1.50668 8.89173,-2.20381 1.06397,-0.69713 2.16003,-1.04197 2.4357,-0.7663 0.27567,0.27568 1.57052,-0.0517 2.87744,-0.72757 1.30693,-0.67584 3.45542,-1.22879 4.77442,-1.22879 1.31901,0 2.75797,-0.31966 3.19769,-0.71036 0.43972,-0.39069 2.95184,-1.56056 5.58248,-2.59971 6.73329,-2.65975 15.38024,-9.80309 18.86094,-15.58122 1.57607,-2.61637 2.86559,-5.25974 2.86559,-5.87419 0,-0.61444 0.56806,-1.58861 1.26236,-2.16483 0.69429,-0.57622 1.26267,-1.66403 1.26304,-2.41737 7.9e-4,-1.56897 2.70734,-8.98691 3.60744,-9.887 1.00607,-1.00608 0.66931,-5.31697 -0.56964,-7.29179 -0.64315,-1.02516 -1.64632,-3.79284 -2.22925,-6.15041 -0.58294,-2.35755 -1.53831,-4.94075 -2.12304,-5.74042 -0.98265,-1.34386 -1.25805,-1.35317 -3.6368,-0.12307 -1.41551,0.73199 -2.9769,2.08438 -3.46978,3.00532 -0.49286,0.92094 -1.48534,1.67443 -2.20549,1.67443 -0.72015,0 -2.86711,1.33338 -4.77103,2.96306 -2.06884,1.77085 -4.75442,3.16978 -6.67461,3.47684 -1.76712,0.28257 -3.39398,0.80668 -3.61524,1.16469 -0.6244,1.01031 -7.18345,-0.0191 -10.92162,-1.71409 -4.44557,-2.01575 -12.44381,-9.6372 -14.68633,-13.99449 -0.98375,-1.91144 -2.53158,-4.1477 -3.43962,-4.96947 -0.90805,-0.82177 -1.65354,-2.09817 -1.65667,-2.83645 -0.007,-1.64435 -7.03752,-12.72151 -8.99755,-14.17629 -1.58506,-1.17646 -7.82821,-1.44827 -7.82821,-0.34082 0,0.39112 0.75787,1.397 1.68417,2.23529 0.9263,0.83829 2.63121,3.52604 3.78871,5.97278 1.15749,2.44675 2.51652,4.70325 3.02005,5.01445 1.66482,1.02892 -1.7267,12.99664 -3.68311,12.99664 -0.4165,0 -1.72017,0.75742 -2.89704,1.68315 -1.17687,0.92573 -3.22482,1.68314 -4.55099,1.68314 -3.27866,0 -3.03215,1.0811 0.99662,4.37074 1.87432,1.53044 4.15425,4.20278 5.06653,5.93852 0.91228,1.73574 1.98615,3.1559 2.38637,3.1559 1.40522,0 3.60146,4.26866 2.73518,5.31614 -0.45288,0.54761 -0.9516,2.13177 -1.10827,3.52036 -0.18558,1.6448 -0.94747,2.8154 -2.18607,3.35877 -3.46238,1.51891 -3.17532,3.56483 1.21959,8.69217 7.48186,8.72876 8.17524,10.5867 5.31026,14.22894 -0.92573,1.17687 -1.68314,2.64344 -1.68314,3.25902 0,0.6156 -0.79044,1.54229 -1.75652,2.05932 -2.15725,1.15453 -9.73075,0.25952 -10.29731,-1.2169 -0.47705,-1.24316 -7.54024,-2.8711 -14.28038,-3.29138 -4.06991,-0.25378 -4.83227,-0.0866 -4.62046,1.01319 0.1395,0.72441 1.38609,1.65351 2.77019,2.06467 1.38409,0.41116 3.17413,1.08172 3.97787,1.49015 0.80373,0.40841 1.91003,0.74258 2.45845,0.74258 0.54842,0 1.59499,0.51404 2.32574,1.1423 1.50306,1.2923 11.39871,3.89328 14.96673,3.93389 1.29347,0.0147 3.06681,0.56811 3.94077,1.22976 1.12868,0.85448 2.03453,0.96454 3.12693,0.37991 0.84587,-0.4527 4.6687,-1.24442 8.49518,-1.75939 z m -93.0043,-79.13151 c 1.07128,-1.00642 1.94778,-2.16959 1.94778,-2.58483 0,-0.41525 0.56806,-1.32305 1.26235,-2.01735 1.89256,-1.89255 1.6316,-6.7763 -0.42078,-7.87471 -0.92573,-0.49543 -1.68315,-1.42292 -1.68315,-2.06107 0,-1.192 -8.99366,-8.76862 -14.121548,-11.89657 -4.247658,-2.59102 -7.704667,-10.73888 -7.735754,-18.23249 -0.0234,-5.63895 -0.0067,-5.68069 2.290758,-5.6921 6.520694,-0.0324 7.772484,-2.39885 3.787074,-7.15939 -4.158661,-4.9675 -6.078623,-7.54574 -6.090111,-8.17819 -0.0226,-1.24426 -2.944551,-4.00709 -4.237862,-4.00709 -0.730291,0 -1.782247,-0.45444 -2.337685,-1.00988 -0.785466,-0.78547 -1.009886,-0.59259 -1.009886,0.86798 0,1.03283 0.538812,2.08463 1.197358,2.33735 0.658544,0.2527 1.812002,1.75473 2.563232,3.33783 1.736558,3.65952 0.935912,8.56763 -1.74112,10.67338 -1.417064,1.11466 -1.997171,2.54933 -2.184799,5.40326 -0.159363,2.42399 -0.760456,4.20209 -1.597952,4.72693 -1.603887,1.00512 -6.100535,0.0598 -5.366348,-1.12808 0.282346,-0.45685 0.889759,-0.598 1.349807,-0.31368 0.987991,0.61062 4.096678,-1.99244 4.096678,-3.43034 0,-0.54827 -0.999429,-1.45221 -2.220952,-2.00878 -1.221524,-0.55656 -2.953194,-1.94283 -3.848155,-3.08059 -0.894962,-1.13775 -2.179663,-2.06865 -2.854892,-2.06865 -0.675229,0 -1.445674,-0.56806 -1.712102,-1.26236 -0.266426,-0.6943 -1.220116,-1.26236 -2.119309,-1.26236 -0.899194,0 -2.704199,-0.55295 -4.011123,-1.22879 -2.780689,-1.43796 -3.431193,-1.02608 -3.431193,2.17249 0,2.0444 -0.406108,2.42295 -3.155895,2.94182 -1.735742,0.32751 -2.587834,0.77279 -1.893537,0.98952 2.117326,0.66089 4.28894,2.94722 5.458847,5.74721 0.879745,2.10552 2.102393,3.03202 5.853099,4.43534 2.607582,0.97561 5.496432,1.77385 6.419664,1.77385 4.247223,0 15.089696,7.63576 15.089696,10.62684 0,0.63534 0.520722,1.15517 1.157161,1.15517 1.139051,0 2.235981,3.54466 2.181127,7.04817 -0.03526,2.25152 -2.230493,4.84832 -5.231825,6.18882 -3.301608,1.47461 -3.067701,4.5853 0.631179,8.39391 1.620026,1.66809 2.945502,3.31245 2.945502,3.65413 0,0.34168 1.018344,0.87683 2.262995,1.18921 1.244643,0.31239 3.25297,1.27291 4.462949,2.13449 1.935452,1.37817 3.836512,1.81167 10.472042,2.38797 0.89589,0.0778 2.5054,-0.68196 3.57668,-1.68837 z M 68.118687,544.38124 c -1.688958,-0.83742 -3.17913,-2.92297 -2.543033,-3.55907 0.136301,-0.1363 1.522009,0.86467 3.079352,2.22439 2.913816,2.54404 2.745849,2.96204 -0.536319,1.33468 z m 162.196863,45.74632 c 0,-0.34999 1.67827,-2.38793 3.72949,-4.52876 3.55007,-3.70518 3.95221,-3.89244 8.35901,-3.89244 3.94644,0 4.71131,-0.25771 5.18386,-1.74657 0.30488,-0.96061 0.37867,-1.92223 0.16396,-2.13694 -0.2147,-0.2147 -5.95524,-0.76309 -12.75676,-1.21863 -10.4401,-0.69926 -12.6445,-1.08739 -14.15188,-2.49171 -0.98202,-0.9149 -2.64303,-1.66345 -3.69113,-1.66345 -2.18578,0 -6.1927,-1.65748 -6.1927,-2.56164 0,-0.33458 -0.75742,-0.8064 -1.68315,-1.04849 -2.55296,-0.66762 -2.05343,1.1938 1.30405,4.85933 1.64296,1.79369 3.7971,5.18139 4.78698,7.52821 0.98988,2.34683 3.47712,6.42994 5.5272,9.07357 l 3.72741,4.80661 2.84683,-2.17138 c 1.56576,-1.19427 2.84683,-2.45774 2.84683,-2.80771 z m 47.46875,1.25687 c 1.70518,-1.15716 3.39135,-2.10393 3.74707,-2.10393 0.3557,0 1.73522,-1.13612 3.06557,-2.52471 1.33036,-1.3886 2.76715,-2.52472 3.19287,-2.52472 1.42433,0 9.30969,-6.7802 10.87079,-9.3472 1.99442,-3.27958 1.17932,-4.64928 -1.65976,-2.78903 -1.19227,0.7812 -4.66025,2.74022 -7.70661,4.35338 -6.05807,3.20797 -12.3391,8.42321 -12.15455,10.09213 0.0643,0.58135 -0.76633,1.05701 -1.84582,1.05701 -1.72882,0 -4.58285,2.69869 -4.58285,4.33341 0,0.50224 1.29465,1.04865 3.45924,1.45997 0.28255,0.0537 1.90888,-0.84914 3.61405,-2.00631 z m -136.89997,-9.04689 c 0.45269,-0.57859 1.03167,-1.90406 1.28662,-2.94551 0.4122,-1.6838 0.14602,-1.89353 -2.40317,-1.89353 -2.95772,0 -3.26614,0.52771 -2.33628,3.99746 0.55856,2.08426 2.17272,2.47768 3.45283,0.84158 z m -56.636762,-0.54178 c 0.630646,-1.02041 -3.619577,-10.18827 -4.723285,-10.18827 -2.224568,0 -1.539193,5.42815 1.110734,8.79699 1.764826,2.24361 2.831816,2.65453 3.612551,1.39128 z m 72.851222,-8.88631 c 0,-0.20966 -0.43949,-1.34578 -0.97666,-2.52472 -1.70075,-3.73275 -4.20154,-2.28515 -2.72037,1.57472 0.44273,1.15373 3.69703,1.98997 3.69703,0.95 z m 39.71257,-12.27518 c -1.01301,-0.94376 -1.84183,-2.3999 -1.84183,-3.23586 0,-0.83595 -0.75741,-2.20537 -1.68314,-3.04315 -0.92573,-0.83777 -1.68315,-2.19959 -1.68315,-3.02626 0,-0.82668 -0.42702,-1.76696 -0.94893,-2.08952 -0.67362,-0.41631 -0.78085,-3.66594 -0.36959,-11.2005 l 0.57934,-10.61402 4.7644,-4.48481 c 5.86328,-5.51919 11.42251,-9.33478 14.49621,-9.94952 1.27766,-0.25553 3.59767,0.0906 5.15556,0.76916 1.55789,0.67858 4.42125,1.90141 6.36302,2.71741 1.94176,0.81601 4.37471,2.38227 5.40652,3.48059 2.22656,2.37007 6.0598,2.63305 7.64062,0.5242 0.60719,-0.81001 2.23818,-2.10825 3.62441,-2.88496 3.029,-1.69718 4.05786,-5.74115 1.46064,-5.74115 -0.87579,0 -2.48178,-0.94677 -3.56888,-2.10393 -1.0871,-1.15717 -2.40774,-2.10393 -2.93475,-2.10393 -1.80072,0 -5.61473,-4.85673 -6.3699,-8.11138 -0.41473,-1.78741 -0.75431,-5.52209 -0.75461,-8.29928 -4.9e-4,-4.50318 0.29322,-5.37695 2.71503,-8.07695 1.49357,-1.66515 3.66235,-4.27996 4.81951,-5.81071 1.15716,-1.53075 3.14538,-4.10219 4.41825,-5.71431 1.27288,-1.61212 2.31433,-3.29224 2.31433,-3.73359 0,-0.44136 1.33904,-2.36683 2.97564,-4.27883 2.62728,-3.06939 3.34157,-3.44686 6.10139,-3.22425 1.71917,0.13866 3.96453,0.79074 4.98969,1.44905 2.95882,1.90002 4.78562,1.57698 3.93943,-0.69661 -0.3876,-1.04145 -0.74752,-6.31374 -0.79981,-11.71619 -0.069,-7.12872 -0.43881,-10.36003 -1.34839,-11.78201 -0.68933,-1.07765 -2.31822,-4.61031 -3.61978,-7.85036 -2.86322,-7.12759 -3.37903,-16.52056 -1.6175,-29.45502 1.44133,-10.5834 4.32292,-24.81263 5.26858,-26.0162 0.39503,-0.50276 0.97597,-2.93963 1.29097,-5.41526 0.31501,-2.47563 1.07744,-5.884 1.69427,-7.57414 0.61684,-1.69016 1.61529,-4.70997 2.21879,-6.7107 1.04235,-3.45564 5.43726,-8.52666 15.27556,-17.62551 3.26155,-3.01642 9.9512,-7.73149 11.00365,-7.75571 0.36589,-0.008 1.69137,-0.75057 2.94551,-1.64921 2.28692,-1.63868 4.7188,-2.26857 12.18331,-3.15568 l 4.01206,-0.47681 -0.5295,-3.99155 c -0.34018,-2.56448 -0.19496,-4.19831 0.4062,-4.56984 1.84866,-1.14254 1.0304,-4.59554 -1.37864,-5.8177 -2.95161,-1.49743 -12.18856,-1.6654 -20.82891,-0.37875 -3.70291,0.5514 -6.96142,0.94569 -7.24112,0.87618 -0.6839,-0.16994 -5.95188,5.19759 -9.81869,10.00425 -1.72586,2.14533 -4.40705,4.95688 -5.95823,6.24791 -4.18339,3.4818 -9.06732,3.02163 -18.58662,-1.75125 -5.00275,-2.50832 -9.43355,-4.04432 -13.62223,-4.72231 -4.36413,-0.70639 -9.58214,-2.56576 -17.56908,-6.26048 -14.04004,-6.49487 -14.60053,-6.66463 -16.08145,-4.87074 -0.94777,1.14809 -0.96141,1.48865 -0.0716,1.78802 0.60455,0.20338 1.74067,1.04043 2.52471,1.86011 0.78405,0.81967 2.75102,2.15056 4.37104,2.95753 5.81951,2.89882 19.96775,19.55515 23.2403,27.36015 2.91151,6.94393 5.86985,13.27581 6.68432,14.30673 1.17738,1.4903 3.11853,7.67224 4.62449,14.72751 0.59279,2.77719 1.65679,6.18555 2.36443,7.57415 1.31336,2.57714 3.05245,15.53952 4.00828,29.8758 0.51396,7.70884 -0.55908,20.175 -2.20941,25.66795 -0.41719,1.3886 -1.38602,4.98632 -2.15295,7.99494 -0.76692,3.00862 -1.66609,5.84892 -1.99815,6.31179 -0.33206,0.46286 -1.08307,2.51488 -1.66892,4.56004 -0.58585,2.04515 -2.01151,5.78736 -3.16813,8.316 -1.15664,2.52864 -2.23285,5.62378 -2.39158,6.87808 -0.15874,1.25429 -1.45033,4.25082 -2.87022,6.65894 -1.41987,2.40811 -2.58159,4.77357 -2.58159,5.25657 0,1.66308 -5.85018,11.26016 -9.86413,16.18189 -2.212,2.71223 -4.79183,6.1206 -5.73296,7.57414 -2.01064,3.10535 -9.31309,10.63774 -10.31301,10.63774 -0.38019,0 -2.13835,1.32548 -3.90701,2.94551 -1.76866,1.62002 -3.69568,2.9455 -4.28227,2.9455 -0.5866,0 -1.29306,0.59029 -1.56991,1.31176 -0.27685,0.72146 -3.063,2.46665 -6.19144,3.87819 -3.12843,1.41154 -5.79059,2.65953 -5.91591,2.7733 -0.57553,0.5225 1.80733,9.4341 2.83552,10.6045 0.63563,0.72353 1.19181,2.61707 1.23597,4.20786 0.11355,4.0905 -0.98504,10.84164 -1.85134,11.37705 -1.57875,0.97571 -0.67082,2.87651 1.37398,2.87651 1.15716,0 2.10393,0.37871 2.10393,0.84157 0,0.46287 1.98822,0.85362 4.41826,0.86833 2.54301,0.0154 5.11159,0.55119 6.05185,1.26236 0.89848,0.67958 2.57939,1.2356 3.73537,1.2356 h 2.10176 z M 49.753113,558.74865 c -0.278116,-0.72476 -1.064114,-1.53204 -1.746663,-1.79396 -0.819379,-0.31442 -1.038673,-0.1221 -0.64547,0.56611 1.78809,3.12961 3.449063,3.98216 2.392133,1.22785 z m 208.567827,-1.88738 c -0.103,-1.3783 -0.55237,-5.77596 -0.99859,-9.77257 -0.44623,-3.99661 -0.60182,-8.06771 -0.34576,-9.0469 0.67091,-2.56554 -2.08087,-2.34907 -3.06568,0.24116 -0.42272,1.11183 -1.69164,2.91069 -2.81982,3.99747 -1.12819,1.08678 -2.31095,3.11209 -2.62836,4.50069 -0.8193,3.58431 -3.19823,8.8365 -4.00241,8.8365 -0.37379,0 -0.67962,0.49232 -0.67962,1.09405 0,2.39918 2.02425,3.09511 8.36468,2.87575 l 6.36283,-0.22014 z m -34.73796,-3.71869 c 0,-0.89842 0.37871,-1.86754 0.84157,-2.1536 0.46286,-0.28607 0.84102,-1.34987 0.84033,-2.364 -0.002,-2.15532 -7.86776,-10.27603 -9.17282,-9.46946 -0.47278,0.2922 -1.10578,1.84347 -1.40665,3.44726 -0.30087,1.60379 -0.8836,2.91598 -1.29495,2.91598 -0.41136,0 -0.74792,0.82227 -0.74792,1.82727 0,2.03771 2.22991,4.9053 3.81446,4.9053 0.56589,0 1.50033,0.56807 2.07655,1.26236 1.57244,1.89468 5.04943,1.63913 5.04943,-0.37111 z m -92.07932,-1.87548 c 5.56516,-3.99659 5.05748,-5.38148 -2.43466,-6.64147 -2.4039,-0.40427 -5.59716,-0.97911 -7.09614,-1.27741 -2.07374,-0.41268 -2.84987,-0.21803 -3.24593,0.81408 -0.31276,0.81503 -1.49232,1.35646 -2.9552,1.35646 -1.49793,0 -2.43468,0.44266 -2.43468,1.15052 0,1.49954 6.55259,5.8312 7.98783,5.28044 0.60823,-0.23339 1.80541,0.10565 2.66042,0.75344 2.28544,1.73154 3.40545,1.51761 7.51836,-1.43606 z m 150.14778,-0.27812 c 0.57622,-0.6943 2.11507,-1.26236 3.41967,-1.26236 1.3046,0 2.60605,-0.37871 2.89212,-0.84157 0.28607,-0.46287 1.44454,-0.84158 2.57439,-0.84158 2.00313,0 2.05426,-0.16406 2.05426,-6.59231 0,-3.62578 -0.2361,-6.82841 -0.52466,-7.11697 -0.28855,-0.28856 -1.70871,0.36427 -3.15589,1.45073 -1.44718,1.08646 -3.95672,2.24612 -5.57674,2.57702 -1.62003,0.33091 -3.95639,1.55008 -5.19192,2.70927 -1.88294,1.76659 -2.17038,2.60332 -1.77648,5.17112 0.87416,5.69846 2.9489,7.56177 5.28525,4.74665 z m 36.19686,-8.62612 c 0.005,-3.5872 0.2333,-7.87643 0.50713,-9.53162 0.58371,-3.52827 -1.13774,-5.82707 -4.36358,-5.82707 -1.85469,0 -2.05866,0.36992 -2.20413,3.99747 -0.56007,13.96569 -0.57128,13.85784 1.6568,15.92276 3.68684,3.41684 4.39349,2.68487 4.40378,-4.56154 z m -42.23972,-29.52094 c 0.1479,-1.00519 0.76183,-1.82762 1.36427,-1.82762 0.60244,0 1.99625,-1.32289 3.09736,-2.93975 1.61441,-2.3706 2.54713,-2.94087 4.81761,-2.9455 1.54857,-0.003 3.89597,-0.77506 5.21645,-1.71532 l 2.40087,-1.70956 10.56014,1.761 c 5.80809,0.96856 10.94015,1.52616 11.4046,1.23912 0.46444,-0.28704 0.84444,-1.20549 0.84444,-2.04098 0,-1.64854 -4.12941,-2.57041 -11.68907,-2.60952 -2.13401,-0.011 -5.39484,-0.4161 -7.2463,-0.90012 -1.85146,-0.48403 -4.31306,-1.09251 -5.47022,-1.35217 -1.15716,-0.25966 -2.67199,-0.9254 -3.36628,-1.4794 -0.6943,-0.55401 -2.96655,-1.49487 -5.04944,-2.09081 -2.7947,-0.79959 -5.38589,-2.6449 -9.88847,-7.04203 -3.35576,-3.27719 -6.10139,-6.39396 -6.10139,-6.92618 0,-1.03445 -3.19453,-4.25688 -3.64609,-3.67794 -0.14822,0.19002 -1.17353,1.84651 -2.27847,3.68109 -1.10494,1.83457 -2.68553,4.01214 -3.51244,4.83904 -0.82689,0.8269 -1.50344,1.83799 -1.50344,2.24686 0,0.40888 -0.75741,0.94149 -1.68314,1.18357 -1.04825,0.27413 -1.68315,1.14792 -1.68315,2.31647 0,1.74382 0.27153,1.83911 3.84473,1.34935 6.65009,-0.91149 10.06792,2.08477 11.5827,10.15404 0.27902,1.48636 0.14101,2.92887 -0.30669,3.20556 -2.508,1.55002 0.39793,7.07117 4.6562,8.8466 2.34793,0.97894 3.32255,0.55914 3.63522,-1.5658 z m -116.6858,-5.68642 c 2.16035,-1.09454 5.56872,-2.25114 7.57415,-2.57024 2.00543,-0.31909 4.78235,-1.28066 6.17095,-2.13679 1.38859,-0.85614 3.18745,-1.78483 3.99746,-2.06376 0.81002,-0.27893 1.47275,-0.84169 1.47275,-1.25057 0,-0.40888 0.66274,-0.75452 1.47275,-0.76808 1.61071,-0.027 6.94297,-4.50054 6.94297,-5.82487 0,-0.4531 0.73177,-1.21546 1.62616,-1.69411 0.89438,-0.47866 1.86666,-1.6281 2.16063,-2.55433 0.29397,-0.92622 0.90585,-1.68404 1.35972,-1.68404 0.99952,0 4.8799,-4.29068 4.94713,-5.47021 0.0264,-0.46287 1.93019,-3.10492 4.23067,-5.87122 2.913,-3.50285 4.0317,-5.50544 3.68525,-6.59699 -0.32717,-1.03083 0.10625,-1.9902 1.26614,-2.80262 0.96998,-0.6794 1.7636,-1.75921 1.7636,-2.39959 0,-0.64037 1.13612,-3.35408 2.52472,-6.03047 1.38859,-2.67638 2.52471,-5.31468 2.52471,-5.86288 0,-0.5482 1.12374,-3.50131 2.4972,-6.56249 3.08886,-6.88451 4.96127,-13.07751 5.61626,-18.57593 0.27569,-2.31432 0.81358,-4.80531 1.1953,-5.53551 0.38171,-0.73022 0.75935,-4.32794 0.83918,-7.99494 0.0799,-3.66701 0.45423,-8.37146 0.83198,-10.45435 0.66767,-3.68139 -0.62753,-13.59145 -2.59258,-19.8367 -0.44725,-1.42145 -0.81319,-3.60416 -0.81319,-4.85046 0,-1.24629 -0.35155,-2.92358 -0.78123,-3.72732 -0.42967,-0.80373 -1.63759,-4.11228 -2.68426,-7.35233 -1.04667,-3.24006 -2.87268,-7.21055 -4.05781,-8.82332 -2.75066,-3.74322 -3.82991,-5.52657 -5.88049,-9.71699 -2.47193,-5.05145 -6.63756,-10.49393 -8.03196,-10.49393 -0.67511,0 -1.6096,-0.71402 -2.07665,-1.58671 -0.88847,-1.66012 -6.85693,-5.14587 -8.81099,-5.14587 -0.62337,0 -1.60484,-0.56806 -2.18106,-1.26235 -0.57622,-0.6943 -1.79615,-1.26236 -2.71097,-1.26236 -1.7021,0 -4.59784,-1.11005 -12.01654,-4.60643 -2.31432,-1.09072 -6.4801,-2.42331 -9.25729,-2.96129 -2.77719,-0.53799 -6.94297,-1.64867 -9.25729,-2.46816 -8.70636,-3.08291 -10.3804,-3.4139 -20.06331,-3.96693 l -9.92583,-0.56691 0.56736,5.01481 c 0.56426,4.98734 0.55058,5.02954 -2.49733,7.70565 -1.68558,1.47995 -3.60824,2.69083 -4.27257,2.69083 -0.66434,0 -2.04785,1.13612 -3.07449,2.52472 -1.02663,1.38859 -2.52105,2.52471 -3.32094,2.52471 -0.80654,0 -1.95213,1.12457 -2.57189,2.52472 -0.61465,1.38859 -1.6012,2.52471 -2.19234,2.52471 -1.8448,0 -10.018418,8.61519 -12.775004,13.46516 -3.305745,5.81616 -3.742706,6.84579 -5.535809,13.04436 -0.803373,2.77719 -1.827935,5.9962 -2.276802,7.15337 -0.448867,1.15716 -1.110375,4.75488 -1.470017,7.99493 -0.359643,3.24005 -1.064851,7.02713 -1.56713,8.41572 -0.502279,1.3886 -1.344728,9.1521 -1.872111,17.25223 -0.866133,13.30305 -0.787516,16.35546 0.812833,31.55895 0.97444,9.25729 2.43761,19.29304 3.251487,22.30166 1.254576,4.63773 6.912466,16.05966 13.756895,27.77188 2.905198,4.97138 5.834228,7.26803 16.033478,12.57181 6.80588,3.53917 9.9488,4.78198 10.24519,4.0513 0.2826,-0.69671 0.66322,-0.76293 1.12278,-0.19533 1.03767,1.28164 5.14225,2.92838 7.2991,2.92838 1.04281,0 2.2558,0.34956 2.69552,0.77681 2.50287,2.43187 18.43576,1.59213 24.08356,-1.26933 z m 27.36684,-66.84719 c -3.10733,-0.93274 -4.32548,-2.00623 -7.33251,-6.4618 -3.28657,-4.86979 -3.41468,-10.76309 -0.39015,-17.94904 1.74608,-4.14853 2.01876,-5.81126 1.57381,-9.59705 -0.98197,-8.35505 3.34869,-17.31406 8.36937,-17.31406 1.16744,0 3.78301,-1.26742 5.81239,-2.81648 5.603,-4.27687 11.31537,-5.36002 15.9089,-3.01657 1.75209,0.89385 3.75106,1.62518 4.44214,1.62518 1.14756,0 4.46255,6.13552 4.98608,9.22846 0.12021,0.71016 0.70809,2.18316 1.3064,3.27335 0.67194,1.22431 0.88403,3.15487 0.55476,5.04943 -0.69251,3.98447 -3.82692,11.90379 -4.71144,11.90379 -0.37791,0 -0.90638,0.69084 -1.17437,1.53522 -0.268,0.84437 -2.7422,3.96871 -5.49823,6.94297 -2.75603,2.97426 -5.04142,5.78645 -5.07864,6.24932 -0.0372,0.46286 -1.60649,1.97769 -3.48725,3.36629 -1.88077,1.38859 -4.47014,3.47148 -5.75415,4.62864 -2.65611,2.39369 -5.56881,4.24219 -6.51639,4.13553 -0.35343,-0.0398 -1.70825,-0.39222 -3.01072,-0.78318 z M 79.407494,506.64865 c -0.268652,-0.67135 -0.468068,-0.47194 -0.50845,0.50845 -0.03654,0.88715 0.162363,1.38421 0.442011,1.10456 0.279646,-0.27964 0.309545,-1.00551 0.06644,-1.61301 z m 278.394036,-9.54141 c 7.41804,-3.42646 11.88658,-5.15284 17.40362,-6.72376 2.15945,-0.61489 4.86103,-1.73044 6.00348,-2.47901 1.14246,-0.74857 2.57119,-1.25167 3.17495,-1.118 0.67091,0.14853 1.30248,-0.90228 1.62425,-2.70247 0.28956,-1.62003 1.54381,-4.54749 2.78722,-6.50546 1.24341,-1.95798 2.26074,-4.14743 2.26074,-4.86545 0,-0.71802 0.56806,-1.52348 1.26236,-1.78991 0.6943,-0.26643 1.27288,-0.91728 1.28574,-1.44634 0.0129,-0.52905 1.12288,-2.04039 2.46673,-3.35853 1.34384,-1.31813 2.2575,-2.88091 2.03035,-3.47285 -0.24452,-0.63722 0.46572,-1.29678 1.74114,-1.61689 1.18476,-0.29736 2.15412,-0.90445 2.15412,-1.34909 0,-1.05661 6.20096,-4.20893 8.27942,-4.20893 0.88764,0 2.97345,-0.56806 4.63514,-1.26236 1.66168,-0.6943 4.66521,-1.26236 6.6745,-1.26236 2.00929,0 4.38838,-0.55602 5.28685,-1.23559 0.89848,-0.67957 2.45458,-1.24764 3.458,-1.26236 2.96253,-0.0434 21.28767,-9.19196 21.96813,-10.9672 0.26613,-0.6943 1.89558,-2.49057 3.62102,-3.9917 4.1257,-3.58941 7.51169,-9.48286 7.51169,-13.07441 0,-2.93549 -0.88942,-6.28237 -3.06864,-11.54734 -2.15405,-5.20417 -2.28883,-5.31184 -6.9434,-5.54722 -2.60258,-0.13161 -5.06446,-0.77956 -5.92668,-1.55986 -1.10763,-1.00239 -3.02636,-1.29455 -7.70598,-1.17335 -3.4271,0.0888 -7.4619,-0.14207 -8.96621,-0.51294 -2.43134,-0.59943 -2.73511,-0.4781 -2.73511,1.09241 0,1.09986 0.92472,2.24492 2.44984,3.03359 4.25038,2.19796 21.99609,21.22259 21.92775,23.50806 -0.0348,1.16113 -2.4527,3.95144 -4.64175,5.35652 -5.49205,3.52516 -8.44435,3.004 -13.90254,-2.45419 l -4.12206,-4.12206 -1.4868,1.76941 c -0.81774,0.97317 -2.62292,2.2708 -4.01151,2.88362 -1.3886,0.6128 -3.77889,2.28988 -5.31177,3.72683 -1.53287,1.43694 -3.23706,2.60676 -3.78708,2.5996 -0.55,-0.008 -2.32549,1.49568 -3.94552,3.33965 -2.49226,2.83677 -3.593,3.42814 -7.15336,3.84312 -7.05351,0.82211 -11.22993,-2.98803 -9.16725,-8.36327 0.28095,-0.73216 1.01202,-1.33119 1.62461,-1.33119 0.61258,0 1.2348,-0.82348 1.38271,-1.82996 0.25325,-1.72332 2.89185,-3.81083 7.22463,-5.71571 1.04845,-0.46093 3.0323,-1.98999 4.40856,-3.39788 1.37626,-1.40789 3.652,-2.78974 5.05722,-3.07079 2.09585,-0.41917 5.88017,-4.00156 5.88017,-5.56641 0,-0.21204 -1.13461,-1.81326 -2.52136,-3.55826 -1.38675,-1.74499 -3.3441,-4.82009 -4.34967,-6.83354 -1.57227,-3.14819 -1.68271,-3.98037 -0.7886,-5.94272 0.96453,-2.11691 0.83043,-2.46785 -1.85473,-4.85379 -4.43902,-3.94437 -5.18545,-6.74377 -3.99599,-14.98646 0.55093,-3.81787 1.40593,-8.6616 1.89999,-10.76383 1.25755,-5.35086 -0.69267,-13.61604 -5.5207,-23.3971 -0.99237,-2.01042 -3.12978,-4.82877 -4.74981,-6.263 -4.0995,-3.62932 -15.28576,-10.69995 -16.92834,-10.70009 -0.74759,-6e-5 -2.32215,-0.75752 -3.49903,-1.68325 -1.17687,-0.92573 -3.08992,-1.68315 -4.25122,-1.68315 -1.16129,0 -2.25094,-0.41847 -2.42143,-0.92994 -0.35339,-1.06017 -6.13963,-3.24362 -8.66679,-3.27043 -0.92573,-0.01 -2.77212,-0.58578 -4.10308,-1.27992 -6.15205,-3.20845 -19.86584,-4.24225 -23.62255,-1.78076 -3.09159,2.02568 -2.31755,3.38936 2.22575,3.92128 4.05409,0.47465 8.89288,3.68909 16.97315,11.27539 2.25327,2.11551 4.2741,3.84639 4.49075,3.84639 1.41523,0 16.69032,15.31423 19.82008,19.87086 2.9589,4.30789 5.50644,19.52519 4.15805,24.83742 -0.46109,1.81657 -0.63924,4.06424 -0.39588,4.99482 0.24336,0.9306 -0.21589,3.78506 -1.02054,6.34326 -0.82816,2.63294 -1.24843,5.72416 -0.96851,7.12377 0.29405,1.47021 0.13899,2.47249 -0.38249,2.47249 -0.54107,0 -0.80544,2.20655 -0.69018,5.76044 0.10276,3.16823 -0.15191,6.29257 -0.56594,6.94297 -0.41402,0.65039 -1.02395,3.64413 -1.35541,6.65275 -0.89697,8.14159 -1.61782,11.74385 -2.45339,12.26027 -0.41172,0.25445 -0.74859,1.4233 -0.74859,2.59745 0,1.17414 -0.53488,3.14001 -1.18864,4.36859 -0.65375,1.22858 -2.40238,5.26344 -3.88585,8.96635 -1.48346,3.70292 -3.03147,7.39018 -3.44,8.19391 -0.40854,0.80374 -0.7428,1.96341 -0.7428,2.57704 0,0.61364 -0.75741,2.68338 -1.68314,4.59941 -0.92573,1.91604 -1.68314,3.85165 -1.68314,4.30137 0,0.44971 -0.86161,1.88815 -1.91467,3.19654 -1.05308,1.30839 -2.44255,3.42034 -3.08771,4.69322 -0.64518,1.27288 -1.59429,2.31432 -2.10914,2.31432 -1.503,0 -10.56149,9.5849 -10.56149,11.17524 0,0.79659 0.3787,1.44834 0.84157,1.44834 0.46286,0 0.84812,0.47339 0.85611,1.05197 0.011,0.7983 4.68115,4.83904 5.59276,4.83904 0.0884,0 3.05093,-1.33498 6.58332,-2.96663 z m -39.99628,-20.93776 c 0.71288,-0.61774 1.73482,-0.96322 2.27099,-0.76775 0.53616,0.19547 1.22124,-0.0433 1.52242,-0.5306 0.30116,-0.4873 1.30908,-0.886 2.23981,-0.886 3.973,0 14.8608,-10.01341 19.91628,-18.31683 1.48375,-2.437 2.69773,-4.81724 2.69773,-5.28944 0,-0.47219 0.63811,-1.83241 1.41801,-3.02269 1.33726,-2.04091 1.33265,-2.21191 -0.0808,-3.0029 -1.37559,-0.76982 -1.29238,-1.05638 1.01249,-3.48685 2.7328,-2.88171 4.67429,-6.38839 5.54312,-10.01185 0.4865,-2.02895 -0.55043,-3.37092 -1.30055,-1.68315 -0.15429,0.34715 -1.73271,1.71633 -3.50761,3.04263 -2.37399,1.77397 -3.47523,2.1633 -4.16578,1.47275 -0.51625,-0.51629 -1.57982,-0.9387 -2.36345,-0.9387 -0.78364,0 -1.63621,-0.55095 -1.89462,-1.22433 -0.2584,-0.67339 -2.0031,-2.00656 -3.87711,-2.96261 -2.06679,-1.05439 -3.40729,-2.33129 -3.40729,-3.24562 0,-0.82905 -0.78635,-2.3514 -1.74744,-3.38301 -1.16887,-1.25465 -1.90323,-3.46662 -2.21796,-6.68087 -0.25879,-2.64287 -0.796,-5.22042 -1.1938,-5.72788 -1.52008,-1.93913 0.82501,-13.73526 4.01291,-20.18553 1.69697,-3.4336 3.38018,-6.2429 3.74045,-6.2429 0.36029,0 0.77608,-0.83908 0.92399,-1.86462 0.14791,-1.02554 1.47654,-2.67636 2.95252,-3.66849 5.57278,-3.74594 15.38597,-0.53098 16.81784,5.50979 0.27732,1.16999 0.99112,3.07402 1.58621,4.23118 0.59509,1.15716 1.28916,2.76667 1.54238,3.57668 0.98665,3.15627 1.97312,1.19174 2.49364,-4.96601 0.29936,-3.54132 0.54428,-8.55416 0.54428,-11.13965 v -4.70088 l -11.46353,-10.94433 c -14.96764,-14.28972 -16.45848,-14.8597 -31.87743,-12.18727 -2.77718,0.48135 -7.13232,1.19836 -9.67807,1.59336 -5.84331,0.90664 -8.89977,2.10615 -12.61968,4.95257 -1.62198,1.24112 -4.27461,2.96283 -5.89474,3.82604 -7.09032,3.77774 -13.37921,14.71632 -15.54833,27.04399 -0.32578,1.85146 -0.88776,3.74499 -1.24885,4.20786 -0.59663,0.76479 -1.58361,4.94222 -2.18716,9.25729 -0.12948,0.92573 -0.36082,2.44056 -0.5141,3.36629 -0.20494,1.23783 0.15553,1.64479 1.36244,1.5382 2.3769,-0.20993 5.81543,1.78684 8.43207,4.89654 2.59338,3.08206 2.48224,5.93506 -0.38822,9.96626 -0.92951,1.30538 -1.69002,2.96048 -1.69002,3.678 0,0.71752 -0.90525,2.20983 -2.01166,3.31624 -1.82932,1.82932 -2.06778,2.98461 -2.63076,12.74542 -0.34051,5.90356 -0.38908,12.69087 -0.10794,15.0829 0.60968,5.18747 2.91777,12.31513 3.98789,12.31513 0.41936,0 0.76247,0.70838 0.76247,1.57418 0,0.8658 1.49285,3.02303 3.31743,4.79384 3.15473,3.06176 6.36335,4.50008 13.93479,6.24651 4.61698,1.06496 18.94429,0.2486 20.58473,-1.17289 z m 115.4288,-94.63528 c 0.0548,-0.76139 0.0411,-1.70939 -0.0304,-2.10666 -0.14677,-0.81525 2.56759,-4.4173 7.02245,-9.31903 1.65392,-1.81983 3.00713,-3.79472 3.00713,-4.38865 0,-0.59393 0.72444,-1.46759 1.60986,-1.94145 0.88544,-0.47387 2.27154,-2.66476 3.08024,-4.86865 0.8087,-2.20389 1.89357,-4.38578 2.41083,-4.84865 1.58599,-1.41923 8.7187,-10.81312 9.90447,-13.04436 1.37183,-2.58133 9.24179,-14.567 9.94658,-15.1483 1.06819,-0.88101 5.74123,-8.17777 7.94973,-12.41319 1.26712,-2.43004 2.61513,-4.41825 2.99558,-4.41825 0.70952,0 3.33973,-4.74132 3.33973,-6.0203 0,-1.70541 -2.53061,-0.35569 -8.53355,4.55145 -5.8778,4.80484 -12.50574,11.76101 -12.50574,13.12504 0,0.30608 -1.07183,1.03095 -2.38184,1.61082 -2.91716,1.29126 -9.40017,9.08015 -9.40017,11.29366 0,2.07296 -2.32017,6.5775 -3.3879,6.5775 -0.45098,0 -0.81996,0.52506 -0.81996,1.1668 0,1.76613 -6.4782,2.39586 -10.94043,1.0635 -3.1881,-0.95193 -4.07871,-1.71687 -5.63093,-4.83643 -1.01413,-2.03811 -1.86622,-4.32511 -1.89354,-5.08222 -0.0273,-0.7571 -0.61541,-2.46128 -1.30685,-3.78707 -1.40916,-2.70193 -1.67286,-6.68934 -0.49072,-7.41994 0.42725,-0.26406 1.04536,-1.70278 1.37358,-3.19715 0.32823,-1.49438 1.49348,-3.8927 2.58947,-5.32961 1.09599,-1.43691 1.9927,-3.09038 1.9927,-3.67438 0,-0.584 1.07204,-2.44179 2.38231,-4.12843 1.31026,-1.68663 3.04578,-4.77079 3.85671,-6.85368 0.81092,-2.08289 2.57919,-5.4615 3.92948,-7.50803 1.3503,-2.04654 2.45508,-4.17303 2.45508,-4.72555 0,-0.55252 0.6968,-1.90775 1.54845,-3.01161 0.85165,-1.10387 1.97569,-3.25969 2.49787,-4.7907 0.52218,-1.53102 2.11647,-4.51292 3.54287,-6.62645 2.78254,-4.12295 4.17552,-8.68368 2.65224,-8.68368 -0.98433,0 -5.41042,2.74053 -10.47471,6.48571 -4.1282,3.05292 -4.94326,3.78843 -7.39845,6.67635 -2.03051,2.38839 -4.40516,4.21931 -9.67079,7.45645 -3.99897,2.45844 -9.92186,8.17277 -12.06456,11.63973 -2.76236,4.46959 -6.50536,7.29564 -9.66281,7.29564 -2.8958,0 -7.23912,-1.6629 -7.25,-2.77576 -0.003,-0.3695 -0.76398,-2.2395 -1.68971,-4.15554 -0.92573,-1.91603 -1.68314,-3.93427 -1.68314,-4.48494 0,-0.55068 -0.59113,-1.49184 -1.31363,-2.09146 -1.06887,-0.88708 -1.21887,-2.27827 -0.80507,-7.4668 0.2797,-3.50712 0.46812,-8.5655 0.41871,-11.24083 -0.0494,-2.67534 0.34459,-9.27499 0.87555,-14.66589 0.96699,-9.81798 0.5337,-19.94641 -0.9494,-22.19257 -0.64283,-0.97358 -1.1469,-0.76476 -2.69592,1.11685 -1.04789,1.27288 -2.55378,2.31432 -3.34639,2.31432 -0.79263,0 -1.44115,0.35319 -1.44115,0.78486 0,0.43168 -0.77088,1.02954 -1.71309,1.32858 -0.9422,0.29904 -5.67604,4.48272 -10.51965,9.29707 -6.71114,6.67059 -8.80655,9.27778 -8.80655,10.95743 0,3.52111 -2.44886,7.73286 -6.51901,11.21192 -3.52398,3.01219 -3.98041,3.17311 -6.83391,2.40925 -1.68176,-0.4502 -3.91401,-0.87374 -4.96057,-0.9412 -1.12194,-0.0723 -1.74081,-0.54493 -1.50801,-1.1516 0.21716,-0.56591 -0.27539,-1.51268 -1.09456,-2.10393 -2.96828,-2.1424 -5.59186,-9.12946 -5.6177,-14.96094 -0.0251,-5.6539 -0.28772,-6.54321 -4.83854,-16.38099 -6.76308,-14.62018 -8.56549,-17.69744 -10.52885,-17.97592 l -1.92647,-0.27324 0.11549,10.88215 0.1155,10.88215 -3.94774,5.48767 c -3.67318,5.10602 -4.22031,5.52557 -7.8671,6.03266 -3.86755,0.53778 -3.97219,0.48893 -7.91682,-3.69601 -2.19861,-2.33256 -3.99747,-4.95222 -3.99747,-5.82149 0,-0.86926 -0.60735,-1.81354 -1.34967,-2.0984 -0.76551,-0.29375 -1.14264,-1.05745 -0.87134,-1.76445 1.10072,-2.86842 -23.40811,-19.27643 -31.42285,-21.03676 -1.49853,-0.32913 -4.06222,-1.50616 -5.6971,-2.61562 -1.63488,-1.10946 -3.59282,-2.0172 -4.35096,-2.0172 -0.75815,0 -2.12546,-0.51705 -3.03846,-1.149 -0.913,-0.63195 -2.54948,-1.42675 -3.63662,-1.76623 -1.7787,-0.55542 -1.91586,-0.41931 -1.36976,1.35939 0.33377,1.08714 1.88598,4.73056 3.44937,8.09648 1.56338,3.36592 2.84251,6.64821 2.84251,7.29398 0,1.38919 3.21327,9.08101 4.05742,9.71251 0.95018,0.71081 3.39461,8.5413 3.97703,12.74001 0.89734,6.46899 -2.39601,11.05769 -8.67508,12.08719 -3.20447,0.5254 -4.06749,0.26846 -8.1094,-2.41441 -3.03286,-2.0131 -4.71231,-3.77111 -5.09698,-5.33539 -0.79007,-3.21288 -2.88809,-6.27896 -3.8779,-5.66722 -0.45074,0.27858 -2.28746,-0.65613 -4.0816,-2.07711 -1.79414,-1.42099 -3.47479,-2.58361 -3.73478,-2.58361 -0.25999,0 -2.63519,-1.51483 -5.27824,-3.36629 -2.64304,-1.85146 -5.16164,-3.36629 -5.59687,-3.36629 -0.43524,0 -2.17132,-1.08556 -3.85796,-2.41235 -1.68662,-1.32679 -3.91869,-2.67779 -4.96014,-3.00221 -1.04144,-0.32443 -1.89353,-0.89711 -1.89353,-1.27262 0,-0.37552 -1.10892,-1.14209 -2.46424,-1.70349 -1.35534,-0.5614 -2.66759,-1.55063 -2.91613,-2.19829 -0.24853,-0.64766 -2.72071,-2.27661 -5.49375,-3.61989 -2.77303,-1.34327 -6.05634,-3.24029 -7.29624,-4.2156 -1.23989,-0.9753 -2.72497,-1.77328 -3.30017,-1.77328 -0.57521,0 -1.51727,-0.56806 -2.09349,-1.26235 -1.69481,-2.04213 -3.46579,-1.61126 -2.59431,0.63117 0.40474,1.04145 1.19347,3.59773 1.75274,5.68062 0.55927,2.08289 1.40949,4.73384 1.88937,5.891 0.47989,1.15716 1.0558,7.05969 1.27982,13.11674 0.37986,10.27099 0.27301,11.30554 -1.58641,15.35868 -1.18974,2.5934 -2.537,4.34589 -3.34096,4.34589 -0.74098,0 -2.03269,0.75742 -2.87046,1.68314 -0.83778,0.92573 -1.82021,1.68315 -2.18319,1.68315 -1.65604,0 -8.82403,-7.27484 -9.71147,-9.85625 -0.54432,-1.58331 -1.68769,-3.70577 -2.54083,-4.71658 -3.92019,-4.64469 -12.58439,-13.1795 -13.38871,-13.18876 -0.49164,-0.006 -2.46156,-0.7677 -4.3776,-1.69343 -1.91604,-0.92573 -4.16474,-1.69657 -4.99711,-1.71297 -0.83237,-0.0164 -2.46017,-0.57104 -3.61733,-1.23254 -1.15717,-0.66149 -3.42941,-1.22955 -5.04944,-1.26235 -1.62002,-0.0328 -3.89227,-0.60087 -5.04943,-1.26236 -1.15716,-0.66149 -3.58894,-1.21614 -5.40395,-1.23254 -1.81501,-0.0164 -3.8979,-0.5479 -4.62864,-1.18111 -1.41327,-1.22464 -11.00671,-2.51542 -11.00671,-1.48093 0,1.09479 1.98534,2.63222 3.39909,2.63222 1.32131,0 3.81336,1.64597 10.83046,7.15336 1.76923,1.3886 6.19082,4.79696 9.82574,7.57415 3.63491,2.77719 7.37831,5.9141 8.31866,6.97091 0.94034,1.05681 3.32099,3.70777 5.29032,5.89101 1.96934,2.18324 3.817,4.91629 4.10592,6.07345 0.28892,1.15716 1.17744,3.42941 1.97447,5.04943 6.63437,13.48477 8.18234,17.43623 8.90139,22.72245 0.82717,6.08091 2.4896,8.96528 5.51609,9.57058 4.47248,0.8945 4.95576,0.6973 4.95576,-2.02214 0,-2.94596 4.54291,-7.53497 8.53783,-8.62447 1.77499,-0.48408 2.40261,-1.17188 2.40261,-2.633 0,-1.41022 0.73476,-2.28213 2.56047,-3.03836 3.33338,-1.38073 11.42207,-1.48756 12.74136,-0.16827 0.56356,0.56356 2.01266,1.02466 3.22021,1.02466 1.20756,0 2.93068,0.55601 3.82915,1.23559 0.89848,0.67957 2.58037,1.25968 3.73754,1.28912 1.15716,0.0295 2.80347,0.58354 3.65848,1.23132 0.855,0.64779 2.00442,1.00516 2.55426,0.79417 0.54984,-0.211 1.76311,0.2884 2.69616,1.10976 2.33753,2.05775 5.14453,3.59733 6.55872,3.59733 0.65105,0 1.38802,0.53235 1.6377,1.183 0.24967,0.65065 1.71035,1.43994 3.24593,1.75398 8.0046,1.63701 20.62804,4.77327 21.78229,5.41174 1.56049,0.8632 4.15291,-0.3636 4.15291,-1.96525 0,-1.75509 3.28816,-5.47146 6.80562,-7.69194 2.6218,-1.65507 4.26766,-2.02322 8.74469,-1.95606 3.03326,0.0455 6.03336,-0.34746 6.6669,-0.87325 1.39041,-1.15393 32.20114,-1.66473 39.30787,-0.65166 3.95085,0.56319 5.28644,1.23455 8.20533,4.12454 1.91749,1.89852 3.48635,3.96091 3.48635,4.58309 0,1.309 3.01459,1.53958 3.78707,0.28967 0.28607,-0.46287 3.50101,-0.84157 7.14432,-0.84157 5.58702,0 7.47824,0.3953 12.07885,2.52471 3.00006,1.3886 6.1435,2.52472 6.98542,2.52472 0.84192,0 3.43161,0.72502 5.75488,1.61116 2.32327,0.88614 5.92831,2.06618 8.0112,2.62232 9.25962,2.47234 11.70912,3.65248 18.78283,9.04932 2.6933,2.05482 6.66972,4.39035 8.83651,5.19003 7.67869,2.83396 15.81684,9.83824 21.68263,18.66165 2.04439,3.0752 3.71706,5.88933 3.71706,6.25363 0,0.36429 1.01734,3.15368 2.26075,6.19861 2.10141,5.14607 2.27363,6.5149 2.44363,19.42219 0.1006,7.63726 0.21938,13.89594 0.26398,13.90818 0.0446,0.0122 1.5959,-0.12223 3.44736,-0.29879 2.37807,-0.22679 3.39554,-0.72742 3.46595,-1.70539 z M 93.950308,200.09029 c 1.261634,-1.52018 0.451428,-2.98236 -1.652552,-2.98236 -1.891795,0 -2.85181,1.30001 -2.204919,2.9858 0.602498,1.57007 2.553018,1.56833 3.857471,-0.003 z m 6.376982,-0.51364 c 0.77146,-1.24825 0.0459,-1.76671 -1.59246,-1.13799 -0.757886,0.29083 -1.168447,0.8678 -0.912357,1.28217 0.629883,1.01917 1.828467,0.95018 2.504817,-0.14418 z M 489.7301,939.30838 c -1.04144,-0.39667 -1.89354,-1.20682 -1.89356,-1.80032 -2e-5,-0.59349 -1.27949,-2.09997 -2.84327,-3.34772 -2.91407,-2.32513 -3.70536,-4.48031 -4.21345,-11.47576 -0.22736,-3.13022 0.003,-3.74707 1.62458,-4.36387 1.03914,-0.39508 2.02375,-1.06402 2.18802,-1.48654 0.41227,-1.06048 8.06829,-5.23157 9.60252,-5.23157 1.46852,0 7.94356,-3.94546 7.95884,-4.84959 0.006,-0.34135 1.42592,-2.15333 3.1559,-4.02664 4.58274,-4.96244 7.77404,-9.35663 7.77404,-10.7043 0,-0.64803 0.27082,-1.44907 0.60183,-1.78006 0.331,-0.33101 1.0698,-2.38234 1.64177,-4.55852 1.15367,-4.38935 1.7078,-3.4994 -5.72184,-9.18932 -5.6997,-4.36508 -8.73761,-18.71534 -4.60212,-21.73928 0.74129,-0.54204 1.34779,-1.40744 1.34779,-1.9231 0,-0.51567 1.04144,-1.47923 2.31432,-2.14125 3.80719,-1.98009 5.84249,-4.16064 6.44532,-6.90528 0.50842,-2.31485 0.1584,-2.97306 -3.2534,-6.11794 -2.1027,-1.9382 -3.8231,-4.06192 -3.8231,-4.71937 0,-0.65745 -0.38444,-1.43296 -0.85432,-1.72336 -1.70709,-1.05504 -3.35292,-6.61829 -3.32694,-11.24572 0.0213,-3.79834 0.43302,-5.19811 2.07893,-7.06847 1.12879,-1.2827 2.72633,-2.62052 3.55009,-2.97293 3.48652,-1.49152 7.00539,-4.05469 7.44762,-5.42491 0.26144,-0.81001 1.17591,-1.47275 2.03216,-1.47275 0.85625,0 4.80715,-3.1566 8.77979,-7.01467 8.53531,-8.28914 9.08632,-10.20529 4.27543,-14.86818 -4.14011,-4.01275 -6.5013,-10.58642 -5.33391,-14.84977 0.88066,-3.21619 5.12322,-7.77019 7.30056,-7.8365 1.56734,-0.0477 11.10504,7.57473 12.05448,9.63385 1.85041,4.01315 3.25318,5.8713 4.88938,6.47657 0.96105,0.35551 1.99443,1.31822 2.29641,2.13936 0.30199,0.82113 1.05101,1.79581 1.6645,2.16596 0.61348,0.37015 1.11542,1.58693 1.11542,2.70395 0,1.11703 0.75704,3.95158 1.68231,6.29901 l 1.68231,4.26804 -1.7511,5.19804 c -0.96309,2.85892 -2.76157,6.40456 -3.99662,7.87922 -1.23505,1.47465 -3.17376,4.23502 -4.30826,6.13416 -1.13449,1.89913 -2.35378,3.45297 -2.70953,3.45297 -0.35576,0 -2.77797,1.98821 -5.38271,4.41825 -2.60474,2.43004 -5.2672,4.7211 -5.91658,5.09125 -1.89761,1.08165 -1.39397,6.17596 0.9828,9.941 4.04218,6.40323 3.99111,20.0369 -0.0942,25.15281 -2.50079,3.13165 -2.68491,6.14836 -0.68647,11.24775 5.19279,13.25041 4.43832,22.25173 -3.12632,37.29916 -2.73438,5.43915 -5.283,8.76022 -12.10931,15.77947 -4.75532,4.88972 -9.23371,8.89039 -9.95198,8.89039 -1.27692,0 -1.99958,0.30735 -9.94551,4.22972 -2.13099,1.05193 -4.33241,1.62959 -4.89207,1.28372 -0.55965,-0.34589 -1.65642,-0.0657 -2.43727,0.6227 -0.99088,0.87354 -1.99168,1.03373 -3.31326,0.53034 z m -17.8834,-6.56715 c 0,-0.46286 0.37871,-1.07562 0.84157,-1.36168 0.46287,-0.28607 0.84157,-0.14141 0.84157,0.32145 0,0.46287 -0.3787,1.07562 -0.84157,1.36169 -0.46286,0.28607 -0.84157,0.14141 -0.84157,-0.32146 z m 91.73134,-56.23743 c -4.25324,-1.55479 -8.41572,-9.00199 -8.41572,-15.05677 0,-3.78542 3.5923,-12.96233 5.0741,-12.96233 1.79614,0 0.40793,-20.54523 -1.47008,-21.75685 -1.31932,-0.85118 -3.60402,-5.73985 -3.60402,-7.71171 0,-0.97914 -0.42181,-2.56843 -0.93737,-3.53175 -1.15643,-2.16081 1.3044,-11.16526 3.47429,-12.71286 0.7666,-0.54674 1.65134,-2.30135 1.96611,-3.89913 0.31476,-1.59777 1.37473,-3.75918 2.35547,-4.80314 1.5779,-1.6796 1.73683,-2.62022 1.3806,-8.17108 -0.34431,-5.36512 -0.17797,-6.46529 1.14938,-7.6018 0.85358,-0.73086 1.55196,-1.88284 1.55196,-2.55995 0,-1.84227 5.43225,-4.12964 8.1989,-3.45233 2.83545,0.69416 7.35994,5.53939 9.6247,10.307 2.79905,5.89235 1.21821,18.0006 -3.69602,28.30918 -2.56805,5.38702 -2.64963,5.82572 -1.27078,6.83396 0.81039,0.59257 2.45397,4.25079 3.6524,8.12939 3.22435,10.43532 3.82411,13.22282 4.14282,19.25478 0.15897,3.00862 0.53174,6.98505 0.82839,8.83651 0.44482,2.77628 0.15843,3.92596 -1.63403,6.55955 -1.19536,1.7563 -2.17337,3.34977 -2.17337,3.54105 0,0.19128 -2.17757,2.48203 -4.83904,5.09054 -6.75715,6.6227 -11.35023,8.82306 -15.35869,7.35774 z"
       id="path52" />
    <path
       style="fill:#ff0000;fill-opacity:1;stroke-width:0.930918;stroke-dashoffset:0.5"
       d="m 191.00985,560.25314 c -1.69335,-0.58366 -5.20334,-1.38978 -7.79998,-1.79139 -3.81702,-0.59037 -4.55747,-1.12855 -3.86641,-2.81026 2.00554,-4.88052 2.05921,-12.60404 0.12124,-17.44751 -2.92555,-7.31166 -2.59768,-8.30036 3.84811,-11.60392 24.42969,-12.52056 44.84745,-43.28864 56.99815,-85.89206 11.82462,-41.46011 -6.87982,-103.75458 -37.78706,-125.84849 -7.07081,-5.05454 -7.8112,-8.07426 -1.28807,-5.25342 2.16512,0.93628 7.87862,3.40583 12.69666,5.4879 4.81803,2.08206 11.43395,4.3848 14.70204,5.1172 3.26809,0.73239 9.67141,2.96848 14.2296,4.96908 13.25445,5.81742 15.48627,5.32857 26.11301,-5.71963 l 9.00015,-9.3571 12.9901,-0.66298 c 14.8467,-0.75773 15.17287,-0.57593 15.18352,8.46326 l 0.006,5.71169 -5.89399,0.70104 c -8.23405,0.97943 -17.1926,6.16674 -27.51969,15.93518 -10.19505,9.64354 -11.51137,12.02543 -15.83196,28.64804 -4.78131,18.39516 -6.92806,31.95469 -7.01005,44.27757 -0.0623,9.36543 0.44361,12.32475 3.26331,19.08867 2.41854,5.8016 3.52534,11.00941 4.02113,18.92052 0.64546,10.29953 0.55234,10.87627 -1.64989,10.21858 -8.04181,-2.40161 -8.63964,-2.30889 -12.0729,1.87243 -1.84569,2.24784 -6.70311,8.52049 -10.79427,13.93921 -7.41483,9.8209 -7.43652,9.87422 -6.82253,16.77692 0.73663,8.28145 2.8102,11.75831 9.44766,15.84139 2.73737,1.68392 4.97705,3.6579 4.97705,4.38663 0,1.73772 -6.76847,6.71427 -9.1319,6.71427 -1.01336,0 -3.88651,-1.38712 -6.38478,-3.0825 -2.49827,-1.69537 -6.6985,-3.7285 -9.33384,-4.51807 -5.93897,-1.77936 -9.79163,-0.13075 -19.17658,8.20589 l -6.46551,5.74331 0.005,11.29614 c 0.004,8.71255 0.51437,12.14112 2.23346,14.9907 2.83899,4.70592 4.0919,8.04188 2.95728,7.87391 -0.4867,-0.072 -2.27042,-0.60854 -3.96377,-1.1922 z"
       id="path54" />
    <path
       style="fill:#ff0000;fill-opacity:1;stroke-width:0.930918;stroke-dashoffset:0.5"
       d="m 347.41379,496.30542 c -1.35468,-1.35468 -2.46305,-3.05323 -2.46305,-3.77453 0,-0.72132 2.6477,-3.9079 5.88378,-7.08128 8.35162,-8.18984 10.1098,-11.18021 17.14961,-29.16882 8.35913,-21.35981 8.51411,-21.89682 10.16592,-35.22484 0.78888,-6.36526 2.23166,-16.10622 3.20618,-21.64659 2.29635,-13.05528 2.25594,-27.87405 -0.0976,-35.79931 -1.63868,-5.51802 -3.65304,-7.98882 -16.31774,-20.01514 -15.7965,-15.00028 -23.79232,-20.93481 -28.20622,-20.93481 -3.2664,0 -3.83675,-1.82767 -0.91966,-2.94706 5.6274,-2.15944 26.0163,1.36638 34.9978,6.0521 1.69335,0.88344 5.84975,2.82814 9.23645,4.32157 9.43274,4.15953 19.62049,11.83666 22.46394,16.92802 4.88103,8.73976 6.76717,17.85413 5.31754,25.69589 -0.717,3.87865 -1.30365,9.90173 -1.30365,13.38463 0,5.18514 0.56548,6.86378 3.12085,9.26443 2.31782,2.17748 2.94343,3.73966 2.43134,6.07119 -0.49632,2.25973 0.49994,5.02578 3.55575,9.87229 2.3349,3.70313 3.97659,7.1677 3.64821,7.69903 -0.32839,0.53134 -2.36303,1.87358 -4.52143,2.98276 -4.40892,2.26571 -8.56115,5.26907 -15.68893,11.34801 -8.18816,6.98329 -6.13375,13.71137 4.18674,13.71137 3.28028,0 5.96746,-1.37016 11.47259,-5.84975 3.95393,-3.21736 9.044,-7.15313 11.31125,-8.74614 l 4.12228,-2.89639 3.94128,3.82003 c 5.17843,5.01914 10.3484,5.10818 15.76163,0.27146 l 3.97154,-3.54857 -3.55569,-4.76423 c -1.95562,-2.62033 -7.73919,-8.8325 -12.85236,-13.80483 l -9.29669,-9.04059 8.59238,0.57643 c 9.68051,0.64944 20.43701,3.1725 21.8424,5.12341 0.51413,0.71368 1.78729,4.16208 2.82925,7.66311 1.66871,5.60688 1.68093,6.85443 0.10259,10.46798 -2.89963,6.63828 -10.67886,14.03567 -19.26069,18.31523 -9.28409,4.62976 -11.84287,5.49347 -25.45733,8.59293 -5.53478,1.26004 -11.90793,3.51089 -14.16256,5.00187 -4.4967,2.97368 -11.7796,13.27738 -15.76003,22.29697 -2.26762,5.13839 -3.28979,6.04778 -9.34361,8.31281 -3.73859,1.39879 -7.0994,2.54325 -7.46846,2.54325 -0.36907,0 -4.45903,1.66256 -9.0888,3.69458 -9.97025,4.37597 -10.36634,4.41198 -13.5468,1.23153 z"
       id="path56" />
    <path
       style="fill:#ff0000;fill-opacity:1;stroke-width:0.930918;stroke-dashoffset:0.5"
       d="m 270.54646,512.17635 c -2.66348,-2.09509 -3.16741,-3.28126 -2.56303,-6.03299 0.93515,-4.25769 -2.01073,-11.64104 -5.35978,-13.4334 -1.3675,-0.73186 -4.28985,-1.33065 -6.49412,-1.33065 -4.00704,0 -4.0073,-4.3e-4 -1.47937,-2.35556 1.39062,-1.29555 3.75706,-4.34358 5.25877,-6.77339 1.50171,-2.42982 3.164,-4.41785 3.69398,-4.41785 0.52997,0 2.41135,2.0782 4.18083,4.61823 7.1072,10.2021 18.17905,15.87485 34.9872,17.92596 6.26539,0.76457 11.39162,1.82387 11.39162,2.354 0,1.34331 -5.64945,1.20186 -14.05453,-0.3519 -5.87957,-1.0869 -7.82579,-0.97979 -11.18816,0.61576 -2.23874,1.06235 -4.83791,1.93155 -5.77594,1.93155 -0.93803,0 -3.41025,2.21807 -5.49383,4.92904 l -3.78831,4.92904 z"
       id="path58" />
    <path
       style="fill:#ff0000;fill-opacity:1;stroke-width:0.930918;stroke-dashoffset:0.5"
       d="m 221.12522,588.97783 c -5.23106,-7.76179 -11.64246,-17.77479 -11.64246,-18.1826 0,-0.2122 2.90948,0.75536 6.46552,2.15014 3.55603,1.39479 11.4532,3.0661 17.54926,3.71403 6.09606,0.64793 11.8116,1.3947 12.70121,1.6595 3.08669,0.91876 0.0607,2.96189 -4.38669,2.96189 -3.7856,0 -5.34368,0.94413 -10.16181,6.15763 -3.12987,3.3867 -6.0781,6.15764 -6.55162,6.15764 -0.47353,0 -2.26156,-2.0782 -3.97341,-4.61823 z"
       id="path60" />
    <path
       style="fill:#ff0000;fill-opacity:1;stroke-width:0.930918;stroke-dashoffset:0.5"
       d=""
       id="path62" />
    <path
       style="fill:#ff0000;fill-opacity:1;stroke-width:0.930918;stroke-dashoffset:0.5"
       d="m 276.63471,586.81952 c 6.91057,-6.25731 20.19914,-14.65726 21.35654,-13.49987 1.83003,1.83004 -20.67647,19.04488 -24.89907,19.04488 -2.09631,0 -1.43061,-1.04199 3.54253,-5.54501 z"
       id="path66" />
    <path
       style="fill:#ff0000;fill-opacity:1;stroke-width:0.930918;stroke-dashoffset:0.5"
       d="m 187.2575,671.89324 c -7.28151,-1.59855 -20.68201,-6.61028 -22.72548,-8.49924 -1.87629,-1.73441 11.7158,0.25056 15.89118,2.32073 1.96675,0.97513 5.69625,1.77295 8.28778,1.77295 4.26399,0 4.9528,-0.47226 7.24653,-4.96834 2.8047,-5.49767 2.85915,-5.30445 -4.0768,-14.46614 l -4.92351,-6.50346 2.5508,-2.733 c 5.25309,-5.62832 4.80249,-8.4859 -2.74014,-17.37708 -5.47095,-6.44911 -6.41374,-8.13917 -4.5404,-8.13917 3.72572,0 9.72435,-6.44053 10.66406,-11.44965 0.69884,-3.72511 0.19505,-5.53143 -2.98348,-10.6972 -2.10336,-3.4184 -3.8243,-6.48404 -3.8243,-6.81253 0,-0.3285 1.24693,-0.57985 2.77094,-0.55857 3.11197,0.0435 4.43266,1.65634 11.94841,14.59178 6.78526,11.67818 12.37924,17.80728 19.31857,21.16655 9.21349,4.46017 17.26722,2.23304 30.48631,-8.43052 1.96,-1.58109 3.94853,-2.42785 4.41895,-1.88169 0.47043,0.54616 2.09764,4.49646 3.61603,8.77844 2.5933,7.31331 2.64272,8.03407 0.81504,11.88563 -1.07012,2.25511 -1.94567,4.5154 -1.94567,5.02286 0,2.90419 -7.4638,15.44763 -11.74634,19.74055 -8.04449,8.064 -17.88718,12.16702 -41.20933,17.17853 -9.29513,1.99736 -8.48041,1.9946 -17.29915,0.0586 z"
       id="path68" />
    <path
       style="fill:#ff0000;fill-opacity:1;stroke-width:0.930918;stroke-dashoffset:0.5"
       d="m 102.95567,593.67602 c -5.970956,-1.45362 -11.322456,-4.71208 -14.065475,-8.5643 -3.336498,-4.68568 -3.252611,-5.31883 1.134436,-8.56231 9.552596,-7.06254 -0.888503,-21.19143 -19.177399,-25.95084 -3.450395,-0.89791 -6.220983,-2.80592 -8.881145,-6.11614 -3.599204,-4.47873 -3.699423,-4.85474 -1.450679,-5.4428 1.328595,-0.34743 2.415626,-1.57494 2.415626,-2.72779 0,-3.12683 5.520691,-1.34823 12.620045,4.06581 6.432187,4.90525 7.092714,6.32674 3.389808,7.29507 -3.678952,0.96207 -2.9731,3.04295 0.879842,2.59381 2.671251,-0.31139 3.508096,-1.20398 4.16512,-4.44258 0.452222,-2.2291 1.718854,-5.04367 2.814738,-6.25461 2.504849,-2.76783 2.594196,-10.44328 0.145226,-12.47574 -2.334584,-1.93754 -2.405484,-3.83148 -0.110463,-2.9508 2.291838,0.87946 11.80997,13.65424 11.80997,15.85078 0,0.95514 -1.500251,1.88736 -3.386699,2.10442 -3.071569,0.35342 -3.419896,0.90535 -3.743451,5.93156 -0.608591,9.45404 2.057649,14.5475 11.92477,22.78055 4.87244,4.06552 9.71875,8.6689 10.76958,10.22972 2.26192,3.3597 1.45063,7.85667 -2.04873,11.35603 -2.58419,2.58419 -3.38895,2.6961 -9.20512,1.28016 z M 69.396552,542.86399 c -1.486385,-1.48639 -3.073978,-2.33106 -3.527984,-1.87706 -1.198199,1.1982 1.94746,4.57957 4.260332,4.57957 1.583389,0 1.439616,-0.53055 -0.732348,-2.70251 z"
       id="path70" />
    <path
       style="fill:#ff0000;fill-opacity:1;stroke-width:0.930918;stroke-dashoffset:0.5"
       d="m 121.27557,551.61799 c -4.19908,-1.21745 -7.49893,-4.35371 -6.07449,-5.77337 1.42333,-1.41855 16.47476,-0.99144 17.97632,0.51012 0.98948,0.98948 0.4537,2.06909 -1.97486,3.9794 -3.63438,2.8588 -4.22941,2.93575 -9.92697,1.28385 z"
       id="path72" />
    <path
       style="fill:#ff0000;fill-opacity:1;stroke-width:0.930918;stroke-dashoffset:0.5"
       d=""
       id="path74" />
    <path
       style="fill:#ff0000;fill-opacity:1;stroke-width:0.930918;stroke-dashoffset:0.5"
       d="m 80.215744,578.8987 c -1.568997,-2.9317 -1.675883,-6.63181 -0.164594,-5.69778 1.645099,1.01672 3.886096,8.07987 2.563584,8.07987 -0.618273,0 -1.697819,-1.07194 -2.39899,-2.38209 z"
       id="path76" />
    <path
       style="fill:#00ff00;fill-opacity:1;stroke-width:0.930918;stroke-dashoffset:0.5"
       d=""
       id="path80" />
    <path
       style="fill:#00ff00;fill-opacity:1;stroke-width:0.930918;stroke-dashoffset:0.5"
       d="m 426.97905,381.05691 c -0.41114,-1.07141 -0.74752,-7.0807 -0.74752,-13.354 0,-12.96577 -2.49873,-22.01769 -8.43356,-30.55153 -4.64244,-6.67547 -11.8925,-13.5069 -17.42851,-16.42214 -2.37069,-1.24839 -8.46675,-4.88255 -13.5468,-8.07589 -6.45377,-4.05687 -13.31773,-6.99818 -22.78325,-9.76295 -7.45074,-2.17627 -15.12697,-4.75772 -17.0583,-5.73654 -2.36178,-1.19698 -6.34825,-1.6474 -12.17543,-1.37564 -8.58074,0.40017 -8.70822,0.35971 -13.27711,-4.21418 l -4.61319,-4.61823 -20.15719,0.0632 c -33.86762,0.10626 -41.01023,1.73639 -45.21652,10.31964 -1.2898,2.63193 -2.25166,3.21862 -4.31034,2.62909 -1.45752,-0.41738 -7.29252,-1.89076 -12.96665,-3.27419 -5.67414,-1.38342 -12.55906,-3.93091 -15.29982,-5.66108 -7.13614,-4.50484 -24.94477,-10.23433 -31.81078,-10.23433 -4.567,0 -6.25858,0.57365 -7.68132,2.60489 -1.00349,1.43269 -3.58725,3.67687 -5.74168,4.98705 -2.15443,1.31019 -4.53434,4.0173 -5.28869,6.0158 -1.35932,3.60124 -3.69835,4.51227 -6.69733,2.60855 -0.85549,-0.54306 -2.62365,-4.82952 -3.92925,-9.52548 -3.47043,-12.48237 -11.92842,-29.66313 -17.66877,-35.89068 -5.92764,-6.43072 -24.16797,-20.8833 -30.3058,-24.01254 -4.17376,-2.1279 -4.21094,-2.20631 -1.04628,-2.20631 1.80469,0 4.55426,0.50007 6.11015,1.11126 1.55588,0.6112 6.89586,2.02282 11.86662,3.13695 19.86249,4.4519 27.88279,9.30882 36.34455,22.00946 2.33706,3.50779 5.66817,7.70094 7.40248,9.31811 2.86983,2.676 3.49496,2.79879 6.95416,1.36594 5.77553,-2.3923 7.3793,-6.77052 7.3793,-20.14523 0,-8.18556 -0.72787,-13.97294 -2.44717,-19.45771 -1.34594,-4.29372 -2.45431,-7.8914 -2.46305,-7.99485 -0.0426,-0.50373 18.91899,10.67957 20.70891,12.21388 3.28948,2.81973 33.59716,21.8412 34.80046,21.8412 0.60056,0 1.86707,1.85516 2.81446,4.12258 2.39368,5.7289 9.44226,9.92037 14.94619,8.88783 2.32623,-0.43641 5.07671,-2.00302 6.11219,-3.48138 2.77845,-3.96679 2.30501,-12.55939 -1.12724,-20.45877 -4.57499,-10.52942 -10.64368,-26.32016 -10.26107,-26.69933 0.88089,-0.87301 29.54128,13.08013 36.30472,17.67473 7.1781,4.87629 13.91209,11.94084 13.91209,14.59501 0,0.64987 1.82749,2.95286 4.0611,5.11775 6.15428,5.96497 10.66586,5.46856 16.20268,-1.7828 4.25246,-5.56928 4.36676,-6.0084 4.36676,-16.77641 0,-13.73898 1.19357,-13.24622 9.38514,3.87453 4.00289,8.36623 5.9887,14.3593 6.7582,20.39591 1.63815,12.85113 6.66347,19.08801 15.42518,19.14408 3.25675,0.0208 11.53493,-8.87345 11.53493,-12.39343 0,-3.04467 11.56149,-15.53847 20.57549,-22.23467 3.52712,-2.62017 6.68857,-4.76395 7.02548,-4.76395 1.69995,0 1.97642,10.16803 0.8244,30.31995 l -1.27568,22.31503 3.64277,7.52008 c 5.66601,11.69678 10.92825,11.85754 20.52284,0.62696 3.19855,-3.74394 8.3398,-8.52029 11.425,-10.6141 3.0852,-2.09382 8.70879,-6.61809 12.49685,-10.05393 7.43194,-6.74089 14.66433,-11.4276 14.66433,-9.50274 0,1.18593 -15.2511,30.31594 -22.65957,43.28037 -7.81743,13.68011 -8.18419,15.69434 -4.58382,25.17445 3.12159,8.21942 6.46349,10.7555 13.56076,10.29089 5.41077,-0.3542 5.71353,-0.5877 8.80715,-6.79261 4.32625,-8.67723 29.41118,-34.10418 31.54264,-31.97272 0.35382,0.35382 -0.45162,2.2109 -1.78987,4.12683 -1.33827,1.91593 -7.316,10.96504 -13.28387,20.10912 -5.96786,9.14409 -12.95743,19.30777 -15.53238,22.58596 -2.57496,3.27819 -4.68173,6.51566 -4.68173,7.19439 0,1.21899 -1.58713,3.45066 -9.68157,13.61332 -2.27683,2.8586 -4.61841,6.45656 -5.20351,7.99548 -1.2264,3.22568 -4.20833,3.70362 -5.30336,0.85003 z"
       id="path82" />
    <path
       style="fill:#008080;fill-opacity:1;stroke-width:0.930918;stroke-dashoffset:0.5"
       d="m 361.06731,710.94932 c -0.70745,-1.55268 -2.40195,-7.19273 -3.76555,-12.53343 -1.3636,-5.34072 -4.18603,-14.90003 -6.27207,-21.24293 -3.25816,-9.90693 -3.67963,-12.6183 -2.98998,-19.23498 0.74601,-7.15748 0.58606,-7.89546 -2.2608,-10.43123 l -3.06361,-2.72883 8.16438,-9.86846 c 4.49041,-5.42766 11.09283,-12.92572 14.67205,-16.66237 9.55454,-9.97476 9.73588,-13.06953 1.37543,-23.473 -4.94923,-6.15865 -10.98675,-8.36423 -15.24984,-5.57094 -1.6676,1.09265 -3.032,2.56054 -3.032,3.26199 0,1.93436 -13.59731,18.9362 -26.01993,32.53486 -10.55883,11.55844 -27.96868,31.25951 -32.79313,37.10887 -5.71255,6.92613 -10.17495,8.75602 -13.20031,5.41303 -2.5521,-2.82004 -2.42036,-3.81881 1.70327,-12.91329 3.12262,-6.8868 5.53841,-16.69919 8.07487,-32.79835 0.38312,-2.4317 1.93502,-5.52007 3.44867,-6.86306 4.48049,-3.97534 15.11954,-10.2674 17.36082,-10.2674 1.14281,0 2.56614,-1.24692 3.16295,-2.77093 0.59682,-1.52402 3.35404,-4.96161 6.12716,-7.6391 2.77312,-2.67749 5.04203,-5.52363 5.04203,-6.32475 0,-0.80112 0.8159,-3.02921 1.8131,-4.95132 0.9972,-1.92211 2.1685,-5.86476 2.60288,-8.76146 0.75357,-5.02513 0.98373,-5.26672 5.01759,-5.26672 3.45833,0 4.60961,-0.69619 6.32568,-3.82521 1.15385,-2.10386 5.56157,-9.14119 9.79494,-15.63851 4.23338,-6.49733 7.69705,-11.96966 7.69705,-12.16074 0,-0.19108 1.86936,-3.26766 4.15413,-6.83685 9.12893,-14.26086 31.6423,-23.77719 44.57057,-18.83984 5.63452,2.15184 7.92554,4.7844 7.92554,9.10703 0,1.35323 2.52809,7.47319 5.61799,13.5999 3.08989,6.12671 7.53598,17.66371 9.88018,25.63778 2.3442,7.97407 6.16019,19.48599 8.48,25.58205 5.63046,14.79599 9.9178,29.42811 12.94003,44.16266 3.80866,18.56866 4.59417,16.86567 -11.36401,24.63733 -10.30627,5.01916 -18.11277,10.11839 -30.4803,19.90983 -15.1451,11.99045 -20.53103,16.74784 -38.35425,33.87835 -5.76164,5.53771 -5.83199,5.56513 -7.10553,2.77002 z"
       id="path84" />
    <path
       style="fill:#008080;fill-opacity:1;stroke-width:0.930918;stroke-dashoffset:0.5"
       d=""
       id="path86" />
    <path
       style="fill:#008080;fill-opacity:1;stroke-width:0.930918;stroke-dashoffset:0.5"
       d=""
       id="path88" />
    <path
       style="fill:#008080;fill-opacity:1;stroke-width:0.930918;stroke-dashoffset:0.5"
       d="m 210.13416,706.1405 c -1.03561,-1.03562 -1.88293,-3.74566 -1.88293,-6.02232 0,-4.45693 0.55238,-4.82567 9.23645,-6.16575 2.70936,-0.41809 7.27236,-1.59839 10.13999,-2.62289 8.83556,-3.15661 9.96312,-1.62735 2.85161,3.8675 -3.50648,2.70936 -8.14115,6.35663 -10.29927,8.10504 -5.39112,4.36763 -7.82808,5.05618 -10.04585,2.83842 z"
       id="path90" />
    <path
       style="fill:#008080;fill-opacity:1;stroke-width:0.930918;stroke-dashoffset:0.5"
       d="m 324.67684,928.47168 c 20.00727,-20.48537 29.73809,-26.15034 35.32397,-20.56446 2.26065,2.26065 2.29752,2.61289 0.46522,4.44519 -5.05614,5.05614 -36.42791,22.37665 -40.5297,22.37665 -0.75396,0 1.37927,-2.81582 4.74051,-6.25738 z"
       id="path92" />
    <path
       style="fill:#008080;fill-opacity:1;stroke-width:0.930918;stroke-dashoffset:0.5"
       d="m 425.74501,931.95813 c 0.48971,-0.84668 1.97945,-3.11093 3.31054,-5.03169 2.00984,-2.90019 2.26651,-4.57054 1.51391,-9.85221 -1.73942,-12.2071 -1.75924,-12.13875 4.79778,-16.54403 7.36234,-4.94631 8.06325,-4.27653 8.07994,7.72103 0.0195,14.04269 -1.27413,16.894 -9.70332,21.38671 -7.93715,4.23046 -9.33889,4.63706 -7.99885,2.32019 z"
       id="path94" />
    <path
       style="fill:#ffffff;fill-opacity:1;stroke-width:0.930918;stroke-dashoffset:0.5"
       d="m 134.93023,507.74281 c -3.92361,-0.89111 -7.88726,-2.24547 -8.8081,-3.00971 -0.92084,-0.76422 -2.01717,-1.0466 -2.43629,-0.62748 -1.34242,1.34242 -20.01677,-9.17633 -23.39358,-13.17697 -1.791804,-2.12282 -6.226684,-9.95574 -9.855287,-17.40648 -5.985258,-12.28974 -6.778653,-14.91813 -8.550098,-28.32513 -4.569032,-34.58021 0.77081,-76.50985 11.879563,-93.28101 3.734745,-5.63843 17.099162,-18.33315 24.622692,-23.38883 3.69703,-2.48434 4.3206,-3.6309 4.64033,-8.53216 l 0.36937,-5.66213 8.25132,0.58147 c 12.3468,0.87009 38.05741,8.36883 56.28088,16.41484 7.7976,3.44279 13.65005,9.29858 20.08778,20.09923 7.36592,12.35791 9.39316,17.46677 12.66774,31.9242 4.12127,18.19562 1.73888,41.66385 -6.27834,61.84603 -8.50911,21.42045 -16.19587,34.84851 -24.61445,42.99919 -2.04051,1.97557 -3.71002,3.996 -3.71002,4.48984 0,1.87025 -12.92145,9.08249 -21.37132,11.92862 -12.33903,4.1561 -21.16774,5.08292 -29.78219,3.12648 z m 64.08455,-72.49051 c 6.4834,-5.29079 17.92299,-19.11048 20.59579,-24.88093 4.31949,-9.32559 1.06343,-22.67186 -6.45071,-26.44088 -6.34891,-3.18456 -11.10903,-2.66136 -20.86098,2.29288 -10.19599,5.17982 -12.37277,8.36803 -12.37277,18.12172 0,3.67629 -0.83128,8.6737 -1.84729,11.10535 -4.16549,9.9694 -0.88868,21.42389 7.08825,24.77795 4.52598,1.90303 6.11974,1.33032 13.84771,-4.97609 z"
       id="path96" />
    <path
       style="fill:#ffffff;fill-opacity:1;stroke-width:0.930918;stroke-dashoffset:0.5"
       d="m 297.26736,476.39794 c -7.01691,-1.19788 -12.00055,-4.00176 -15.50653,-8.72423 -4.60503,-6.20288 -5.77561,-11.31948 -5.77561,-25.2453 0,-12.39239 0.15966,-13.15961 4.31035,-20.71306 2.37069,-4.3142 4.31034,-8.65037 4.31034,-9.63593 0,-2.76595 -6.10188,-9.37006 -8.65748,-9.37006 -1.2545,0 -2.53334,-0.41564 -2.84189,-0.92365 -1.13089,-1.86198 6.1417,-26.98343 9.69012,-33.47221 2.90301,-5.30857 5.47817,-7.87668 12.49603,-12.46185 8.14508,-5.32165 9.93806,-5.94763 22.82392,-7.96852 13.36022,-2.09528 14.18848,-2.09635 18.55539,-0.0241 2.51402,1.19299 9.32315,6.67937 15.13139,12.19197 l 10.56044,10.02291 -0.39374,10.46798 -0.39374,10.46798 -2.66561,-5.70615 c -3.22344,-6.90026 -6.90821,-9.70094 -12.69461,-9.64877 -5.37472,0.0485 -7.34958,1.53259 -11.41902,8.58152 -9.81848,17.00718 -8.40849,36.14256 3.38023,45.87418 5.54257,4.5754 8.34536,5.05809 12.12176,2.08757 4.54112,-3.57204 4.33932,-0.54316 -0.39966,5.99882 -2.0196,2.78797 -3.36639,5.86542 -2.99288,6.83878 1.96319,5.11597 -13.33537,23.95262 -22.89178,28.18596 -6.47675,2.86909 -19.49256,4.41468 -26.74742,3.17618 z"
       id="path98" />
    <path
       style="fill:#afe9af;fill-opacity:1;stroke-width:0.930918;stroke-dashoffset:0.5"
       d="m 379.7087,893.76585 c -1.50604,-1.6031 -2.73826,-4.36052 -2.73826,-6.12759 0,-4.46857 -4.9612,-9.90857 -15.55741,-17.05881 -5.85228,-3.94908 -9.30608,-7.16257 -9.79594,-9.11431 -1.02631,-4.08915 2.928,-10.2243 9.74551,-15.12028 2.987,-2.14509 8.94412,-7.93607 13.23804,-12.86883 4.29392,-4.93275 10.87868,-12.31986 14.6328,-16.4158 3.75412,-4.09594 10.42789,-11.8541 14.8306,-17.24035 4.40271,-5.38626 13.98002,-16.00025 21.28293,-23.58664 14.62317,-15.19082 14.51729,-14.90398 9.32647,-25.26842 -2.69693,-5.38491 -5.46662,-7.12246 -11.35342,-7.12246 -3.73945,0 -5.16561,0.99274 -10.85682,7.55734 -3.60353,4.15653 -10.70827,12.09437 -15.78832,17.63965 -5.08005,5.54528 -11.36377,12.81258 -13.96382,16.14956 -6.46144,8.2928 -30.32993,34.14477 -32.7331,35.45322 -1.07162,0.58347 -8.7372,8.5977 -17.03461,17.8094 l -15.08621,16.74854 v 7.67211 c 0,4.21967 0.52839,7.99867 1.17419,8.3978 0.6458,0.39913 2.4004,2.44774 3.89911,4.55248 l 2.72492,3.8268 -7.01744,-0.58193 c -7.98964,-0.66256 -9.07902,-1.50467 -25.52565,-19.73176 -7.16346,-7.93894 -9.47391,-11.30995 -8.86283,-12.93104 2.6554,-7.04422 30.40504,-37.83856 33.14867,-36.78574 0.92981,0.3568 1.69056,0.10854 1.69056,-0.5517 0,-2.10841 27.39108,-30.06431 31.04437,-31.68451 1.93255,-0.85708 4.07413,-3.03231 4.75908,-4.83385 0.68495,-1.80155 3.18892,-5.42683 5.56438,-8.05618 2.37546,-2.62935 6.32388,-7.93564 8.77427,-11.79177 9.57786,-15.07246 21.2009,-28.00299 42.11065,-46.84774 8.52822,-7.686 19.38518,-16.50573 24.12656,-19.5994 10.56149,-6.89118 26.89366,-14.41638 29.29139,-13.49628 1.79979,0.69064 2.61521,4.95336 4.1216,21.54633 0.72651,8.00248 0.59695,8.87583 -1.21362,8.18105 -4.04656,-1.55281 -2.20129,6.96851 4.68274,21.6246 9.85904,20.98987 10.58679,26.14641 5.13136,36.35864 -1.08551,2.03202 -1.98189,6.46552 -1.99195,9.85222 -0.01,3.3867 -0.37514,9.1294 -0.81129,12.76157 -0.75934,6.32366 -1.08556,6.80776 -7.68634,11.40633 -10.05249,7.00329 -23.10441,15.43413 -25.04907,16.18036 -0.92748,0.35591 -6.13649,3.67733 -11.57557,7.38092 -5.43909,3.7036 -10.3958,6.94886 -11.01494,7.21168 -2.62878,1.11592 -7.89909,9.82851 -7.89909,13.05834 0,9.80709 6.5933,23.28059 15.80682,32.30149 2.89728,2.8367 2.9446,3.08492 0.82165,4.31034 -6.69147,3.86248 -18.99057,12.53621 -22.50923,15.87427 -3.41317,3.23799 -5.02304,3.84068 -10.46798,3.91893 -3.53898,0.0509 -7.83468,0.51181 -9.546,1.02433 -2.42682,0.72678 -3.71404,0.29045 -5.84976,-1.98291 z"
       id="path100" />
    <path
       style="fill:#ffffff;fill-opacity:1;stroke-width:0.930918;stroke-dashoffset:0.5"
       d="m 277.96427,549.77612 c -2.17031,-5.65574 -0.90678,-7.81212 6.70062,-11.43549 l 7.44814,-3.54752 -0.36686,6.27646 c -0.35495,6.07263 -0.51356,6.31755 -4.88429,7.54187 -2.48459,0.69597 -4.93225,1.68105 -5.43925,2.18905 -1.44566,1.44854 -2.64583,1.09305 -3.45836,-1.02437 z"
       id="path102" />
    <path
       style="fill:#ffffff;fill-opacity:1;stroke-width:0.930918;stroke-dashoffset:0.5"
       d="m 313.67123,545.704 c -1.92636,-2.1286 -2.20256,-3.82743 -1.63677,-10.0671 0.77355,-8.53087 1.30833,-9.52524 3.94563,-7.33648 1.95557,1.62298 2.42356,11.36801 0.82005,17.07578 l -0.81149,2.88852 z"
       id="path104" />
    <path
       style="fill:#ffffff;fill-opacity:1;stroke-width:0.930918;stroke-dashoffset:0.5"
       d="m 244.63387,557.96687 c -0.38969,-0.63054 -0.18573,-1.46954 0.45324,-1.86444 0.63897,-0.39491 1.84296,-2.7885 2.67554,-5.31909 0.83257,-2.53059 2.9512,-6.78392 4.70807,-9.45183 l 3.1943,-4.85077 0.80186,6.69806 c 0.44101,3.68392 0.85665,8.77625 0.92364,11.31627 l 0.1218,4.61823 h -6.08496 c -3.34672,0 -6.40379,-0.51589 -6.79349,-1.14643 z"
       id="path106" />
    <path
       style="fill:#ffffff;fill-opacity:1;stroke-width:0.930918;stroke-dashoffset:0.5"
       d="m 216.35449,551.2974 c -3.5292,-2.82391 -3.56265,-2.9618 -1.79391,-7.39637 l 1.80235,-4.51881 4.0174,4.14491 c 3.23403,3.33668 3.85798,4.78013 3.19981,7.40249 -1.00502,4.00433 -2.58061,4.08453 -7.22565,0.36778 z"
       id="path108" />
  </g>
</svg>
