<?xml version="1.0" encoding="UTF-8" standalone="no"?>
<svg
   xmlns:dc="http://purl.org/dc/elements/1.1/"
   xmlns:cc="http://creativecommons.org/ns#"
   xmlns:rdf="http://www.w3.org/1999/02/22-rdf-syntax-ns#"
   xmlns:svg="http://www.w3.org/2000/svg"
   xmlns="http://www.w3.org/2000/svg"
   width="600px"
   height="1000px"
   viewBox="0 0 600 1000"
   version="1.1"
   id="SVGRoot">
  <defs
     id="defs1847" />
  <metadata
     id="metadata3">
    <rdf:RDF>
      <cc:Work
         rdf:about="">
        <dc:format>image/svg+xml</dc:format>
        <dc:type
           rdf:resource="http://purl.org/dc/dcmitype/StillImage" />
        <dc:title>Fille neutre</dc:title>
        <cc:license
           rdf:resource="http://creativecommons.org/licenses/by/4.0/" />
        <dc:creator>
          <cc:Agent>
            <dc:title>Frédéric Wang</dc:title>
          </cc:Agent>
        </dc:creator>
      </cc:Work>
      <cc:License
         rdf:about="http://creativecommons.org/licenses/by/4.0/">
        <cc:permits
           rdf:resource="http://creativecommons.org/ns#Reproduction" />
        <cc:permits
           rdf:resource="http://creativecommons.org/ns#Distribution" />
        <cc:requires
           rdf:resource="http://creativecommons.org/ns#Notice" />
        <cc:requires
           rdf:resource="http://creativecommons.org/ns#Attribution" />
        <cc:permits
           rdf:resource="http://creativecommons.org/ns#DerivativeWorks" />
      </cc:License>
    </rdf:RDF>
  </metadata>
  <title
     id="title5">Fille neutre</title>
  <g
     id="g909">
    <path
       id="path43"
       style="fill:#000000;stroke-width:0.858302"
       d="m 65.374485,1001.5726 c -25.913105,-25.43334 9.52554,-49.23161 20.451123,-65.12054 33.284162,-18.51129 26.878982,-56.92506 43.570652,-88.57302 15.77767,-32.43807 18.93142,-68.23249 28.01883,-102.23744 3.34177,-20.91056 31.60738,-62.17832 -7.32301,-42.13413 -26.17947,-10.66184 -45.51998,-38.61793 -60.703977,-62.36908 -9.641777,-35.38414 25.563657,-29.97979 43.386907,-23.50741 7.63839,-26.17659 -44.816008,-39.39146 -13.44649,-62.37314 10.82039,-32.23363 9.53871,-67.40207 14.35812,-100.54421 14.82427,-35.69523 61.1715,-40.40547 95.12475,-41.0472 12.03254,0.35694 36.59603,3.65771 21.43044,-10.78913 -38.47611,-3.92968 -72.06812,-28.80305 -85.19531,-65.50046 -7.23291,-36.62858 -21.68373,-69.1015 -27.13169,-104.36728 3.53929,-33.23867 53.84993,-42.06987 29.96086,-82.87824 -10.43731,-32.07193 -40.39967,-53.019088 -52.64429,-83.998997 7.90664,-13.452606 25.6407,-4.211557 38.29568,-6.586112 23.93113,8.79493 15.16368,-6.216103 25.33449,-16.725421 25.67863,-4.105927 39.96217,15.260607 57.02087,22.108232 -9.7485,-32.401555 20.18869,-31.874806 37.45593,-13.263033 12.44883,-1.124952 24.06301,26.264392 19.79492,6.873768 14.83788,29.604782 15.52493,-46.01149 45.78102,-23.607373 24.10796,-0.211319 33.70349,47.727157 51.08959,10.301158 33.32151,-9.364098 43.35409,39.188347 45.14102,64.684068 14.14,34.31531 30.68869,69.25279 28.46233,107.53789 12.18061,13.56417 60.047,21.19386 46.80946,55.52401 -16.58381,25.40459 -36.90523,64.55686 -73.65206,58.36075 -23.83596,17.2384 -40.09599,48.37543 -71.5152,55.01403 -42.96261,5.2341 2.40012,30.06697 22.72654,27.35322 42.31299,15.81849 72.66236,51.1946 92.35106,90.69957 18.52836,37.91065 35.93374,78.08859 32.20987,121.41742 -10.71938,32.5983 10.02334,77.30572 -19.691,100.89008 -18.79954,25.1819 -73.43377,3.23855 -80.10284,18.18265 7.14651,50.14821 11.77305,101.63816 17.04965,151.37297 -31.64312,13.89224 8.8756,61.40473 -14.20201,84.65448 -30.97939,-8.63242 -68.07028,3.97107 -100.8298,-3.53946 -25.34406,-12.30919 -60.04303,-12.60824 -49.02758,-44.6717 26.12002,-8.49038 51.19959,-15.37146 36.54557,-48.71139 -4.4391,-39.96703 -2.39887,-80.5686 -9.7847,-120.19091 -12.44102,36.12565 -30.66398,70.70168 -41.47077,107.07865 -3.29825,18.64737 0.39044,49.46429 -24.76094,54.13952 -6.20639,14.66619 6.20399,9.96318 -0.17522,31.5426 -1.53673,2.48524 0.67033,31.96812 -18.93537,25.53209 -20.02741,-2.02393 -40.52217,-6.79986 -62.6958,-1.19433 -30.33498,2.69008 -49.875182,17.59552 -79.081625,20.66285 z m 52.776555,-43.33417 c 24.53327,-9.32228 52.62889,-5.84437 79.09075,-7.32869 8.56801,-27.71372 -5.79066,-31.87722 -29.36313,-32.44966 -25.35594,-10.01256 -39.34292,24.19877 -56.2049,35.12129 -3.10668,6.96472 -10.24717,8.29077 6.47728,4.65706 z m 213.84451,-1.90036 c 27.85742,-6.27775 81.37744,-3.79432 57.99288,-40.78233 -25.65819,7.9694 -67.24613,10.99662 -76.45326,35.49248 2.93064,7.60084 12.02393,7.29568 18.46038,5.28985 z m 5.50388,-55.15072 c 21.8268,-7.30952 57.15095,-10.71934 66.63189,-27.11629 -6.1179,-42.4032 -4.47414,-85.63805 -13.45927,-127.56847 -29.82135,32.69231 -63.69844,3.11292 -54.32432,-34.5198 -5.85571,-18.73901 5.07067,-63.71385 -21.08607,-62.69369 -29.8744,-8.88258 -6.85806,82.38828 -43.61017,38.32437 1.03386,-14.52706 1.66935,-61.00923 -10.63592,-25.78673 -2.52696,28.17195 -17.46868,56.30563 -26.91115,85.91259 -6.42776,22.26092 -50.52943,-35.24938 -45.28903,6.1059 -14.10945,43.95017 -27.19406,88.2591 -40.33261,132.52021 14.22048,9.09374 52.59594,15.09205 68.07081,2.19375 15.12385,-53.35875 45.11881,-101.98331 57.65472,-156.50783 -0.69526,-21.87272 11.75218,-41.88638 27.59361,-14.6065 27.2523,57.21544 16.0957,122.53757 27.46546,183.02695 0.65247,4.3519 6.34934,1.57124 8.23205,0.71554 z m 34.40685,-176.57147 c 30.38296,-6.9062 -0.003,-51.26416 -2.54628,-69.01267 -38.37605,-13.59692 0.40601,43.3636 -7.57966,64.01707 -0.33941,9.20002 2.32462,10.75363 10.12594,4.9956 z m -152.33355,-2.87235 c -1.36515,-25.69993 38.12247,-72.61965 2.98897,-82.60387 -7.04489,25.30527 -43.55175,75.13698 -4.62487,86.17897 l 1.6359,-3.57513 z m 225.90329,-6.98306 c 41.61538,1.87873 41.91978,-52.38371 17.63347,-71.91288 -17.76693,-8.98057 -43.40643,0.22441 -14.06497,14.73345 -0.51891,13.51237 -15.231,14.39063 1.71693,27.87519 -1.95548,9.83134 -38.19645,36.22156 -5.28543,29.30424 z m -2.84653,-6.4923 c -0.26615,-9.21938 6.12789,8.18271 0,0 z M 406.0859,693.03204 c -4.52269,-12.47821 -6.63747,7.16914 0,0 z M 155.93097,672.55776 c 19.26066,-8.69204 53.00631,-35.25532 36.2711,-56.45411 -18.65314,-14.43973 -50.47377,-31.6508 -35.25103,6.87464 14.39893,42.97688 -71.460789,5.11108 -28.78997,29.57166 18.79527,-6.95587 13.97688,34.03466 27.7699,20.00781 z m 241.71131,-13.81657 c -14.75457,-30.88155 28.4163,-47.74095 12.5707,-83.48577 -2.20736,-19.56586 -34.06842,-47.43488 -25.46154,-8.74931 1.17336,28.92981 -2.00752,75.82056 12.89084,92.23508 z M 225.61556,634.14558 c -6.01022,-1.43718 -4.14342,2.65718 0,0 z m 258.41253,-15.60636 c 5.27045,-54.20441 -22.47959,-104.06563 -50.73776,-148.02049 -19.27606,-24.52265 -54.56713,-47.8094 -85.36812,-38.21583 -27.52031,10.8339 -45.46847,61.67557 -73.50757,21.7278 -28.25451,-14.97113 -63.65227,-18.56449 -94.60836,-6.36977 -41.22984,14.14428 -21.81081,66.75046 -30.56404,98.85326 -22.56398,27.21988 32.27699,36.54024 38.51558,29.30187 4.71209,-23.64465 -40.99864,-81.44036 1.35649,-79.68541 23.70748,-1.19446 42.09717,-21.77947 62.37455,-31.75268 41.35858,3.20977 -0.60168,54.67595 -1.18402,79.46607 -0.23249,26.96599 -41.59175,79.23478 7.0181,76.87352 33.55238,-1.64964 77.80537,11.98067 105.30693,1.2623 1.06479,-37.1166 -3.08,-77.10807 -2.3965,-112.02535 25.67915,3.25129 60.60379,28.41351 74.02196,55.69291 13.80805,20.30793 -9.79827,61.11656 28.5773,54.92305 9.16935,0.0736 25.11871,20.20469 21.19546,-2.03125 z M 212.31694,568.27436 c 12.15486,-26.84058 19.97444,-80.44682 -9.75888,-37.08867 -5.19898,3.26995 5.56138,52.22349 9.75888,37.08867 z m -6.06298,-22.61448 c 2.19293,-3.07912 2.19293,3.07912 0,0 z m 99.23201,-115.01257 c 18.96066,-7.7803 35.04285,-45.03341 1.6185,-29.33267 -31.85249,-9.88619 -40.84399,25.30355 -13.99665,38.75396 5.53048,-0.44244 8.20708,-6.91663 12.37815,-9.42129 z m -0.52726,-53.64537 c 35.06287,-5.81849 70.88349,-15.49535 94.14113,-44.32062 14.97602,-14.64323 12.13666,-37.60583 40.18316,-24.1316 18.38583,9.10154 43.70424,-38.52305 18.12885,-10.9762 -30.08904,11.63318 2.88808,-45.6993 -26.51667,-19.46945 -25.46077,0.0551 -3.45399,-62.94993 -27.96147,-21.14267 -26.59387,27.75643 -68.1893,34.35998 -101.29899,17.05577 -30.94363,-17.70067 -11.7064,-63.40402 15.38247,-73.68952 26.33967,-13.20277 67.83704,-19.72337 89.22426,4.79766 14.0871,-29.69927 -44.13107,-16.7702 -49.24451,-47.92347 -14.89164,-6.17369 -38.77259,10.15186 -11.12533,14.19315 23.07278,30.18838 -70.60399,15.99537 -26.65517,-5.77752 -16.33741,-20.29676 -43.05369,12.95177 -62.86694,-8.12407 -23.59462,-3.25125 -74.68142,3.99523 -63.32853,33.38691 34.09501,-8.93298 78.05898,17.18581 70.92789,56.2656 -2.19663,12.63042 26.3062,16.53249 10.96927,33.63313 54.66384,19.82228 -39.89618,47.65373 -30.26602,4.05688 24.75539,-36.79853 -14.02033,0.83594 -33.06657,0.45036 -19.47342,12.39351 -51.9785,-8.26752 -34.92301,27.34456 6.35852,38.61388 39.99753,68.2333 79.75319,66.77467 16.09001,-0.0633 32.82397,1.74135 48.54299,-2.40357 z m -45.06086,-30.19 c -26.7217,-25.57598 38.00074,-26.19934 55.45385,-33.34768 32.68798,6.5691 9.88104,31.07614 -13.40451,26.21956 -13.61271,4.62465 -27.44401,8.95257 -42.04934,7.12812 z m 45.06086,-161.20982 c 2.32674,-3.98666 2.32669,3.98668 0,0 z m -82.39701,-0.37565 c -47.58865,-29.17088 78.10999,-15.30612 17.16605,0.27926 -5.72118,0.14076 -11.45837,0.27671 -17.16605,-0.27926 z m 263.23109,86.3796 c 27.64847,-36.93794 -62.30922,-24.20039 -19.10062,-8.33125 6.50647,-0.0681 13.45169,17.43689 19.10062,8.33125 z M 179.92311,261.4997 c 7.63044,-19.43221 15.33487,-57.56786 -15.10092,-32.85998 -16.73313,10.57196 1.19832,48.69128 15.10092,32.85998 z m 181.25439,-7.38043 c 23.92242,-3.74239 54.51586,-48.76366 9.64773,-41.64271 -26.73325,-12.90885 -25.50283,52.83913 -9.64773,41.64271 z m -135.44609,-2.84758 c 34.28694,-1.43521 4.15082,-55.26328 -3.58463,-31.8144 4.68383,10.03142 -19.59218,38.71231 3.58463,31.8144 z m 95.60837,-4.5464 c 19.45336,-38.85657 -19.99581,-4.75657 0,0 z m 117.12884,-21.88345 c -8.65792,2.04952 0.0592,13.71943 0,0 z m 4.67674,-16.98016 C 447.73926,165.44292 413.91662,133.72833 412.50862,93.294039 411.90344,62.661336 389.81785,70.70573 393.23201,96.493063 393.99931,137.2659 360.43149,109.02756 363.20772,83.144685 348.83773,39.071457 310.218,72.791269 317.73216,105.93015 301.96595,143.02731 292.21353,75.420804 270.43962,75.027335 c -31.113,-17.966707 1.91335,63.232205 -32.8753,35.288685 -1.27357,-20.244311 -54.63729,-58.062889 -28.56872,-16.289044 5.59461,34.039084 -25.15746,2.420771 -35.05765,-8.003198 -51.43253,-12.151064 10.17238,35.042642 13.42542,56.602892 28.8984,-8.36119 66.22161,-6.13521 97.85442,-7.65437 25.64316,-1.03913 51.64434,-3.95383 76.04514,-0.65373 23.77972,27.58938 67.4142,29.719 77.15917,70.12259 -1.1094,4.08074 5.48458,13.25592 4.72326,3.42052 z M 156.90159,984.25229 c 4.28148,-3.11574 2.27681,3.31022 0,0 z m 5.10736,-1.78527 c 5.74317,-3.22137 7.70166,2.01469 0,0 z m 27.07897,-0.78964 c -2.83449,-3.37293 5.38311,2.88102 0,0 z M 426.5003,970.02009 c -0.48851,-7.05715 6.27977,4.22897 0,0 z M 68.067313,608.31594 c 2.192914,-3.07911 2.192914,3.07911 0,0 z M 143.61037,269.72859 c -8.17975,-12.5828 10.29991,10.96661 0,0 z" />
    <path
       style="fill:#afe9af;fill-opacity:1;stroke-width:0.930918;stroke-dashoffset:0.5"
       d="m 328.83698,894.43778 c -2.21781,-13.11539 -3.7438,-30.87229 -5.75171,-66.92854 -2.73123,-49.04488 -7.22777,-77.02016 -15.90633,-98.96144 -6.04017,-15.27085 -13.58338,-24.80704 -19.62256,-24.80704 -7.29391,0 -11.26877,6.61725 -13.69888,22.80555 -3.30977,22.04804 -9.68234,40.41981 -34.38002,99.11564 -7.83769,18.62684 -16.33809,40.38626 -18.88978,48.35428 -4.57217,14.27727 -4.71458,14.52399 -9.82384,17.01935 -13.28186,6.48687 -42.64017,4.84842 -58.37476,-3.25782 l -3.21436,-1.65599 10.93435,-36.69543 c 6.01389,-20.18249 15.08042,-50.00779 20.14785,-66.27846 5.61247,-18.02072 9.22087,-31.73871 9.23236,-35.09852 0.0103,-3.03352 0.5091,-6.28974 1.10827,-7.23604 1.77788,-2.80785 8.78973,-0.866 19.79561,5.48219 12.41662,7.1619 19.74503,8.48692 22.57436,4.08157 1.93587,-3.01421 12.22644,-30.45112 20.72485,-55.25701 2.66862,-7.78941 5.44252,-18.04187 6.16421,-22.78325 1.43198,-9.40788 5.81593,-21.70611 7.9967,-22.43304 2.29419,-0.76472 3.27611,5.62742 3.52465,22.94501 l 0.23713,16.52182 5.01029,4.67355 c 5.47726,5.10914 10.65191,7.04856 13.71303,5.13956 2.67885,-1.6706 4.38709,-7.2506 7.44014,-24.30327 3.78812,-21.1584 6.41855,-25.32688 15.98199,-25.32688 8.19053,0 13.53159,3.80102 16.48294,11.73028 2.4439,6.56591 4.84164,38.62896 4.5367,60.66595 -0.21334,15.41743 2.1142,22.23267 10.43443,30.5529 5.032,5.032 7.62601,6.6261 12.4744,7.66589 9.74507,2.08994 19.38336,-0.81357 28.09682,-8.46409 4.83917,-4.24884 4.6738,-4.44636 6.75713,8.07075 2.14125,12.86503 3.7108,28.59586 6.28662,63.00761 1.37715,18.39803 3.01485,37.51748 3.63933,42.48768 1.059,8.42851 0.95403,9.23111 -1.5596,11.92485 -6.39071,6.84865 -14.28848,10.12383 -43.95117,18.22641 -29.71727,8.1175 -26.56342,8.22785 -28.12115,-0.98402 z"
       id="path46" />
    <path
       style="fill:#afe9af;fill-opacity:1;stroke-width:0.930918;stroke-dashoffset:0.5"
       d="m 211.97592,722.10297 c -7.63968,-3.78757 -10.83438,-9.64364 -10.68908,-19.59373 0.13584,-9.30168 3.26233,-19.22231 13.4128,-42.56005 3.81251,-8.76562 7.31567,-16.88611 7.78481,-18.04554 0.79785,-1.9718 1.12191,-1.9768 5.01371,-0.0774 11.3243,5.52681 11.56423,17.13116 0.9362,45.28075 -3.83431,10.15561 -7.5835,21.79354 -8.33155,25.86206 -2.27164,12.35521 -2.07506,12.13428 -8.12689,9.13392 z"
       id="path48" />
    <path
       style="fill:#afe9af;fill-opacity:1;stroke-width:0.930918;stroke-dashoffset:0.5"
       d="m 363.03345,725.60037 c -0.0453,-0.84668 -0.25372,-7.08128 -0.46323,-13.85468 -0.30117,-9.73686 -1.31531,-15.52168 -4.8438,-27.63004 -4.5654,-15.66661 -5.61123,-25.53195 -2.98504,-28.15814 1.55324,-1.55324 7.28281,-1.92716 11.4532,-0.74745 1.75196,0.49559 3.41199,3.424 5.74993,10.14328 1.80779,5.19559 5.28799,15.08168 7.73377,21.96908 5.35892,15.09083 6.10407,24.57698 2.33193,29.68685 -2.41825,3.27587 -14.12494,10.13051 -17.30136,10.13051 -0.8762,0 -1.63013,-0.69274 -1.6754,-1.53941 z"
       id="path50" />
    <path
       style="fill:#008080;fill-opacity:1;stroke-width:0.930918;stroke-dashoffset:0.5"
       d="m 473.33744,624.32821 c -6.41684,-3.69658 -8.49369,-4.26162 -15.78293,-4.294 -15.17263,-0.0674 -16.89125,-2.82076 -18.08795,-28.97818 -0.71948,-15.72629 -1.26209,-19.29688 -3.64946,-24.01477 -9.63232,-19.03526 -30.23017,-38.99165 -51.18067,-49.58684 -7.32296,-3.70339 -23.79614,-8.89304 -24.85801,-7.83117 -0.40888,0.40889 -0.0442,21.66947 0.81028,47.24574 0.85454,25.57627 1.35706,50.64275 1.11673,55.70328 l -0.43696,9.20097 -4.92611,1.48024 c -7.5416,2.26619 -35.69713,1.89595 -60.34483,-0.79351 -12.19211,-1.33035 -28.14279,-2.42878 -35.44595,-2.44094 -20.44162,-0.034 -26.21801,-3.55922 -25.95313,-15.83846 0.14554,-6.74691 1.4709,-11.44271 10.69553,-37.89477 2.38888,-6.85023 4.93666,-16.72019 5.66173,-21.93324 0.73627,-5.29361 3.56004,-15.29075 6.39583,-22.64355 9.79901,-25.40742 11.12404,-29.21134 12.25808,-35.19113 2.17783,-11.48368 -2.11705,-18.92307 -12.54582,-21.73124 -5.78201,-1.55694 -6.06739,-1.42307 -28.87518,13.54515 -19.23932,12.62632 -26.80267,15.86537 -40.23378,17.23038 -5.23629,0.53216 -10.90791,1.87662 -12.6036,2.98768 -6.92076,4.53465 -5.86188,16.85419 3.66404,42.62934 5.64374,15.27075 7.08692,20.66838 7.21555,26.98688 0.1584,7.78064 0.10585,7.91318 -3.53055,8.90354 -4.73272,1.28895 -18.02341,-0.81976 -25.21387,-4.00045 -6.68523,-2.95719 -10.4196,-6.29134 -12.39909,-11.07024 -1.28228,-3.09572 -1.07205,-4.42333 1.58962,-10.03846 1.68704,-3.55901 3.4841,-7.5793 3.99346,-8.93398 0.50936,-1.35468 1.34972,-15.76355 1.86747,-32.01971 0.79616,-24.99787 1.34456,-30.82044 3.55558,-37.7504 5.05352,-15.83915 15.74757,-23.91871 39.00918,-29.47218 15.56305,-3.71552 40.52325,-2.90828 56.34115,1.82212 14.65742,4.38335 20.0829,7.29302 27.05814,14.51121 6.20765,6.42386 12.09868,9.6331 17.683,9.6331 6.11977,0 13.49784,-4.85225 28.06663,-18.45828 15.7168,-14.67816 23.0984,-19.10528 33.9381,-20.35441 19.66929,-2.26663 48.53657,11.46233 67.75313,32.22264 11.52666,12.45265 35.35852,53.92816 44.47574,77.40285 10.10663,26.02218 13.67685,45.0688 13.13929,70.09611 -0.21503,10.01093 -0.88041,17.30368 -1.59968,17.53292 -0.67734,0.21586 -4.55665,-1.52304 -8.62069,-3.86424 z"
       id="path52" />
    <path
       style="fill:#008080;fill-opacity:1;stroke-width:0.930918;stroke-dashoffset:0.5"
       d="m 109.35238,958.134 c 6.9063,-8.32157 36.01806,-36.64161 39.37016,-38.29944 5.04563,-2.49538 9.34379,-2.62362 24.73805,-0.73809 20.63714,2.5277 27.47841,8.55637 25.38965,22.37385 -1.4095,9.324 0.18309,8.83498 -32.34877,9.9329 -28.20826,0.952 -33.75211,1.59651 -45.99655,5.3474 -3.04803,0.93371 -7.16266,2.05879 -9.14363,2.50016 -3.16193,0.7045 -3.40725,0.56812 -2.00891,-1.11678 z"
       id="path54" />
    <path
       style="fill:#ffffff;fill-opacity:1;stroke-width:0.930918;stroke-dashoffset:0.5"
       d="m 319.27298,955.7209 c -5.40917,-2.41723 -5.80883,-4.76606 -1.76161,-10.35308 7.1699,-9.89776 19.02374,-15.56609 48.19516,-23.04617 11.78321,-3.02143 22.14384,-5.50098 23.02363,-5.51011 2.03588,-0.0211 6.34268,9.36409 6.37826,13.89925 0.0967,12.32372 -9.47303,16.54017 -53.54438,23.59187 -6.7734,1.08379 -13.70074,2.23016 -15.39409,2.5475 -1.69335,0.31734 -4.79699,-0.19083 -6.89697,-1.12926 z"
       id="path56" />
    <path
       style="fill:#ffffff;fill-opacity:1;stroke-width:0.930918;stroke-dashoffset:0.5"
       d="m 165.03466,259.80891 c -6.05857,-6.90032 -8.1292,-18.27174 -4.5777,-25.13959 2.67518,-5.17323 14.88448,-13.68718 19.6279,-13.68718 6.14217,0 7.44472,11.22195 3.21991,27.7408 -3.24003,12.66837 -5.05708,15.36265 -10.36076,15.36265 -3.19975,0 -5.01723,-0.98273 -7.90935,-4.27668 z"
       id="path58" />
    <path
       style="fill:#ffffff;fill-opacity:1;stroke-width:0.930918;stroke-dashoffset:0.5"
       d="m 217.46183,251.02608 c -1.64596,-1.64597 -0.92777,-6.50904 2.18102,-14.76836 1.69335,-4.49882 3.07882,-10.33043 3.07882,-12.95915 0,-5.84521 3.77319,-10.40928 7.12329,-8.61636 3.36836,1.80269 6.08241,5.27503 8.7918,11.24819 4.44442,9.79818 2.84488,18.24168 -4.21834,22.26738 -4.08238,2.32677 -15.54603,4.23886 -16.95659,2.8283 z"
       id="path60" />
    <path
       style="fill:#ffffff;fill-opacity:1;stroke-width:0.930918;stroke-dashoffset:0.5"
       d="m 317.79556,244.13485 c -2.39052,-2.39052 -1.70739,-6.68105 1.71046,-10.74295 4.21782,-5.01258 7.23195,-5.08977 6.24599,-0.15996 -1.03493,5.17463 -4.19574,12.38074 -5.43055,12.38074 -0.57644,0 -1.71309,-0.66502 -2.5259,-1.47783 z"
       id="path62" />
    <path
       style="fill:#ffffff;fill-opacity:1;stroke-width:0.930918;stroke-dashoffset:0.5"
       d="m 352.641,248.84514 c -3.04715,-7.97884 -2.1373,-22.96107 1.82221,-30.00607 3.16573,-5.63265 7.85752,-8.2647 12.60732,-7.07258 1.70606,0.42819 6.99885,0.87578 11.76176,0.99463 10.52994,0.26276 13.84012,2.51154 13.84012,9.40231 0,11.4548 -18.60795,29.25547 -32.98557,31.55455 -4.88426,0.78102 -4.88745,0.77881 -7.04584,-4.87284 z"
       id="path64" />
    <g
       id="g88"
       style="fill:#ff0000">
      <path
         style="fill:#ff0000;fill-opacity:1;stroke-width:0.930918;stroke-dashoffset:0.5"
         d="m 236.26847,376.75076 c -25.87313,-6.34719 -47.33276,-26.34157 -55.49366,-51.70458 -1.5256,-4.74138 -4.07251,-12.39315 -5.65979,-17.00395 -5.15054,-14.96152 -4.02651,-16.33745 14.36758,-17.58748 7.10538,-0.48287 15.91512,-1.90288 19.57719,-3.15558 3.66207,-1.25268 7.59293,-2.27762 8.73524,-2.27762 1.14232,0 9.07374,-3.60222 17.6254,-8.00492 8.55165,-4.40271 15.84308,-8.00493 16.20317,-8.00493 1.40489,0 0.48373,2.27499 -3.76924,9.3089 -3.91993,6.48309 -4.36431,8.05442 -3.90036,13.7917 0.62459,7.7237 3.69164,11.58138 11.61297,14.60657 11.76487,4.49304 32.6185,-0.92816 36.12389,-9.39091 1.40672,-3.39611 1.30998,-4.22698 -0.83268,-7.15085 -1.33338,-1.81955 -5.02057,-4.69374 -8.19375,-6.38709 -4.15845,-2.21912 -5.53707,-3.59463 -4.93726,-4.9261 0.4577,-1.01601 1.06501,-4.12966 1.34958,-6.91921 0.49217,-4.82454 0.15363,-5.4312 -6.94065,-12.43795 l -7.45805,-7.36602 0.15139,-10.36825 c 0.1832,-12.54696 -2.25609,-20.77775 -8.69889,-29.35232 -5.77798,-7.68976 -12.35385,-12.98599 -21.62933,-17.42036 -9.83279,-4.70079 -18.65937,-6.36204 -31.07921,-5.84941 -9.93598,0.4101 -10.39403,0.31129 -11.07153,-2.38844 -4.00594,-15.96303 17.74213,-28.56352 50.07563,-29.01304 12.23021,-0.17003 13.18804,0.002 17.67312,3.16904 7.16058,5.05671 11.85216,5.44085 26.00602,2.12935 17.45619,-4.08413 22.54664,-4.30183 27.55674,-1.17849 l 4.11765,2.56698 -5.65706,5.26811 c -3.11139,2.89745 -5.65706,6.22439 -5.65706,7.39319 0,8.86422 26.41871,15.58234 38.17733,9.70825 3.43909,-1.71801 4.38967,-2.9799 4.70276,-6.24288 0.52896,-5.51274 -2.38628,-9.59529 -7.54248,-10.56259 -5.68202,-1.06596 -9.19471,-4.88586 -6.96427,-7.57338 2.85125,-3.43554 8.2814,-5.48377 14.53829,-5.48377 6.02106,0 6.1201,0.0637 8.98973,5.78685 4.16373,8.30403 9.84173,12.15962 27.07126,18.38248 17.60415,6.35816 22.0126,9.66185 22.0126,16.49622 0,2.46975 -0.35013,4.84057 -0.77807,5.26851 -0.42793,0.42793 -3.01634,-1.13783 -5.75203,-3.47948 -17.30378,-14.81139 -51.79302,-14.85765 -82.70198,-0.11091 -13.58951,6.48358 -21.1768,13.7689 -27.39907,26.30857 -10.206,20.56805 -5.43356,40.70525 11.72111,49.45691 16.58748,8.46229 39.86167,11.03716 58.09281,6.42689 19.48113,-4.92636 37.23545,-15.86281 45.09261,-27.77651 5.82033,-8.82528 7.74411,-11.10127 8.63247,-10.21292 0.42662,0.42662 1.26116,5.56545 1.85454,11.41962 1.37397,13.55542 4.33527,20.49694 9.69043,22.71512 3.11407,1.28989 4.45329,1.33448 6.01545,0.20028 4.70144,-3.41343 9.46371,-6.34072 10.32237,-6.345 0.508,-0.003 0.92364,5.26018 0.92364,11.6949 0,10.26528 0.31894,12.01845 2.60169,14.3012 3.77644,3.77644 10.07534,2.44206 16.06049,-3.40227 2.5804,-2.51969 4.98276,-4.29011 5.3386,-3.93427 1.04877,1.04875 -6.2328,10.36548 -10.85905,13.8941 -6.92466,5.28168 -11.04397,5.90861 -19.07657,2.90322 -3.82718,-1.43193 -9.28565,-2.65358 -12.12994,-2.71476 -6.4422,-0.1386 -10.87826,3.7418 -17.19929,15.04487 -2.40759,4.30515 -8.05188,11.72266 -12.54285,16.48334 -19.77012,20.95737 -42.54158,31.50106 -86.10549,39.86882 -13.56971,2.60646 -18.9259,2.98566 -40.91229,2.8965 -16.73187,-0.0679 -27.59206,-0.66527 -32.07185,-1.76425 z m 55.32786,-33.16663 c 5.70742,-1.72912 13.46604,-3.15603 17.24139,-3.1709 8.32227,-0.0328 15.60809,-3.11025 20.15411,-8.5129 4.2004,-4.99187 4.22577,-8.70708 0.0877,-12.84511 -4.77146,-4.77145 -11.54004,-6.47622 -18.67976,-4.70476 -3.17987,0.78896 -13.22043,2.86421 -22.31232,4.61165 -18.48712,3.55317 -27.36724,6.51299 -31.67106,10.55621 -4.01378,3.77076 -3.84602,9.61652 0.4215,14.68818 l 3.32809,3.95521 10.52659,-0.71686 c 5.78962,-0.39427 15.19629,-2.1316 20.90371,-3.86072 z M 307.38899,184.5493 c -1.17359,-1.17359 -3.52647,0.72734 -2.65185,2.14249 0.51985,0.84113 1.2087,0.81988 2.09315,-0.0646 0.72508,-0.72507 0.97649,-1.66013 0.5587,-2.07792 z m -57.24146,-2.07206 c 9.24341,-4.23177 9.5793,-7.30491 1.20715,-11.04461 -7.36371,-3.28923 -31.03692,-4.53755 -36.02217,-1.89949 -6.34405,3.3571 -3.91051,9.99127 5.54187,15.10796 5.62997,3.04756 20.25056,1.96682 29.27315,-2.16386 z"
         id="path66" />
      <path
         style="fill:#ff0000;fill-opacity:1;stroke-width:0.930918;stroke-dashoffset:0.5"
         d="m 476.25976,269.33957 c -2.79933,-2.52902 -8.48134,-6.26979 -12.6267,-8.3128 -4.14535,-2.04302 -7.70945,-4.64942 -7.92021,-5.792 -0.62825,-3.40582 5.26779,-6.21412 14.27694,-6.80015 6.91826,-0.45001 9.18169,-0.0695 13.81563,2.3224 4.92282,2.54105 5.585,3.38385 5.92803,7.54492 0.27483,3.33375 -0.53905,6.2631 -2.82285,10.1601 -1.76495,3.01167 -3.73824,5.47577 -4.38508,5.47577 -0.64683,0 -3.46642,-2.06921 -6.26576,-4.59824 z"
         id="path68" />
      <path
         style="fill:#ff0000;fill-opacity:1;stroke-width:0.930918;stroke-dashoffset:0.5"
         d="m 288.43803,436.24134 c -12.81818,-9.10636 -13.6697,-27.40726 -1.56644,-33.6661 3.81578,-1.97322 13.74178,-2.64091 18.20433,-1.22455 1.22343,0.3883 4.23553,-0.13429 6.69356,-1.16132 5.69935,-2.38134 11.20518,-2.38623 13.17586,-0.0117 4.01436,4.837 -5.09986,20.59719 -16.18007,27.97838 -3.63556,2.42186 -7.95362,5.84406 -9.59571,7.60488 -3.64733,3.91107 -5.76881,4.00604 -10.73153,0.4804 z"
         id="path70" />
      <path
         style="fill:#ff0000;fill-opacity:1;stroke-width:0.930918;stroke-dashoffset:0.5"
         d="m 149.07703,673.82544 c -0.661,-0.81874 -3.19545,-5.7129 -5.6321,-10.87591 -3.39697,-7.19785 -5.27893,-9.73883 -8.06893,-10.89449 -2.00127,-0.82895 -4.24288,-1.13376 -4.98135,-0.67736 -1.17932,0.72886 -12.35278,-4.81408 -12.35278,-6.12798 0,-0.278 6.78879,-0.39319 15.08621,-0.25597 16.08898,0.26608 21.45167,-1.15942 24.28615,-6.45569 1.94334,-3.63116 1.49009,-10.95795 -1.21091,-19.57449 -4.22502,-13.47835 -3.0356,-18.68241 4.26466,-18.65903 7.77539,0.0249 29.89996,13.09268 33.30064,19.66887 7.58048,14.65903 -6.96279,35.16512 -36.51712,51.48936 -5.27762,2.91508 -7.2648,3.48944 -8.17447,2.36269 z"
         id="path72" />
      <path
         style="fill:#ff0000;fill-opacity:1;stroke-width:0.930918;stroke-dashoffset:0.5"
         d="m 433.00492,714.1275 c -1.64224,-1.68026 -1.04398,-2.77509 6.83329,-12.50498 13.05573,-16.12629 12.5492,-14.77437 7.59163,-20.26181 -5.03802,-5.57648 -5.18877,-7.39896 -1.15387,-13.95 4.06521,-6.60026 3.92808,-9.94894 -0.5012,-12.23941 -1.95134,-1.00908 -5.03621,-3.60346 -6.85528,-5.76529 l -3.30739,-3.93061 2.58219,-2.57914 c 3.39708,-3.39309 15.72789,-3.51847 22.51485,-0.22893 12.2961,5.95974 21.05643,30.36179 16.98808,47.32057 -3.77147,15.72121 -13.40125,22.87405 -32.68491,24.27779 -6.09606,0.44376 -11.49938,0.38157 -12.00739,-0.13819 z m 12.6043,-4.53698 c -0.0277,-2.26 -2.18246,-5.29047 -3.10545,-4.36749 -1.07678,1.07678 0.53882,5.9069 1.97577,5.9069 0.63169,0 1.14005,-0.69274 1.12968,-1.53941 z"
         id="path74" />
    </g>
    <path
       style="fill:#008080;fill-opacity:1;stroke-width:0.930918;stroke-dashoffset:0.5"
       d="m 319.27298,955.72481 c -5.40935,-2.42285 -5.80862,-4.77026 -1.76161,-10.35699 7.1699,-9.89776 19.02374,-15.56609 48.19516,-23.04617 11.78321,-3.02143 22.14384,-5.50098 23.02363,-5.51011 2.03588,-0.0211 6.34268,9.36409 6.37826,13.89925 0.0961,12.25115 -9.82148,16.66041 -52.92862,23.53158 -6.43473,1.02568 -13.36207,2.16361 -15.39409,2.52873 -2.03202,0.36512 -5.41275,-0.10571 -7.51273,-1.04629 z"
       id="path76" />
    <path
       style="fill:#00ff00;fill-opacity:1;stroke-width:0.930918;stroke-dashoffset:0.5"
       d="m 440.21815,209.66857 c -0.25653,-0.8896 -1.1463,-4.1113 -1.97729,-7.15933 -5.19272,-19.04683 -13.67978,-27.36731 -48.78866,-47.83113 -8.20585,-4.78291 -17.97237,-11.48616 -21.7034,-14.89611 l -6.78368,-6.1999 -10.80299,-0.83038 c -10.14255,-0.77962 -53.16653,0.4622 -113.89366,3.28736 -15.81549,0.73577 -30.84812,2.12704 -37.3306,3.45495 l -10.85277,2.22314 -1.70186,-4.07312 c -2.14475,-5.13312 -7.33327,-12.68307 -18.77814,-27.32454 -8.49961,-10.873597 -13.84894,-19.467913 -13.84894,-22.249902 0,-2.630517 5.10296,-3.942108 11.98972,-3.081664 6.5206,0.814695 7.52759,1.431664 17.18702,10.530261 9.82329,9.252935 17.85219,14.626495 21.85418,14.626495 1.02738,0 2.78534,-1.40009 3.90658,-3.11132 2.67142,-4.07711 1.64591,-11.839869 -2.52901,-19.143688 -3.3214,-5.810633 -4.166,-12.230792 -1.608,-12.223143 2.06063,0.0062 8.9948,4.254314 15.28276,9.36284 6.30294,5.120698 13.81289,15.174271 15.84815,21.215941 1.90651,5.65947 8.30042,10.31392 13.47229,9.80715 5.09331,-0.49908 6.65496,-5.51255 6.74354,-21.649302 0.11649,-21.22108 2.87319,-24.290426 16.43101,-18.294513 7.74809,3.426567 11.8464,8.056778 20.01961,22.6178 11.72168,20.882835 17.61368,23.783015 23.84336,11.736285 0.78523,-1.51843 1.57398,-7.61449 1.75281,-13.5468 0.26845,-8.905715 0.90272,-11.899714 3.63839,-17.174484 4.12795,-7.959352 11.03904,-14.790291 16.4852,-16.294049 11.50373,-3.176331 23.4078,8.641058 24.64895,24.469459 1.00345,12.796964 10.07554,27.059564 18.56765,29.190944 8.28712,2.07994 12.36113,-5.43705 12.51893,-23.098728 0.0795,-8.904615 0.54427,-11.260953 2.91463,-14.778325 2.14362,-3.18091 3.69437,-4.184585 6.46551,-4.184585 5.10771,0 7.47101,5.492303 9.18816,21.35318 1.7196,15.883628 4.15764,23.812838 14.95311,48.631678 4.71732,10.84514 9.97456,24.47362 11.68274,30.28551 3.53059,12.01235 5.42948,33.6467 3.08066,35.09835 -0.77525,0.47913 -1.61942,0.14328 -1.87596,-0.74633 z"
       id="path81" />
  </g>
</svg>
