<?xml version="1.0" encoding="UTF-8" standalone="no"?>
<svg
   xmlns:dc="http://purl.org/dc/elements/1.1/"
   xmlns:cc="http://creativecommons.org/ns#"
   xmlns:rdf="http://www.w3.org/1999/02/22-rdf-syntax-ns#"
   xmlns:svg="http://www.w3.org/2000/svg"
   xmlns="http://www.w3.org/2000/svg"
   width="600px"
   height="1000px"
   viewBox="0 0 600 1000"
   version="1.1"
   id="SVGRoot">
  <defs
     id="defs1847" />
  <metadata
     id="metadata3">
    <rdf:RDF>
      <cc:Work
         rdf:about="">
        <dc:format>image/svg+xml</dc:format>
        <dc:type
           rdf:resource="http://purl.org/dc/dcmitype/StillImage" />
        <dc:title>Garçon marche</dc:title>
        <cc:license
           rdf:resource="http://creativecommons.org/licenses/by/4.0/" />
        <dc:creator>
          <cc:Agent>
            <dc:title>Frédéric Wang</dc:title>
          </cc:Agent>
        </dc:creator>
      </cc:Work>
      <cc:License
         rdf:about="http://creativecommons.org/licenses/by/4.0/">
        <cc:permits
           rdf:resource="http://creativecommons.org/ns#Reproduction" />
        <cc:permits
           rdf:resource="http://creativecommons.org/ns#Distribution" />
        <cc:requires
           rdf:resource="http://creativecommons.org/ns#Notice" />
        <cc:requires
           rdf:resource="http://creativecommons.org/ns#Attribution" />
        <cc:permits
           rdf:resource="http://creativecommons.org/ns#DerivativeWorks" />
      </cc:License>
    </rdf:RDF>
  </metadata>
  <title
     id="title5">Garçon marche</title>
  <g
     id="g90">
    <path
       style="fill:#000000;stroke-width:1.03995"
       d="m 140.33909,991.69086 c -2.83143,-1.01119 -6.40648,-4.79964 -11.27393,-11.94691 -5.00157,-7.34419 -12.27003,-13.74253 -18.30863,-16.11684 -1.95815,-0.76993 -6.51731,-3.39573 -10.13147,-5.83509 -3.614156,-2.43938 -7.005215,-4.43524 -7.535688,-4.43524 -0.530472,0 -4.249379,-1.85021 -8.264237,-4.11158 -4.014859,-2.26137 -7.626641,-4.11158 -8.026182,-4.11158 -1.025973,0 -6.007433,-3.53101 -16.347148,-11.58737 -4.914247,-3.82901 -11.321397,-8.27963 -14.23811,-9.89026 -2.916713,-1.61063 -7.552094,-5.28064 -10.300845,-8.15557 -4.979434,-5.20801 -4.997729,-5.25356 -4.997729,-12.44276 0,-11.222 0.903073,-11.479 28.934223,-8.23409 5.20816,0.60289 10.889789,1.56092 12.625843,2.12893 1.736053,0.56802 5.523806,1.69214 8.417228,2.49806 5.876456,1.63681 18.052301,5.12888 23.673455,6.78962 2.0254,0.59839 5.66216,1.3123 8.0817,1.58647 4.22402,0.47865 4.48295,0.34114 6.50383,-3.45398 1.15757,-2.17385 3.63476,-5.33491 5.50487,-7.02455 3.04345,-2.74975 14.63067,-24.1931 14.63067,-27.07555 0,-0.60319 3.0454,-7.71204 6.76756,-15.79744 3.72216,-8.0854 7.62828,-16.78221 8.68026,-19.32625 5.97875,-14.4585 19.07463,-37.74277 24.57027,-43.68553 1.04561,-1.13069 4.18765,-6.38963 6.98231,-11.68656 2.79466,-5.29692 6.59295,-12.23521 8.44064,-15.41842 1.84769,-3.18321 4.83367,-8.56297 6.6355,-11.95503 5.6488,-10.63415 9.56471,-17.27795 13.68043,-23.21044 2.84835,-4.10567 4.12279,-7.1736 4.48345,-10.79289 0.27714,-2.78117 1.47336,-7.83199 2.65828,-11.22404 2.36027,-6.75669 4.17256,-14.88134 5.61743,-25.18342 2.34525,-16.72186 2.78022,-19.3245 4.03705,-24.15553 0.73538,-2.82671 1.7546,-5.94266 2.26493,-6.92434 0.51033,-0.98168 0.92786,-2.51539 0.92786,-3.40824 0,-0.89285 0.58739,-2.6337 1.30532,-3.86855 0.71791,-1.23485 1.40528,-4.0954 1.52749,-6.35677 0.49015,-9.06996 1.65549,-17.52716 2.54238,-18.45071 1.3529,-1.40883 1.15527,-6.73271 -0.24994,-6.73271 -0.65321,0 -3.13893,1.71482 -5.5238,3.81073 -4.06792,3.57502 -5.01365,4.99838 -7.77882,11.70743 -0.66976,1.62504 -2.93261,3.51095 -5.78359,4.82016 -2.57584,1.18288 -5.8149,3.45528 -7.19792,5.04981 -3.70474,4.27129 -18.16846,16.37211 -21.704,18.15826 -1.68248,0.84999 -3.66623,2.26016 -4.40834,3.13371 -1.59693,1.87984 -7.09848,4.78938 -10.07115,5.32622 -1.15737,0.20901 -4.47165,0.88199 -7.36507,1.49551 -2.97935,0.63175 -8.93916,0.84605 -13.74284,0.49418 -7.65329,-0.56059 -8.67159,-0.41673 -10.42157,1.4724 -1.06673,1.15153 -2.50294,2.0937 -3.19158,2.0937 -0.68865,0 -2.15405,0.97818 -3.25643,2.17375 -1.10239,1.19556 -2.95128,2.59009 -4.10865,3.09895 -1.15737,0.50886 -3.52471,1.82936 -5.26077,2.93446 -8.94705,5.69531 -14.22416,7.94914 -21.70863,9.27163 -12.268512,2.16784 -23.625269,-4.87428 -30.558737,-18.94893 -2.916787,-5.92096 -3.06416,-6.86799 -2.890376,-18.57381 0.100723,-6.78411 -0.386147,-14.87878 -1.08192,-17.98816 -0.695775,-3.10938 -1.274179,-11.89788 -1.285346,-19.53 -0.01754,-11.98562 0.289937,-14.57694 2.256338,-19.01606 2.941213,-6.63972 5.038392,-8.76968 15.546475,-15.78939 19.747756,-13.19208 18.456356,-12.6664 29.726736,-12.10077 21.24001,1.06599 40.25514,6.84062 50.34243,15.28831 3.92628,3.2881 7.21021,3.40084 6.63341,0.22774 -1.93799,-10.66134 -0.52303,-15.85789 4.33636,-15.92568 2.22126,-0.031 6.02563,-2.12561 6.02563,-3.31759 0,-0.30465 1.77551,-3.07331 3.94558,-6.15256 2.17007,-3.07926 6.95907,-9.90926 10.64223,-15.17778 3.68316,-5.26852 7.11812,-10.081 7.63326,-10.69439 1.82634,-2.1747 9.92263,-13.0334 13.55215,-18.17608 6.18811,-8.76793 18.71463,-21.94711 26.0564,-27.414 2.07431,-1.54459 6.41122,-5.22662 9.63758,-8.18229 3.22634,-2.95567 6.4038,-5.38407 7.06101,-5.39645 0.65721,-0.0123 2.55108,-0.71348 4.20861,-1.55801 1.65754,-0.84453 3.7843,-1.53836 4.72614,-1.54184 3.39634,-0.0125 4.16163,-2.59745 3.85077,-13.00672 l -0.30244,-10.12725 -5.60922,-0.31358 c -3.08506,-0.17248 -6.16261,0.13352 -6.839,0.67998 -2.56917,2.07566 -17.72343,2.47019 -28.0597,0.73049 -22.38839,-3.76818 -28.93064,-6.97049 -48.28111,-23.63277 -8.27011,-7.12122 -12.21501,-11.49004 -17.63494,-19.53 -3.83995,-5.69622 -7.79529,-11.52276 -8.78965,-12.94787 -2.4712,-3.54174 -10.05652,-19.20411 -11.43932,-23.6202 -1.77019,-5.6533 -5.16236,-17.53746 -6.45477,-22.61369 -0.64771,-2.54404 -1.5929,-6.01318 -2.10042,-7.70921 -4.33248,-14.47813 -4.06278,-45.18525 0.56424,-64.24343 2.40729,-9.91531 3.27762,-12.49996 6.05716,-17.98816 4.15481,-8.20368 20.69246,-24.84799 39.77571,-40.03223 1.38254,-1.10006 5.35918,-3.41282 8.83698,-5.13947 l 6.32329,-3.13935 1.34411,-8.22316 c 0.73927,-4.52274 1.21274,-12.43532 1.05216,-17.5835 -0.28077,-9.00142 -0.50564,-9.77704 -5.86408,-20.22702 -3.06466,-5.97667 -6.62915,-12.40324 -7.92109,-14.28124 -1.29195,-1.87802 -3.60063,-5.49605 -5.1304,-8.04009 -4.76984,-7.93234 -11.96802,-13.75455 -21.76483,-17.60438 -10.2188,-4.01564 -13.92838,-7.66833 -19.09653,-18.803631 -3.21126,-6.918989 -3.2121,-6.925821 -1.32447,-10.68026 2.51644,-5.005149 7.3762,-6.240831 14.66869,-3.729786 5.18696,1.786044 10.56269,2.203856 36.40832,2.829738 16.56479,0.401135 16.36564,0.538117 11.7975,-8.114719 -6.28516,-11.905134 -8.75328,-24.292939 -5.38429,-27.02448 2.12927,-1.726401 7.50913,-2.51639 11.79164,-1.731508 2.82038,0.516906 5.90956,2.693526 11.87394,8.366323 6.43173,6.117289 9.17866,7.989708 13.58559,9.260477 3.03809,0.876058 5.5238,1.98669 5.5238,2.468072 0,0.481384 1.77051,1.446092 3.93448,2.143797 4.81538,1.552577 13.95213,6.942175 13.95213,8.230096 0,1.338875 -0.0634,1.320618 -9.49456,-2.730377 -8.26679,-3.550896 -18.68919,-5.6652 -17.3292,-3.515432 0.35426,0.559993 1.09449,1.018169 1.64496,1.018169 0.55047,0 3.35849,1.618934 6.24004,3.597632 2.88155,1.978697 6.20584,3.597631 7.38731,3.597631 1.18146,0 2.41898,0.689603 2.75005,1.532451 0.33106,0.842847 2.47928,2.081945 4.77379,2.75355 2.29453,0.671606 4.73124,1.955892 5.41493,2.853969 1.34641,1.76861 5.39776,4.436946 8.3451,5.496326 3.11307,1.118948 2.13773,-1.999201 -1.84126,-5.886452 -3.8762,-3.786828 -4.27355,-4.698698 -2.73969,-6.287291 1.21184,-1.255077 -0.44623,-12.96441 -2.36243,-16.683622 -3.48182,-6.757935 -2.84798,-13.755374 1.67307,-18.470381 2.47489,-2.581064 5.79201,-2.911992 10.94433,-1.091847 2.99874,1.059357 3.74772,0.963061 5.6601,-0.72771 1.78269,-1.576128 2.54422,-1.714203 3.9837,-0.722302 3.58615,2.471111 8.7368,4.24118 18.29986,6.288914 17.26962,3.69794 22.44948,5.144838 33.05618,9.233619 14.83708,5.719552 15.98896,5.897504 17.24717,2.664476 0.56665,-1.456068 1.47748,-6.439178 2.02405,-11.073577 1.84335,-15.629764 5.6712,-27.186905 10.77843,-32.542494 1.05375,-1.104974 1.91589,-2.2927 1.91589,-2.639392 0,-1.822036 3.48175,-3.560182 7.02688,-3.507937 5.1988,0.07662 9.23272,2.856606 16.69378,11.504563 3.29232,3.81606 6.52243,6.949856 7.17803,6.963992 0.6556,0.01413 3.20424,1.881054 5.66365,4.148707 4.33248,3.99469 5.68493,6.375639 3.32158,5.847566 -0.63253,-0.141335 -1.67795,0.525445 -2.32315,1.481733 -0.97645,1.447265 -0.16641,2.76977 4.8326,7.889877 3.30313,3.383143 6.0057,6.606525 6.0057,7.163071 0,0.556545 2.01025,3.481838 4.46724,6.50065 7.10098,8.72473 8.94929,11.325656 11.93555,16.795594 1.54321,2.826711 3.59341,6.295856 4.55598,7.709211 0.96256,1.413356 2.90061,5.113777 4.30676,8.223159 4.07555,9.012135 7.35956,13.765645 8.64354,12.511265 1.12862,-1.10259 -1.79299,-10.78257 -5.06497,-16.78144 -0.81846,-1.500584 -1.48811,-3.973219 -1.48811,-5.494746 0,-1.521526 -0.92868,-4.040552 -2.06374,-5.597834 -1.49614,-2.0527 -1.9009,-3.811669 -1.47169,-6.395587 0.55096,-3.316938 0.092,-4.06037 -6.61654,-10.717665 -3.96471,-3.934424 -8.91831,-8.387556 -11.00801,-9.895849 -6.22921,-4.496112 -12.50894,-10.803287 -12.50894,-12.563626 0,-1.485707 0.28198,-1.476113 2.89343,0.09844 21.8334,13.164299 34.73569,26.667935 39.13638,40.960459 0.69629,2.261368 2.1252,6.424342 3.17536,9.251053 1.96566,5.290928 5.37076,18.576605 5.92758,23.127635 1.58489,12.9536 4.80925,24.68014 7.72774,28.10469 0.88748,1.04135 2.80283,4.04217 4.25634,6.66848 1.45353,2.62631 3.4934,4.93459 4.53305,5.12951 1.05198,0.19724 4.02612,-1.39255 6.70639,-3.5848 2.64886,-2.16656 6.76966,-5.38311 9.15733,-7.1479 2.38767,-1.76478 10.73306,-9.26949 18.5453,-16.67713 16.30142,-15.45716 17.93325,-16.12544 24.86245,-10.18179 6.83502,5.86286 10.24053,16.24088 7.84499,23.90704 -1.66769,5.33693 -8.00832,22.24476 -11.94711,31.85796 -4.3808,10.69201 -10.15024,28.82922 -13.40589,42.14369 -1.24413,5.08808 -2.7033,10.86999 -3.2426,12.84868 -0.5393,1.9787 -1.70409,10.99848 -2.58844,20.04395 l -1.60789,16.44632 2.3538,1.87055 c 1.98627,1.57849 2.15572,2.18038 1.08524,3.85497 -0.83569,1.30731 -1.041,4.001 -0.60169,7.89445 0.54637,4.84234 1.40877,6.78522 4.77365,10.7545 2.25873,2.66447 6.07078,8.84314 8.47119,13.73041 l 4.3644,8.88594 -1.10706,15.0778 c -1.0388,14.14797 -1.33856,15.5354 -4.86092,22.49828 -7.87969,15.57632 -17.79003,27.14099 -24.85001,28.99821 -2.18273,0.57419 -7.94349,1.49206 -12.80169,2.03969 -4.8582,0.54764 -10.72698,1.45232 -13.04172,2.01038 -2.31474,0.55806 -5.62902,1.28861 -7.36507,1.62343 -5.30302,1.02275 -11.40235,2.76046 -14.88916,4.24193 -1.82351,0.77478 -3.55258,1.40868 -3.84236,1.40868 -0.2898,0 -4.53024,1.84992 -9.42322,4.11095 -4.89297,2.26102 -10.26595,4.19513 -11.93994,4.298 -1.67399,0.10288 -3.51709,0.51343 -4.09577,0.91231 -0.57869,0.39889 -3.18277,1.04334 -5.78685,1.43212 -5.19565,0.77569 -13.43695,3.42044 -15.54469,4.98852 -0.73734,0.54855 -1.62454,0.72 -1.97155,0.38099 -0.34701,-0.33901 -2.44271,0.28661 -4.6571,1.39026 -5.3715,2.67715 -14.34531,5.47615 -29.38218,9.16452 -2.60408,0.63875 -6.39184,1.77518 -8.41723,2.5254 -2.0254,0.75022 -5.33968,1.83415 -7.36508,2.40876 -16.22505,4.60299 -22.09522,6.92687 -22.09522,8.74699 0,4.31185 2.49513,16.23812 3.57352,17.08086 0.67974,0.53119 5.95978,0.3236 12.73486,-0.50068 9.02075,-1.09749 15.12882,-1.17882 27.69083,-0.36869 16.07435,1.03664 16.1395,1.05094 24.5334,5.38415 19.85278,10.24869 23.54017,12.64259 29.03171,18.84785 10.05717,11.36425 11.69044,13.44701 13.91639,17.74624 1.28036,2.47288 3.70872,6.35834 5.39636,8.63434 1.68764,2.27602 3.06844,4.60236 3.06844,5.16967 0,0.5673 1.16831,3.44412 2.59625,6.39295 1.42794,2.94881 3.34913,7.61897 4.26932,10.37813 2.01003,6.02699 2.03425,6.07978 4.99217,10.88063 6.81443,11.06013 10.29304,17.40147 12.85332,23.43101 1.56038,3.67472 4.23281,9.39054 5.93873,12.70181 1.70592,3.31127 3.8162,9.09318 4.68952,12.84869 0.87331,3.7555 2.82148,10.75989 4.32925,15.56529 1.50778,4.80541 3.10417,10.58732 3.54753,12.84869 0.44336,2.26137 1.55063,7.96703 2.46061,12.67924 0.90997,4.71221 2.54543,9.80028 3.63434,11.30684 1.33599,1.84839 1.81353,3.82173 1.46844,6.068 -0.37413,2.43536 -0.0562,3.49946 1.18448,3.96458 0.93273,0.34967 1.69587,1.49511 1.69587,2.54542 0,1.0503 0.94694,2.40475 2.10431,3.00987 1.15736,0.60512 2.1043,1.59795 2.1043,2.20627 0,0.60833 1.89388,3.31593 4.20862,6.01689 2.31473,2.70096 4.20861,5.42483 4.20861,6.05305 0,0.62821 0.40263,1.14221 0.89474,1.14221 1.51362,0 7.52153,12.57034 9.10533,19.05105 0.82427,3.37281 1.51553,9.62994 1.53614,13.90474 0.0308,6.38389 -0.33844,8.16656 -2.06683,9.979 -1.15737,1.21365 -2.1043,2.82021 -2.1043,3.57017 0,1.56915 -10.3683,13.11294 -11.77766,13.11294 -1.17797,0 -1.97882,0.68584 -12.90297,11.04987 -4.91614,4.66408 -9.60187,8.48014 -10.41276,8.48014 -0.81088,0 -2.10468,0.74201 -2.87511,1.64892 -1.98428,2.33579 -5.65153,3.5494 -14.11311,4.67047 -15.73107,2.0842 -23.94563,2.65519 -27.36377,1.90205 -4.91362,-1.08265 -12.69511,-7.76699 -15.80597,-13.57741 -2.09686,-3.91647 -3.34722,-5.04137 -6.54124,-5.88492 -2.17187,-0.57358 -5.03704,-1.79007 -6.36703,-2.70329 -4.33893,-2.97924 -10.65843,-11.77364 -12.27002,-17.07531 -1.48362,-4.88072 -1.44686,-5.48328 0.62105,-10.17943 1.20891,-2.7454 2.85633,-5.52538 3.66093,-6.17774 2.34414,-1.9006 1.74198,-6.0775 -1.20234,-8.34011 -2.7669,-2.12626 -7.85628,-10.92057 -7.85628,-13.57542 0,-3.15316 7.47657,-15.90576 11.19535,-19.0956 3.57837,-3.06941 4.28006,-3.27643 9.22765,-2.72241 2.94512,0.32979 6.89354,0.89597 8.77426,1.25816 3.08684,0.59445 3.41753,0.42217 3.39931,-1.77091 -0.0272,-3.28018 -8.77972,-19.12814 -15.89968,-28.78936 -3.18502,-4.32181 -8.72098,-10.79754 -12.30214,-14.39053 -3.58116,-3.59299 -10.17786,-10.20374 -14.65932,-14.69055 -4.48147,-4.48681 -8.85832,-9.54129 -9.72635,-11.23217 -0.86802,-1.69087 -2.23085,-3.2819 -3.02849,-3.53562 -1.19642,-0.38054 -1.3241,1.22565 -0.72946,9.17638 0.39643,5.30072 0.9222,13.56937 1.16837,18.37478 0.24617,4.80541 0.89145,13.13136 1.43394,18.50211 0.54249,5.37075 0.96494,15.15011 0.93877,21.73192 -0.0262,6.58179 0.25867,12.45098 0.63296,13.04264 0.37428,0.59164 0.63114,5.61397 0.57079,11.16071 -0.1126,10.34936 0.42052,16.7706 2.28808,27.55921 0.64751,3.74057 0.70584,7.78524 0.14823,10.27895 -1.08048,4.83202 -0.23848,7.88302 5.38979,19.53 8.13609,16.8366 13.09755,30.73529 17.79617,49.8529 4.01477,16.33527 13.43845,35.52825 22.5471,45.92117 2.88619,3.29314 7.45013,9.35933 10.14209,13.48044 2.73139,4.18147 11.7506,14.46014 20.40801,23.25783 8.53246,8.67068 16.12405,16.51577 16.87023,17.43352 0.74617,0.91774 2.64004,1.67121 4.20861,1.67436 6.44941,0.013 10.60696,2.08557 16.03646,7.99443 10.08827,10.97895 11.89686,17.32776 11.03366,38.73214 -0.70344,17.44263 -1.35935,22.8179 -3.21126,26.31653 -1.61985,3.06022 -14.74025,14.32223 -16.68561,14.32223 -0.71348,0 -2.65807,1.38766 -4.32131,3.08368 -1.66324,1.69603 -3.6457,3.08369 -4.40546,3.08369 -0.75976,0 -1.38138,0.43139 -1.38138,0.95862 0,0.52725 -1.06531,1.2758 -2.36735,1.66343 -1.30204,0.38764 -3.07755,1.30013 -3.94558,2.02774 -3.67807,3.08316 -18.48537,8.15216 -27.35599,9.36479 -2.02539,0.27689 -4.68866,0.98451 -5.91836,1.57251 -1.55136,0.7418 -2.86738,0.73888 -4.29882,-0.009 -1.32601,-0.6933 -4.28597,-0.77627 -8.28571,-0.23227 -9.08887,1.23617 -12.99369,0.39669 -17.42568,-3.74627 -6.40277,-5.98523 -6.53992,-16.88003 -0.27638,-21.95282 2.60856,-2.11295 13.05757,-15.05897 13.05757,-16.17826 0,-0.51928 0.91759,-2.08376 2.03909,-3.47664 2.90315,-3.60567 3.75223,-7.69847 2.02398,-9.75621 -2.44568,-2.91192 -13.68124,-9.54154 -18.18637,-10.73097 -7.96322,-2.10244 -14.79408,-4.20188 -17.96738,-5.52224 -12.25732,-5.10008 -20.54589,-9.78416 -26.97737,-15.2456 -7.13868,-6.06197 -21.3242,-23.59468 -29.48888,-36.44702 -4.3612,-6.86513 -18.05981,-33.30443 -19.28566,-37.22271 -0.44217,-1.41336 -3.54912,-8.23601 -6.90432,-15.16145 -7.24759,-14.95968 -8.64013,-15.6296 -13.3542,-6.42434 -1.30282,2.54404 -4.01584,6.70701 -6.02893,9.25105 -2.01308,2.54404 -4.43968,6.01318 -5.39243,7.70921 -0.95275,1.69603 -4.17078,6.09028 -7.15119,9.765 -4.84336,5.97167 -7.10238,9.05889 -10.61053,14.50052 -3.71096,5.75625 -6.80231,9.87715 -8.35207,11.13367 -1.98004,1.60541 -9.02123,11.65087 -9.02123,12.87034 0,0.42548 -1.33973,2.45909 -2.97717,4.51914 -1.63745,2.06005 -4.50119,6.28959 -6.36388,9.39897 -4.79181,7.99898 -12.25236,18.21069 -17.34571,23.74214 -6.079,6.60186 -11.19077,15.02246 -11.19077,18.43446 0,1.5837 -0.3551,3.03364 -0.78911,3.22209 -1.368,0.59398 -6.57596,7.85722 -6.57596,9.1711 0,0.69104 1.16624,2.75019 2.59164,4.5759 2.08906,2.67576 2.42232,3.89624 1.71852,6.29366 -2.76821,9.42965 -9.06742,16.93372 -17.60368,20.97078 -4.76226,2.25222 -9.27095,6.69454 -13.61019,13.40987 -3.72026,5.7574 -6.43446,6.73169 -12.95174,4.64914 -6.51861,-2.08296 -8.96856,-2.11467 -10.64793,-0.13782 -1.2969,1.52665 -9.20476,2.03767 -12.62584,0.81592 z m 19.99092,-29.96083 c 0,-0.48278 1.17515,-2.11655 2.61143,-3.63061 4.78566,-5.04475 5.34294,-6.93005 2.67284,-9.04232 -1.29851,-1.02723 -3.37379,-1.87866 -4.61171,-1.89209 -3.08978,-0.0335 -13.28512,-4.23209 -17.61366,-7.25357 -4.87468,-3.40271 -9.23925,-4.91749 -20.93643,-7.26633 -5.4975,-1.10392 -15.02541,-3.60241 -21.17312,-5.5522 -13.410013,-4.25308 -14.89067,-4.38455 -11.419727,-1.01397 2.329305,2.26195 25.740677,16.99889 27.004747,16.99889 0.94921,0 16.6153,10.64931 19.79217,13.45409 2.15155,1.89955 4.84733,3.00469 8.46755,3.47131 2.9211,0.37651 5.99865,1.10949 6.839,1.62885 1.93174,1.19385 8.36691,1.2692 8.36691,0.098 z m 291.97262,-4.26167 c 0.35764,-0.56534 1.72599,-1.02789 3.04076,-1.02789 1.45245,0 2.92563,-0.97685 3.75421,-2.48938 0.75004,-1.36916 6.56095,-7.00951 12.91311,-12.53413 6.35217,-5.52461 12.20928,-11.02864 13.01581,-12.23118 0.98439,-1.46774 1.55363,-5.97472 1.73179,-13.71172 0.3418,-14.84415 -0.78348,-15.86277 -10.20321,-9.23615 -2.74418,1.93049 -4.28628,3.88285 -4.54023,5.74813 -0.21151,1.55358 -1.24527,3.74979 -2.29722,4.88048 -2.43567,2.61795 -5.31526,8.159 -5.31526,10.2279 0,0.87608 -0.47347,1.59289 -1.05215,1.59289 -0.57869,0 -1.05215,0.50523 -1.05215,1.12274 0,0.6175 -0.94694,2.29882 -2.10431,3.73625 -1.15737,1.43743 -2.10431,3.40455 -2.10431,4.37137 0,0.96683 -0.94694,2.59506 -2.10431,3.61832 -1.15737,1.02326 -2.1043,2.37968 -2.1043,3.01428 0,0.6346 -0.81006,2.28368 -1.80012,3.6646 -0.99007,1.38093 -1.89211,4.25917 -2.00453,6.39608 -0.19545,3.71489 0.8418,5.04612 2.22642,2.85741 z M 188.45895,919.78292 c 6.4166,-8.09764 12.03534,-15.08398 14.55433,-18.09681 1.33292,-1.59424 8.01563,-11.26703 16.23733,-23.50247 1.44671,-2.15298 5.8263,-8.52563 9.73242,-14.16145 3.90612,-5.63582 7.10204,-10.59303 7.10204,-11.01603 0,-0.42298 2.0299,-3.34191 4.51088,-6.48646 2.48099,-3.14457 5.08948,-7.02063 5.79663,-8.61345 0.70716,-1.59284 3.50489,-6.21837 6.21717,-10.27895 5.64388,-8.44951 4.85962,-7.41297 12.11946,-16.01825 7.48344,-8.87032 12.06181,-17.33071 13.55374,-25.04606 2.42027,-12.5161 3.15921,-14.35421 7.59616,-18.89564 2.96872,-3.03862 5.45088,-4.60862 7.66001,-4.84509 4.05756,-0.43432 5.67516,-1.37045 5.67516,-3.28432 0,-2.36449 1.41089,-1.75205 5.46764,2.37343 3.52359,3.58328 11.36682,17.27518 11.36682,19.84302 0,0.62439 2.13061,5.32423 4.73469,10.44409 2.60408,5.11985 4.73469,9.94615 4.73469,10.72513 0,0.77897 0.42802,2.21951 0.95116,3.20119 2.62702,4.92966 8.51822,17.95054 8.51822,18.82716 0,2.12459 11.79817,24.18004 15.58551,29.13551 2.19295,2.86932 5.12159,7.06715 6.5081,9.32851 1.3865,2.26137 2.78534,4.34286 3.10852,4.62553 0.32318,0.28267 1.91521,2.25385 3.53783,4.38039 1.62262,2.12654 4.46074,4.48666 6.30693,5.24471 1.84619,0.75805 5.37872,3.52804 7.85005,6.15553 2.47131,2.6275 4.89905,4.77727 5.39497,4.77727 0.49591,0 1.49107,0.69383 2.21146,1.54184 0.7204,0.84801 2.09867,1.54184 3.06282,1.54184 0.96417,0 3.61037,0.92511 5.88049,2.05579 2.27012,1.13069 4.71697,2.05579 5.43748,2.05579 1.04916,0 24.14501,10.6858 30.89635,14.29488 3.20329,1.71238 8.28354,2.27561 10.42529,1.15581 1.61883,-0.8464 2.16602,-2.14638 2.16602,-5.14591 0,-3.57577 0.74576,-4.73484 6.839,-10.62931 3.76145,-3.63873 6.839,-7.05815 6.839,-7.5987 0,-0.54054 -2.72245,-3.75193 -6.04989,-7.13641 -12.63531,-12.85196 -26.44159,-29.49341 -29.93158,-36.07813 -1.27345,-2.4027 -2.6945,-4.36855 -3.15788,-4.36855 -0.46337,0 -0.84249,-0.64063 -0.84249,-1.42362 0,-0.78299 -1.10417,-2.13043 -2.45372,-2.9943 -5.1453,-3.29359 -17.75945,-23.97054 -23.64202,-38.75366 -1.2373,-3.10938 -3.2126,-11.36685 -4.38954,-18.34993 -1.17693,-6.98307 -2.40266,-13.1119 -2.72385,-13.61961 -0.88675,-1.4017 -2.48009,-1.11834 -5.55813,0.98847 -1.53604,1.05135 -7.01561,4.07573 -12.17682,6.72082 -10.16683,5.21045 -16.75262,6.45877 -24.16986,4.58138 -4.40048,-1.11381 -13.94338,-9.15538 -17.4049,-14.66667 -2.75947,-4.39354 -4.4429,-13.33149 -5.24392,-27.8421 -0.81008,-14.67452 -2.20532,-18.35244 -7.13952,-18.82002 -3.13735,-0.29732 -3.43205,-0.0377 -4.54606,4.00396 -0.93332,3.3862 -0.84397,6.6389 0.41273,15.02391 1.64554,10.97946 1.49927,12.86848 -1.23744,15.98149 -2.30138,2.61785 -5.78076,2.21403 -11.09106,-1.28722 -6.63593,-4.37527 -10.99546,-9.60231 -11.76758,-14.10922 -1.1966,-6.98454 -2.15693,-9.01606 -4.26203,-9.01606 -1.6658,0 -1.95953,0.62588 -1.68842,3.59763 1.35551,14.85835 0.24629,27.39172 -3.04752,34.43448 -0.5288,1.13068 -1.91625,4.80905 -3.08322,8.17414 -3.94036,11.36255 -7.75469,12.92214 -20.31133,8.3048 -3.79476,-1.39541 -9.88785,-3.00707 -13.54023,-3.58149 -4.44618,-0.69925 -8.12854,-2.06875 -11.14308,-4.14421 -2.47633,-1.70489 -4.8823,-3.09982 -5.3466,-3.09982 -1.52892,0 -9.85594,14.01793 -20.26353,34.11215 -1.07944,2.0841 -2.43957,4.07724 -3.02253,4.42922 -0.58295,0.35198 -1.05992,1.51479 -1.05992,2.58402 0,1.06922 -0.63566,2.31394 -1.41261,2.76604 -3.56946,2.07708 -10.54125,18.85767 -8.15728,19.634 1.8721,0.60965 1.32056,3.05627 -1.05548,4.68215 -2.39165,1.63655 -5.15693,6.19286 -5.15693,8.49699 0,0.78828 -1.42041,3.34885 -3.15646,5.69015 -1.81235,2.4442 -3.15646,5.55058 -3.15646,7.29494 0,1.74094 -1.12306,4.34197 -2.63038,6.09202 -1.44672,1.67967 -2.63039,3.87603 -2.63039,4.88078 0,1.00476 -1.23757,3.13141 -2.75017,4.7259 -1.5126,1.59449 -3.61739,5.24682 -4.67732,8.11628 -1.05993,2.86947 -2.65536,7.16755 -3.54541,9.5513 -0.89006,2.38375 -3.28322,7.52575 -5.31815,11.42666 -4.57559,8.77131 -4.78028,12.666 -0.80644,15.34463 3.61645,2.43773 13.14336,6.12691 18.59549,7.20086 8.42515,1.6596 10.54135,0.71792 17.16156,-7.63667 z M 250.0505,751.02943 c 2.8131,-4.15287 5.4541,-16.41724 3.88457,-18.03926 -0.50386,-0.52071 -2.60079,0.0957 -4.89414,1.43874 -2.2069,1.29238 -5.42172,2.64417 -7.14403,3.00399 -3.32287,0.6942 -8.41953,6.82072 -9.27754,11.15223 -0.57605,2.90805 1.82565,4.31237 9.17796,5.36652 2.93445,0.42073 5.39081,0.82267 5.45858,0.89319 0.0678,0.0705 1.32534,-1.64641 2.7946,-3.81541 z m 103.87577,-4.80583 c 5.95781,-3.17629 10.58683,-5.3568 12.6429,-5.95548 0.87741,-0.25548 2.25204,-1.66338 3.05474,-3.12866 1.35178,-2.46758 1.08308,-3.46793 -3.64187,-13.55829 -3.0135,-6.4355 -5.98617,-11.33826 -7.26335,-11.9793 -1.18912,-0.59684 -3.216,-2.02268 -4.50416,-3.16854 -2.16158,-1.92276 -2.88064,-1.9962 -9.32732,-0.95258 -3.84186,0.62194 -7.27325,1.4122 -7.62531,1.75616 -0.35207,0.34394 0.16782,1.87115 1.15531,3.39379 5.38271,8.29977 5.99274,10.62146 6.01657,22.89803 0.0127,6.54856 0.33875,12.21483 0.72454,12.59171 1.27357,1.24422 3.97066,0.66072 8.76795,-1.89684 z m 111.82511,-20.40365 c 1.86213,-0.77 4.28765,-2.38893 5.39005,-3.59764 1.19467,-1.3099 3.26367,-2.19765 5.12186,-2.19765 3.97936,0 7.81109,-3.28854 19.4211,-16.66794 l 9.10707,-10.49501 -0.0954,-8.53733 c -0.0642,-5.74501 -0.61466,-9.31158 -1.68303,-10.90451 -1.57867,-2.35382 -1.63422,-2.35907 -9.84065,-0.93004 -4.53915,0.79042 -9.80784,2.09551 -11.70819,2.90019 -1.90036,0.80468 -6.69323,1.46305 -10.65083,1.46305 -4.96746,0 -8.70583,0.65263 -12.07269,2.10762 -5.41681,2.34086 -5.41247,2.78055 0.0977,9.8856 1.38889,1.79086 2.5915,4.11544 2.67248,5.16572 0.17076,2.21454 -4.30907,8.53843 -6.0486,8.53843 -0.6486,0 -2.09029,0.6508 -3.20377,1.44623 -1.93036,1.37896 -1.76227,1.71712 3.61388,7.27055 5.41728,5.59591 5.6141,5.99755 5.01872,10.24119 -0.5444,3.8803 -0.19493,5.71151 1.09002,5.71151 0.21148,0 1.90807,-0.62999 3.77022,-1.39997 z M 272.69279,700.32332 c 5.03853,-1.71365 11.05483,-3.65125 13.36957,-4.30577 2.31474,-0.65451 4.88233,-1.61059 5.70577,-2.12461 0.82342,-0.51403 3.19077,-1.28471 5.26077,-1.71262 8.00922,-1.65568 18.78431,-4.34092 25.33276,-6.31316 6.30963,-1.9003 10.75264,-2.7473 24.61856,-4.6932 9.17279,-1.28728 9.13444,-1.13729 9.08504,-35.52812 -0.0234,-16.27344 -0.48951,-33.83304 -1.03586,-39.02134 -0.54635,-5.18831 -1.28744,-15.43284 -1.64686,-22.76565 -0.35943,-7.3328 -1.09074,-17.0464 -1.62514,-21.58579 -1.59741,-13.56916 -1.43242,-14.70574 2.72432,-18.76665 3.33612,-3.25919 4.14331,-3.5698 7.97282,-3.06801 2.34349,0.30709 5.09,1.29136 6.10335,2.18728 1.01335,0.89593 2.43107,1.62896 3.15048,1.62896 5.50996,0 20.36744,13.92798 27.68643,25.95434 2.32238,3.81606 4.55276,6.93829 4.95642,6.93829 0.40366,0 3.30888,3.1218 6.45605,6.93734 3.14718,3.81553 9.04006,10.17563 13.09531,14.13355 4.05524,3.95792 9.47482,10.66537 12.04351,14.90543 2.56868,4.24007 5.92413,9.32815 7.45655,11.30685 2.63344,3.40036 8.85724,13.54261 12.78955,20.84175 3.15722,5.86042 3.77664,6.19238 10.18207,5.4569 9.15468,-1.05113 10.66845,-3.03584 10.59126,-13.88612 -0.0345,-4.84819 -0.46268,-10.89639 -0.95151,-13.44043 -0.48882,-2.54404 -1.42706,-7.63212 -2.08495,-11.30684 -0.65789,-3.67473 -1.86662,-8.99408 -2.68607,-11.82079 -4.4079,-15.20526 -6.32814,-21.04801 -8.4455,-25.69737 -1.28731,-2.82671 -3.08117,-7.45224 -3.98635,-10.27895 -0.90518,-2.82671 -3.73135,-9.07117 -6.2804,-13.87658 -2.54903,-4.80541 -8.79005,-16.6005 -13.86892,-26.21132 -14.40353,-27.25603 -14.67681,-27.6847 -22.13242,-34.71736 -5.31273,-5.01135 -6.4457,-5.88449 -7.63564,-5.88449 -0.63042,0 -2.56062,-1.1627 -4.28935,-2.5838 -5.55299,-4.5648 -9.64261,-5.54538 -26.16561,-6.27379 -16.34446,-0.72054 -26.37942,0.52572 -35.91574,4.46046 -2.11915,0.87437 -4.79996,1.64324 -5.95733,1.70858 -1.15737,0.0654 -2.1043,0.81265 -2.1043,1.66066 0,2.2417 -5.69823,2.5671 -9.54448,0.54504 -3.00744,-1.58108 -3.70064,-1.57976 -9.99546,0.019 -3.72015,0.94486 -8.77832,1.81968 -11.2404,1.94403 -2.90563,0.14677 -5.32932,1.00883 -6.90681,2.45663 -1.33667,1.2268 -3.64387,2.23054 -5.1271,2.23054 -1.48322,0 -3.32763,0.74262 -4.09868,1.65026 -0.77106,0.90764 -3.78822,2.6822 -6.7048,3.94344 -2.92138,1.26334 -8.14912,5.02304 -11.64058,8.37172 -3.48575,3.34319 -9.0809,8.35846 -12.43368,11.14505 -3.35278,2.78658 -8.23667,8.33721 -10.85308,12.33473 -2.6164,3.99753 -5.30696,7.73078 -5.97901,8.29612 -0.67204,0.56534 -2.85374,3.34066 -4.84821,6.16737 -1.99448,2.82671 -7.55774,10.30732 -12.3628,16.62357 -4.80507,6.31625 -8.7365,11.81572 -8.7365,12.22105 0,0.40533 -1.42041,2.99219 -3.15646,5.74859 -1.73605,2.7564 -3.15646,6.33585 -3.15646,7.95434 0,4.26292 2.88596,10.38904 4.89419,10.38904 0.94021,0 3.7641,-1.85022 6.27529,-4.11158 2.51119,-2.26137 4.99023,-4.11158 5.50899,-4.11158 1.10992,0 16.98972,-17.93139 16.99199,-19.18727 8.5e-4,-0.47118 2.41779,-3.16945 5.37096,-5.99616 2.95319,-2.82671 6.5656,-7.45223 8.0276,-10.27895 2.72444,-5.26762 4.29016,-6.92119 5.73018,-6.05173 0.44995,0.27168 2.97481,-0.22139 5.61082,-1.09571 9.96188,-3.30417 14.98186,-1.3168 22.13093,8.76146 4.11322,5.79854 3.88331,12.40858 -0.70806,20.35645 -1.79864,3.11354 -4.16874,8.69496 -5.26688,12.40316 -3.63942,12.2895 -8.24249,29.2555 -9.91674,36.55112 -0.90818,3.95739 -2.09518,8.61576 -2.63779,10.35193 -0.54262,1.73616 -0.98657,4.24736 -0.98657,5.58044 0,2.68759 -0.93148,5.85997 -5.28173,17.98816 -3.21886,8.97396 -4.3944,13.49486 -7.35011,28.26711 -1.07462,5.37075 -2.39534,11.94458 -2.93493,14.6085 -0.69086,3.41064 -0.63441,4.99485 0.1908,5.35506 2.19221,0.95694 10.1827,-0.56491 19.36693,-3.68858 z M 122.99091,648.03399 c 0.33358,-1.02677 -0.12457,-3.57624 -1.01812,-5.66547 -0.89354,-2.08924 -1.62462,-5.62668 -1.62462,-7.86097 0,-3.53567 0.77432,-4.85543 5.97228,-10.17931 3.28475,-3.36432 7.11827,-6.39793 8.51894,-6.74137 1.40066,-0.34344 5.46008,-2.01615 9.02091,-3.71713 5.41386,-2.58615 8.117,-3.17381 16.50414,-3.58794 9.38776,-0.46353 10.38124,-0.31576 15.51794,2.30822 6.06427,3.09782 10.75147,7.84601 10.75147,10.89139 0,2.4298 1.92302,2.48762 4.78586,0.14391 3.59156,-2.94031 3.72859,-4.99905 0.78469,-11.79011 -3.90338,-9.00448 -3.6683,-8.82227 -10.0408,-7.78216 -7.29549,1.19074 -12.75515,-0.45415 -18.17181,-5.47482 -3.10537,-2.87835 -5.64025,-4.18158 -9.53817,-4.90376 -2.91985,-0.54098 -8.35541,-2.06756 -12.07901,-3.39244 -5.16207,-1.83666 -8.61345,-2.35809 -14.53015,-2.19518 -4.26796,0.11752 -8.26877,0.71079 -8.89069,1.31837 -0.62192,0.60758 -1.55525,1.10469 -2.07407,1.10469 -0.51882,0 -3.09487,1.85021 -5.72455,4.11158 -2.62968,2.26136 -5.34225,4.11157 -6.02793,4.11157 -1.60192,0 -5.09184,3.86691 -6.570929,7.28074 -1.812152,4.18255 -2.712008,15.50413 -1.481179,18.63551 0.991845,2.52337 7.591268,7.56921 10.786008,8.24684 0.89428,0.18967 1.19875,-1.2262 1.01123,-4.70251 -0.23371,-4.3325 -0.0209,-4.92736 1.65015,-4.61297 1.05515,0.19852 2.97149,2.43678 4.25853,4.97391 1.9912,3.92523 2.26933,5.81909 1.86559,12.70305 -0.26097,4.44954 -0.25638,8.43485 0.0102,8.85623 0.88698,1.40207 5.71829,-0.18433 6.3341,-2.07987 z m 48.43726,-8.68631 c 3.15496,-1.97168 5.7363,-4.26816 5.7363,-5.10332 0,-2.40412 -3.40763,-3.61535 -7.43379,-2.64229 -9.42247,2.27724 -16.31478,4.31445 -17.06226,5.04324 -0.45243,0.4411 0.44071,2.03619 1.98475,3.54462 4.09844,4.00395 9.45034,3.73524 16.775,-0.84225 z M 310.91965,453.28595 c 0.0364,-0.56535 -0.25541,-4.38141 -0.64856,-8.48014 -0.6661,-6.94439 -0.88371,-7.45223 -3.19333,-7.45223 -1.36319,0 -2.73682,0.4083 -3.05252,0.90732 -0.31569,0.49903 0.003,4.45108 0.70855,8.78233 1.19211,7.31975 1.45306,7.85369 3.70107,7.5728 1.3302,-0.1662 2.44835,-0.76474 2.48479,-1.33008 z m -59.31532,-38.08757 c 5.99708,-0.65838 7.51081,-2.85502 3.09715,-4.4944 -3.53514,-1.31307 -8.99389,-6.05582 -10.71717,-9.31143 -1.14411,-2.16147 -1.24376,-3.71085 -0.425,-6.60783 1.2275,-4.34312 3.88661,-5.7422 10.91371,-5.7422 2.8488,0 7.68396,-1.30086 12.82424,-3.45027 10.7876,-4.51083 26.40152,-9.6839 31.75163,-10.51971 3.33659,-0.52123 5.04349,-0.18399 7.94957,1.57065 12.90581,7.79232 11.72061,18.6307 -2.52341,23.07617 -3.18277,0.99332 -8.86439,3.276 -12.62584,5.07262 -6.22052,2.97119 -6.5664,3.29704 -3.82466,3.60324 1.65789,0.18515 5.29788,-0.39304 8.08886,-1.28487 2.79097,-0.89183 6.19288,-1.62151 7.55979,-1.62151 1.36691,0 3.02694,-0.52916 3.68896,-1.17592 0.66201,-0.64675 5.1363,-2.05133 9.94285,-3.1213 16.23709,-3.61448 43.33406,-10.71571 45.89034,-12.02637 0.9782,-0.50154 3.76032,-1.23251 6.18252,-1.62438 2.42219,-0.39188 8.10382,-2.07785 12.62584,-3.7466 4.52202,-1.66875 12.48308,-4.45547 17.69124,-6.1927 5.20816,-1.73725 10.27268,-3.5772 11.25449,-4.0888 0.98181,-0.5116 5.2853,-1.58443 9.56331,-2.38408 4.61865,-0.86332 9.40242,-2.5307 11.77667,-4.10478 2.19916,-1.45798 4.53125,-2.65087 5.18243,-2.65087 0.65117,0 2.97193,-0.9362 5.15726,-2.08047 4.00391,-2.09649 14.95836,-4.95671 21.77328,-5.68504 2.0254,-0.21645 9.56734,-1.5359 16.75987,-2.9321 13.4745,-2.61563 18.22708,-4.77282 18.80427,-8.53521 0.17434,-1.13648 1.92999,-3.7867 3.90143,-5.88939 6.74865,-7.19793 9.73971,-20.00064 6.44588,-27.59041 -2.44416,-5.63194 -10.92249,-13.07265 -14.89565,-13.07265 -0.89625,0 -2.67818,-0.63847 -3.95986,-1.41883 -4.85663,-2.95699 -12.25,-2.93809 -20.87742,0.0533 -9.70296,3.36437 -11.88419,5.72975 -6.91138,7.49488 1.84979,0.65659 5.25712,2.09141 7.57186,3.18848 2.31474,1.09707 4.7514,1.9934 5.41481,1.99182 1.1403,-0.003 4.00451,3.03608 9.73211,10.32525 5.56056,7.07659 6.32709,17.55608 1.65322,22.60158 -2.4652,2.66121 -4.75624,2.54659 -11.01329,-0.551 -2.85495,-1.41335 -6.03513,-2.56589 -7.06707,-2.5612 -1.03193,0.005 -4.24359,2.58312 -7.13701,5.72983 -7.0027,7.61574 -9.55674,8.88739 -14.84089,7.38928 -4.69368,-1.33071 -7.78041,-3.55637 -7.78041,-5.61 0,-0.77814 -0.7102,-1.68104 -1.57823,-2.00645 -0.86803,-0.32542 -1.57823,-1.4318 -1.57823,-2.45861 0,-2.17388 4.87825,-8.18183 6.66949,-8.214 0.67191,-0.012 2.5544,-1.86228 4.18332,-4.11158 1.62891,-2.2493 3.49227,-4.08964 4.1408,-4.08964 2.14441,0 6.04946,-4.42859 6.04946,-6.86049 0,-1.9668 -0.55522,-2.39056 -3.13221,-2.39056 -2.17146,0 -3.65551,-0.78025 -4.83829,-2.54379 -1.62904,-2.42891 -1.8453,-2.47347 -4.78854,-0.98655 -1.69535,0.85649 -4.33107,2.9263 -5.85715,4.59958 -3.26657,3.58163 -4.83719,3.76494 -8.4527,0.98655 -4.11706,-3.16381 -5.19716,-2.6252 -5.19716,2.59165 0,3.70617 -0.60577,5.26517 -2.99098,7.69738 -3.83998,3.91565 -5.76606,4.46039 -10.94969,3.09676 -3.41525,-0.89843 -5.24969,-2.43393 -9.58068,-8.01941 -4.54805,-5.86541 -5.25629,-7.37372 -4.6918,-9.99191 0.36567,-1.69602 0.7531,-4.66587 0.86097,-6.59966 0.22631,-4.05718 2.43589,-5.45701 3.06178,-1.93971 0.36779,2.06693 0.52814,2.14036 1.24675,0.57089 1.2246,-2.6746 -0.0816,-6.40861 -3.3875,-9.68329 -1.61358,-1.59836 -3.52066,-4.85256 -4.23798,-7.23153 -0.7173,-2.37897 -1.7347,-4.58533 -2.26087,-4.90302 -0.52619,-0.31771 -2.1712,-3.08569 -3.65558,-6.1511 -1.4844,-3.0654 -3.18045,-5.86421 -3.76902,-6.21958 -0.58856,-0.35537 -2.29005,-3.04178 -3.78108,-5.96982 -5.10326,-10.0216 -25.97222,-28.45134 -32.21694,-28.45134 -0.75294,0 -3.25439,-1.26199 -5.55879,-2.80442 -2.3044,-1.54243 -9.13135,-4.7803 -15.17101,-7.19526 -10.19191,-4.07526 -11.66658,-4.38843 -20.51699,-4.35722 -5.24469,0.0185 -12.85009,0.51791 -16.90088,1.10979 -4.05079,0.59189 -9.73242,1.42681 -12.62584,1.85538 -4.92463,0.72943 -15.22864,3.66027 -23.67346,6.73361 -4.37794,1.59326 -5.17229,4.01794 -2.31377,7.06258 6.79431,7.2367 11.68636,25.22298 10.33648,38.00353 -0.95789,9.06932 -2.22166,12.81524 -6.42447,19.04265 -2.0364,3.01739 -3.70255,6.07775 -3.70255,6.80079 0,0.72304 2.18518,2.97782 4.85596,5.01063 7.34308,5.58904 9.87419,9.47745 9.87419,15.16923 0,4.48325 -0.52855,5.43952 -7.39836,13.38543 -4.0691,4.70647 -7.25805,9.26657 -7.08655,10.13355 0.24886,1.25808 1.61176,1.50672 6.75085,1.2316 7.35598,-0.3938 10.71776,0.9209 15.77047,6.16741 10.18262,10.57323 7.45099,19.79757 -6.17209,20.84225 -3.05078,0.23394 -8.77908,0.93596 -12.72958,1.56003 -8.79425,1.38924 -25.04589,1.24827 -30.55383,-0.26504 -3.34472,-0.91896 -5.16795,-2.58207 -10.2585,-9.35755 -3.40497,-4.53199 -6.19085,-9.06333 -6.19085,-10.06964 0,-1.00631 2.24898,-4.32519 4.99773,-7.37527 9.3589,-10.3849 18.14965,-22.16944 18.14965,-24.33076 0,-1.7501 -2.80566,-1.04177 -5.38034,1.35835 -1.38095,1.28731 -4.40469,3.69021 -6.71943,5.33977 -2.31474,1.64955 -4.56664,3.56693 -5.00424,4.26083 -1.48383,2.35294 -7.85462,5.53302 -11.08457,5.53302 -1.90949,0 -4.50732,-1.06269 -6.39873,-2.61751 -3.49821,-2.87568 -8.9041,-13.21331 -10.01503,-19.15163 -0.38903,-2.07953 -2.11266,-5.25068 -3.83026,-7.04699 -1.71761,-1.79631 -3.12293,-4.03941 -3.12293,-4.98466 0,-2.26407 -4.16718,-5.68592 -6.83375,-5.61147 -4.18415,0.11681 -7.89932,1.63658 -8.04358,3.2904 -0.67945,7.78968 -0.47885,11.64564 1.23751,23.78712 1.0789,7.63212 2.96103,16.6519 4.18252,20.04395 1.22147,3.39205 3.14573,8.94269 4.27611,12.33474 6.0943,18.28784 26.65245,43.05612 40.57756,48.88749 7.09864,2.97268 24.03906,4.66487 34.83488,3.47969 z m 65.21229,-57.08665 c -1.02438,-0.58263 -2.77296,-0.77701 -3.88574,-0.43198 -1.12661,0.34933 -3.79829,-0.25939 -6.02865,-1.37356 -4.77004,-2.3829 -17.15733,-14.69489 -17.15733,-17.05305 0,-0.91093 1.18367,-2.09591 2.63038,-2.63326 3.19074,-1.18515 3.3073,-2.42238 0.48771,-5.17696 -2.24672,-2.19491 -4.70849,-1.78756 -3.76185,0.62249 0.30352,0.77272 0.0692,1.69635 -0.52065,2.05251 -1.52406,0.92021 -5.14851,-2.57237 -5.14851,-4.9612 0,-1.10279 -1.20874,-3.40845 -2.68607,-5.12369 -1.47734,-1.71523 -2.9589,-4.45131 -3.29236,-6.08016 -0.33346,-1.62885 -1.0186,-3.21051 -1.52254,-3.51478 -2.23146,-1.34732 0.16549,-28.34874 3.00388,-33.83848 2.39957,-4.64098 4.57184,-6.68131 7.11339,-6.68131 1.46524,0 5.71988,-3.28745 11.8118,-9.12664 8.35362,-8.0071 10.34361,-9.37885 16.22249,-11.18263 3.68547,-1.1308 9.30494,-2.15527 12.4877,-2.27661 3.18277,-0.12135 7.68073,-0.32115 9.99546,-0.444 7.29045,-0.38693 19.56741,1.45342 23.81363,3.56974 7.38403,3.68019 15.02461,16.6322 16.37301,27.75487 0.80798,6.6648 -1.0893,14.07977 -6.41188,25.05893 -4.83276,9.96884 -10.88631,17.56547 -25.02473,31.40371 -21.11026,20.66206 -23.49006,22.28505 -28.49914,19.43606 z m 19.33236,-49.50198 c 8.42076,-9.62908 15.67298,-21.8616 15.67298,-26.43608 0,-3.33283 -4.47869,-4.40306 -16.22882,-3.87803 -9.1955,0.41088 -10.6675,0.73868 -12.33136,2.74609 -1.82535,2.20224 -1.81773,2.35466 0.22458,4.49629 3.3598,3.52317 5.73111,12.62415 5.47582,21.01594 -0.27921,9.17772 0.71088,9.46094 7.1868,2.05579 z m 113.52326,66.04224 c 0,-0.56534 -0.50141,-1.02789 -1.11425,-1.02789 -0.61284,0 -0.82163,0.46255 -0.46398,1.02789 0.35765,0.56534 0.85906,1.0279 1.11425,1.0279 0.25519,0 0.46398,-0.46256 0.46398,-1.0279 z m -225.5579,-80.56094 c 11.43071,-12.59951 14.3122,-17.97584 15.62892,-29.16065 0.63935,-5.43091 0.491,-6.51732 -0.96443,-7.06295 -2.51973,-0.94461 -5.47049,2.18417 -6.75314,7.16056 -1.59283,6.17988 -5.32621,9.33936 -10.13496,8.57699 l -3.75583,-0.59542 0.2265,7.39265 c 0.12458,4.06596 -0.16381,9.82105 -0.64085,12.7891 -1.11733,6.95167 0.6745,7.20381 6.39379,0.89972 z m 206.85193,-9.12288 c 8.97651,-8.68927 19.46765,-15.03903 26.0927,-15.79262 1.74191,-0.19814 4.69861,-1.16111 6.57046,-2.13994 3.6304,-1.89842 16.45987,-2.3509 24.18338,-0.85291 l 3.94557,0.76525 v -5.05386 c 0,-7.06661 3.89001,-37.39192 5.90734,-46.05185 2.4489,-10.51251 4.39573,-18.24061 6.27937,-24.92645 0.91585,-3.25072 1.66156,-6.36139 1.65714,-6.91259 -0.0239,-2.97921 -3.38771,-0.91319 -11.06196,6.79411 -5.62199,5.6462 -10.41501,9.43579 -13.93745,11.01963 -5.05346,2.27224 -5.55663,2.31907 -8.56862,0.79742 -8.55513,-4.32203 -13.64966,-14.05498 -12.42376,-23.73519 0.70808,-5.59131 -2.1148,-16.09098 -5.6735,-21.10245 -1.00777,-1.41916 -3.50258,-5.58687 -5.54404,-9.26159 -6.90903,-12.43656 -13.69709,-24.14339 -15.49631,-26.72527 -0.98492,-1.41335 -4.51614,-7.83034 -7.84715,-14.25997 -6.58957,-12.719364 -13.65183,-23.235428 -33.80028,-50.330261 -1.16125,-1.561613 -2.14592,-2.051592 -2.81308,-1.399816 -1.97327,1.927776 -3.33046,24.624459 -1.91321,31.995167 1.85665,9.655887 1.34778,11.819641 -2.87326,12.21724 -3.99416,0.37623 -4.05349,0.63974 -1.43197,6.36007 1.59595,3.4825 1.78255,5.06217 0.94713,8.01804 -1.13463,4.01455 -0.98638,5.26331 2.34269,19.73427 8.78781,38.1993 10.01895,42.24686 14.35557,47.19641 3.35095,3.82457 3.6499,4.74255 4.06609,12.48586 0.47331,8.80599 -0.87441,13.43833 -4.28131,14.71554 -4.78493,1.79381 -11.65259,-0.0937 -15.51631,-4.2647 -2.241,-2.41919 -5.70912,-10.9013 -7.66163,-18.73837 -2.12483,-8.52873 -5.74171,-20.80568 -6.46752,-21.95299 -0.35358,-0.55891 -1.01312,-2.6708 -1.46562,-4.69307 -0.45251,-2.02225 -2.2793,-9.45875 -4.05953,-16.52552 -1.78024,-7.06678 -3.91158,-15.96955 -4.73632,-19.78393 -2.83818,-13.12647 -13.925,-28.506956 -23.60523,-32.746973 -2.65687,-1.163735 -8.14497,-2.820654 -12.19576,-3.682044 -17.60662,-3.744 -20.02905,-4.187909 -20.70252,-3.793731 -0.39138,0.229074 -0.29317,1.84182 0.21824,3.583883 0.51141,1.742062 1.19947,6.200238 1.52904,9.907058 0.68601,7.715847 3.34311,19.004677 5.43247,23.080087 2.61346,5.09773 1.97701,6.31072 -2.91062,5.54718 -3.86988,-0.60454 -4.25466,-0.48111 -3.59573,1.1535 0.40584,1.00677 0.95877,3.91198 1.22875,6.45602 0.70438,6.63764 3.15772,14.92063 6.69795,22.61369 5.31698,11.554 6.66449,24.59438 2.84451,27.52737 -5.2475,4.02903 -13.57241,0.99616 -18.13269,-6.60595 -3.20597,-5.34446 -8.05754,-17.74246 -11.00256,-28.11669 -5.28372,-18.61264 -12.89196,-29.88464 -23.44089,-34.7289 -2.5187,-1.15663 -7.39151,-3.75949 -10.82846,-5.78413 -3.43696,-2.02464 -6.60411,-3.68235 -7.03812,-3.6838 -1.59704,-0.005 -0.71965,3.00442 1.69918,5.82888 4.19486,4.89832 10.34991,17.41031 10.89688,22.15116 0.43798,3.79612 0.0794,4.99999 -2.31845,7.78398 -3.21529,3.73306 -5.80596,4.28527 -5.80596,1.23755 0,-1.14211 -0.70144,-2.05579 -1.57823,-2.05579 -0.88492,0 -1.57823,0.91727 -1.57823,2.08804 0,2.83941 -2.35749,3.50786 -5.9574,1.68919 -4.26954,-2.15695 -6.36624,-4.71885 -10.82775,-13.23016 -2.57987,-4.92167 -4.91971,-7.97992 -6.79356,-8.87947 -3.29072,-1.57971 -15.26212,-3.42837 -16.67538,-2.57506 -1.24679,0.75278 -0.11651,4.99615 2.24247,8.41887 1.03243,1.49797 3.69409,5.4989 5.91482,8.89096 2.22072,3.39205 5.12056,7.7863 6.44407,9.765 2.93335,4.38542 10.92258,21.8172 10.92258,23.83207 0,0.79977 0.42983,1.89357 0.95515,2.43064 1.2287,1.25614 2.25389,9.89568 2.51852,21.22419 0.25718,11.00911 1.04114,12.05327 7.29725,9.71913 2.50561,-0.93484 5.52622,-1.69971 6.71247,-1.69971 1.18624,0 2.4358,-0.27257 2.77679,-0.6057 0.34101,-0.33313 3.3791,-0.78881 6.75133,-1.01262 3.37223,-0.22381 7.07827,-0.83102 8.23563,-1.34937 4.3482,-1.94738 18.31266,-3.46888 32.94196,-3.58918 8.32296,-0.0685 15.35196,0.22247 15.62,0.64647 0.26806,0.42401 1.59503,0.77092 2.94882,0.77092 1.3538,0 4.99524,1.32604 8.09209,2.94675 10.61785,5.55675 16.16837,8.26192 27.41677,13.3622 13.79191,6.25357 16.4635,8.31496 30.34815,23.4166 14.1165,15.3538 17.43015,20.15116 27.22995,39.42236 1.86867,3.67472 3.82908,7.37514 4.35648,8.22316 0.5274,0.84801 2.15476,3.73896 3.6164,6.42434 1.46162,2.68537 2.86139,4.8825 3.11061,4.8825 0.24923,0 4.39534,-3.81606 9.2136,-8.48013 z M 248.43103,206.37191 c 1.87145,-0.30707 3.9989,-1.26018 4.72764,-2.11802 1.17032,-1.37764 0.58889,-1.47006 -4.98089,-0.79174 -6.04659,0.73639 -8.38811,2.01469 -7.18218,3.92096 0.30971,0.48953 1.34376,0.5879 2.29793,0.2186 0.95417,-0.36931 3.26603,-0.92272 5.1375,-1.2298 z M 363.19805,75.805316 c -0.19353,-0.981787 -2.34209,-2.857621 -4.77458,-4.16852 -3.54293,-1.909333 -6.47074,-2.468305 -14.71845,-2.810022 -10.09813,-0.418382 -10.22506,-0.395195 -6.61321,1.208061 2.0254,0.899046 4.50468,2.041731 5.50953,2.539299 1.00485,0.497569 2.78677,0.90467 3.95985,0.90467 1.17308,0 2.95501,0.408143 3.95986,0.906986 3.10824,1.543046 8.02452,2.980735 10.5844,3.095245 1.78453,0.07983 2.3495,-0.372584 2.0926,-1.675719 z"
       id="path42" />
    <path
       style="fill:#ff0000;fill-opacity:1;stroke-width:0.930918;stroke-dashoffset:0.5"
       d="m 226.73885,413.61707 c -9.93004,-1.64498 -16.08386,-5.12866 -25.24828,-14.29307 -20.55837,-20.55838 -31.55842,-46.37467 -34.53666,-81.05496 -0.96437,-11.22964 0.40316,-14.08185 6.75174,-14.08185 5.16031,0 8.28907,4.60474 17.42929,25.65144 2.85228,6.5678 9.52516,13.75743 12.76863,13.75743 3.68495,0 8.30609,-2.65726 17.29472,-9.94485 5.14155,-4.16855 9.67894,-7.24853 10.08307,-6.8444 0.94957,0.94958 -3.69243,7.5941 -13.75298,19.68591 -4.42509,5.31854 -8.04562,10.49522 -8.04562,11.50376 0,2.68003 9.61669,15.95016 13.31492,18.37334 4.66525,3.05678 22.47746,3.60889 39.3422,1.21944 14.96162,-2.1198 18.47502,-3.52457 19.56645,-7.82325 1.1707,-4.61089 -0.6361,-8.90377 -6.24678,-14.84206 -5.12783,-5.42725 -5.66113,-5.67114 -13.49035,-6.16968 -4.48331,-0.28546 -8.15147,-0.87405 -8.15147,-1.30795 0,-0.43391 2.5279,-3.83301 5.61755,-7.55358 11.72373,-14.11773 11.85945,-18.91992 0.8267,-29.25066 l -6.91623,-6.47615 2.7697,-4.6076 c 6.09214,-10.13473 6.82355,-12.84945 6.88202,-25.54355 0.0638,-13.84346 -2.32023,-23.22843 -8.07846,-31.80222 -4.35055,-6.47782 -3.59731,-7.39634 9.21674,-11.23907 13.37619,-4.01131 22.23265,-5.51726 37.79036,-6.42587 15.3957,-0.89914 18.26387,-0.14296 41.35655,10.90352 12.44372,5.9525 17.03937,8.92167 24.09935,15.5702 8.87316,8.35603 19.45469,23.19658 26.05372,36.54024 2.00984,4.06404 4.94633,8.95569 6.52553,10.87035 1.57918,1.91465 2.87125,4.65296 2.87125,6.08513 0,2.50962 -0.0612,2.52016 -1.69123,0.29105 -1.64978,-2.2562 -1.70751,-2.25442 -2.35552,0.0725 -2.86689,10.29477 -2.32666,13.20841 3.9404,21.2516 6.44162,8.26724 14.10548,9.81182 19.90551,4.01178 2.63691,-2.6369 3.59986,-4.77819 3.59986,-8.00492 0,-4.83919 0.7953,-5.31043 4.38284,-2.59696 3.49994,2.64723 4.8418,2.34923 11.16894,-2.48039 l 5.7209,-4.36685 2.68195,2.51956 c 1.47507,1.38576 3.61606,2.51956 4.75774,2.51956 2.70744,0 2.66199,3.18636 -0.0793,5.56313 -6.77646,5.87524 -18.78078,18.00851 -18.78078,18.98254 0,0.62726 0.83128,1.97175 1.84729,2.98776 1.01601,1.016 1.84729,2.42683 1.84729,3.13515 0,1.97382 6.79793,5.04571 11.16586,5.04571 3.01602,0 5.54804,-1.5267 11.18053,-6.7414 l 7.2815,-6.74138 6.1676,2.43104 c 8.73655,3.44363 11.78196,3.183 14.04973,-1.20238 5.82157,-11.25768 -3.88,-28.55249 -19.38591,-34.55891 -3.90625,-1.51314 -7.41072,-3.25026 -7.78772,-3.86027 -0.37702,-0.61001 1.98772,-2.30803 5.25496,-3.77337 11.56488,-5.1868 27.1658,-2.76361 35.91005,5.57768 7.35184,7.01305 8.95662,12.50355 6.37285,21.80378 -1.38442,4.98324 -11.57357,21.0034 -14.34504,22.55439 -3.26099,1.82494 -9.24936,3.22798 -27.25883,6.38657 -15.99154,2.80468 -30.1848,7.14551 -36.61051,11.19689 -1.35468,0.85412 -6.64143,2.66717 -11.74834,4.02902 -5.10691,1.36183 -16.46774,5.02851 -25.2463,8.14816 -17.36999,6.17282 -21.21735,7.30184 -61.52753,18.05523 -38.63627,10.30684 -41.53046,11.00991 -43.64593,10.60251 -1.0442,-0.2011 3.51533,-2.50806 10.1323,-5.12658 18.28794,-7.23704 21.14977,-12.82362 11.50819,-22.4652 -4.02319,-4.02312 -6.33644,-5.37982 -9.17294,-5.37982 -4.22696,0 -19.69639,4.6431 -32.8903,9.87192 -4.75745,1.8854 -11.83791,3.82633 -15.73437,4.31315 -5.14856,0.64328 -7.58039,1.5932 -8.89935,3.47628 -4.07178,5.81326 -1.08761,12.9408 7.31197,17.46429 2.43096,1.30915 4.41993,2.7438 4.41993,3.18811 0,2.42665 -17.20936,2.96206 -29.54194,0.91908 z m 98.54131,-56.05918 c 4.28378,-2.88124 19.6407,-17.64574 30.8676,-29.67685 18.07584,-19.37063 24.64289,-39.46186 18.34919,-56.13746 -3.52689,-9.34475 -11.06923,-17.27357 -18.46247,-19.4085 -3.1639,-0.91363 -11.6189,-1.58233 -19.70443,-1.5584 -20.00379,0.0592 -25.77421,1.98107 -37.86471,12.61101 -5.25199,4.61755 -11.18369,9.17473 -13.18153,10.12708 -1.99784,0.95234 -4.59778,3.3941 -5.77762,5.42612 -2.63898,4.54503 -4.74973,17.02491 -4.68656,27.70936 0.0417,7.04717 0.68335,9.18369 5.36317,17.85714 5.33915,9.89543 9.34922,13.28577 9.34922,7.90436 0,-2.70504 0.0367,-2.71098 2.57219,-0.41643 l 2.57218,2.32779 -2.57218,1.70787 c -3.49768,2.32237 -3.24117,4.25439 1.24293,9.3615 6.66447,7.59041 13.07828,11.8961 19.27387,12.93884 8.77876,1.47749 9.36586,1.44162 12.65915,-0.77343 z"
       id="path44" />
    <path
       style="fill:#ff0000;fill-opacity:1;stroke-width:0.930918;stroke-dashoffset:0.5"
       d="m 306.31077,452.27833 c -0.34573,-1.18535 -1.00019,-4.78757 -1.45435,-8.00493 -0.74581,-5.28353 -0.59021,-5.84975 1.60759,-5.84975 2.0356,0 2.56506,1.12088 3.2393,6.85758 0.44329,3.77167 0.48688,7.37389 0.0969,8.00493 -1.12604,1.82196 -2.80553,1.33688 -3.48942,-1.00783 z"
       id="path47" />
    <path
       style="fill:#ff0000;fill-opacity:1;stroke-width:0.930918;stroke-dashoffset:0.5"
       d="m 117.11362,640.70197 c -0.004,-7.34134 -0.56787,-10.46817 -2.44495,-13.5468 -3.30938,-5.42778 -6.17113,-5.285 -6.17113,0.30788 0,5.15626 -1.25737,5.35532 -6.85557,1.08536 -3.976298,-3.03287 -4.228177,-3.65882 -4.228177,-10.50753 0,-9.44682 2.384986,-14.91791 8.218687,-18.85345 15.96919,-10.77316 15.41938,-10.51748 22.61643,-10.51748 7.81599,0 29.03478,5.88568 34.03028,9.43934 8.73701,6.21526 9.66542,6.55756 17.80314,6.56403 l 8.16116,0.006 2.71164,6.30338 c 1.55609,3.61723 2.41246,7.4954 2.00957,9.10061 -0.77733,3.09715 -4.70978,5.2721 -5.46046,3.02006 -1.20086,-3.60259 -8.21008,-9.84099 -13.19663,-11.74537 -15.62764,-5.96825 -45.88552,4.42789 -53.01521,18.2152 -1.70628,3.29958 -1.76153,4.77965 -0.41522,11.12376 1.30861,6.16643 1.28039,7.49033 -0.17936,8.41447 -3.20985,2.03208 -3.57958,1.16455 -3.5842,-8.40994 z"
       id="path49" />
    <path
       style="fill:#ff0000;fill-opacity:1;stroke-width:0.930918;stroke-dashoffset:0.5"
       d="m 158.33163,641.67384 c -1.3782,-0.55233 -3.20768,-1.84993 -4.06552,-2.88356 -1.34623,-1.62211 -0.58184,-2.16863 5.58463,-3.99295 14.43361,-4.27011 21.35282,-1.78059 10.83892,3.89982 -6.49418,3.50865 -9.32763,4.19115 -12.35803,2.97669 z"
       id="path51" />
    <path
       style="fill:#ff0000;fill-opacity:1;stroke-width:0.930918;stroke-dashoffset:0.5"
       d="m 461.54572,725.79039 c -0.35249,-0.35249 -0.35613,-2.39562 -0.008,-4.5403 0.53171,-3.27653 -0.18574,-4.82929 -4.49149,-9.72089 -4.90425,-5.57151 -5.52801,-8.32723 -1.8849,-8.32723 1.93423,0 6.78458,-6.31464 6.78458,-8.8328 0,-0.92355 -1.38547,-3.71808 -3.07881,-6.21007 -1.69335,-2.49199 -3.07882,-5.09498 -3.07882,-5.78442 0,-2.23615 4.99344,-4.00708 13.98284,-4.95903 4.84023,-0.51256 13.59451,-1.9612 19.45397,-3.21919 13.80493,-2.96384 14.59274,-2.42498 14.59274,9.98144 v 8.99947 l -10.84331,12.09358 c -7.93907,8.85448 -12.09845,12.50926 -15.52953,13.64557 -2.57742,0.8536 -6.14929,2.56453 -7.93748,3.80207 -3.92762,2.71816 -7.09376,3.93972 -7.96169,3.0718 z"
       id="path55" />
    <path
       style="fill:#008080;fill-opacity:1;stroke-width:0.930918;stroke-dashoffset:0.5"
       d="m 253.81773,700.33268 c 0,-5.05316 6.90302,-34.96113 10.42339,-45.16027 1.75344,-5.08005 4.61332,-15.6096 6.35529,-23.39901 4.65746,-20.82639 13.42845,-50.65937 16.91946,-57.54855 6.29413,-12.42087 5.22471,-19.43428 -4.27162,-28.01365 -5.33328,-4.81829 -8.43336,-5.26396 -19.11315,-2.74769 -5.71811,1.34724 -6.81932,2.2018 -11.69951,9.07905 -13.00974,18.33358 -35.17995,41.0535 -40.0602,41.0535 -0.85703,0 -2.24695,-2.29874 -3.08872,-5.1083 -1.45502,-4.85642 -1.32577,-5.47885 2.6211,-12.62315 8.11228,-14.68418 38.75252,-54.11803 50.38631,-64.84697 10.14686,-9.35766 26.79894,-20.86986 30.18767,-20.86986 0.78779,0 2.62834,-0.83772 4.09014,-1.8616 1.46179,-1.02387 7.51639,-2.70886 13.45467,-3.74441 8.97469,-1.56505 11.81587,-1.62165 16.83472,-0.33536 5.23199,1.34092 6.22598,1.29182 7.44742,-0.36786 0.77528,-1.05343 5.2889,-3.25137 10.03028,-4.88433 7.79759,-2.68552 10.63011,-2.969 29.66644,-2.969 h 21.04575 l 6.43756,4.00246 c 3.54065,2.20136 6.86707,4.00247 7.39204,4.00247 2.2471,0 15.9999,16.05542 20.04321,23.39901 29.82685,54.17263 40.93022,81.67882 45.98604,113.92057 2.2737,14.49977 1.93074,23.19411 -1.03177,26.15662 -1.04078,1.04078 -4.6167,2.15409 -7.9465,2.47404 l -6.0542,0.58174 -4.03739,-7.2192 c -9.63297,-17.22457 -25.26351,-38.8202 -38.20536,-52.78569 -7.53231,-8.12808 -16.66069,-18.97901 -20.28527,-24.11319 -8.05204,-11.40561 -16.33597,-18.90478 -25.3012,-22.90434 -10.7537,-4.79743 -12.64181,-4.86473 -17.39261,-0.61989 -4.83264,4.31797 -4.80849,3.99536 -2.45997,32.8591 3.74339,46.00693 4.19037,97.75246 0.88327,102.25253 -0.80901,1.10084 -5.79684,2.55621 -12.43463,3.62822 -14.49475,2.3409 -41.39336,9.27282 -60.15163,15.5014 -8.23434,2.73416 -17.60391,5.29809 -20.82127,5.6976 -5.66923,0.70397 -5.84976,0.62724 -5.84976,-2.48599 z"
       id="path57" />
    <path
       style="fill:#008080;fill-opacity:1;stroke-width:0.930918;stroke-dashoffset:0.5"
       d="m 149.75369,960.6079 c -2.03202,-0.54594 -5.08909,-1.3053 -6.79349,-1.68746 -1.70441,-0.38215 -6.13791,-2.97714 -9.85222,-5.76663 -3.71432,-2.78948 -10.63261,-7.33267 -15.37399,-10.09597 -14.21142,-8.28247 -27.853331,-17.216 -27.234542,-17.83479 0.31923,-0.31923 5.469221,0.84402 11.444422,2.585 5.97521,1.74099 15.8517,4.31393 21.94776,5.71766 6.25165,1.43956 14.45288,4.40307 18.8118,6.79765 4.25043,2.33498 11.31632,5.40466 15.70197,6.82152 4.38565,1.41685 7.97391,3.27008 7.97391,4.11828 0,0.8482 -1.52401,3.55089 -3.3867,6.00596 -3.55199,4.68163 -5.97052,5.29158 -13.23892,3.33878 z"
       id="path59" />
    <path
       style="fill:#008080;fill-opacity:1;stroke-width:0.930918;stroke-dashoffset:0.5"
       d="m 450.86207,954.46743 c 0,-2.50593 1.39677,-5.45547 8.18085,-17.27531 1.74943,-3.04803 4.80415,-8.5899 6.78825,-12.31527 7.71699,-14.48952 9.18196,-16.63258 13.23026,-19.35423 2.30152,-1.54729 4.59218,-2.81326 5.09036,-2.81326 2.23248,0 3.04516,9.90678 1.64855,20.09621 -0.72652,5.30056 -1.68943,6.51768 -15.0976,19.08346 -15.12268,14.17257 -19.84067,17.16364 -19.84067,12.5784 z"
       id="path61" />
    <path
       style="fill:#ffffff;fill-opacity:1;stroke-width:0.930918;stroke-dashoffset:0.5"
       d="m 218.63821,290.76762 c 0.38322,-4.33273 0.69677,-9.9363 0.69677,-12.45237 0,-4.09333 0.29444,-4.51839 2.79837,-4.03974 2.87437,0.54947 9.5169,-3.64796 9.5169,-6.01375 0,-2.73382 4.07095,-9.64107 5.68219,-9.64107 2.57252,0 2.1481,8.58079 -0.81631,16.50388 -1.75019,4.6778 -4.98221,9.31411 -10.54898,15.13241 l -8.02571,8.38834 z"
       id="path63" />
    <path
       style="fill:#ffffff;fill-opacity:1;stroke-width:0.930918;stroke-dashoffset:0.5"
       d="m 329.77231,311.0785 c -0.45728,-1.19166 -0.83142,-5.35252 -0.83142,-9.24637 0,-5.07976 -0.85649,-8.7715 -3.03192,-13.06852 -2.13188,-4.21101 -2.65979,-6.43718 -1.77834,-7.49927 1.61062,-1.94067 17.83916,-3.35868 22.6674,-1.98061 2.23955,0.6392 3.82881,1.99187 4.03542,3.43464 0.46011,3.21296 -7.66346,16.7707 -14.59563,24.35923 -4.71924,5.16607 -5.7691,5.81573 -6.46551,4.0009 z"
       id="path65" />
    <path
       style="fill:#00ff00;fill-opacity:1;stroke-width:0.930918;stroke-dashoffset:0.5"
       d="m 419.09431,287.86946 c -1.3266,-2.20136 -5.35062,-9.54434 -8.94224,-16.31774 -9.58303,-18.07246 -14.37958,-24.67258 -29.0778,-40.01134 l -13.23411,-13.81087 -24.06786,-11.78892 -24.06787,-11.78893 -17.95449,-0.53005 c -17.9081,-0.52867 -20.94991,-0.22397 -47.31644,4.73976 -7.45074,1.40266 -14.65517,2.64997 -16.00985,2.77181 -2.26877,0.20402 -2.5745,-0.94423 -3.8758,-14.55683 -1.86116,-19.46905 -6.40487,-30.88024 -21.37175,-53.67354 -4.06336,-6.18815 -7.38792,-12.02181 -7.38792,-12.9637 0,-2.14076 7.45222,-2.19822 13.43447,-0.10359 3.2561,1.14009 5.46845,3.52785 9.86011,10.64193 3.4781,5.63419 7.27262,10.11264 9.83747,11.61059 l 4.17538,2.43855 2.06434,-2.54935 c 1.85039,-2.28513 2.19414,-2.34358 3.3167,-0.56396 1.14576,1.81641 1.52951,1.80379 4.50869,-0.14824 1.79099,-1.1735 3.62554,-3.60464 4.07678,-5.40254 1.10763,-4.41315 -2.55009,-14.78562 -8.29473,-23.52192 -2.54005,-3.86285 -4.41825,-7.22338 -4.17378,-7.46785 0.24447,-0.24447 5.52158,2.23244 11.72692,5.50425 16.75737,8.83543 21.24516,14.90238 29.49175,39.86933 6.89668,20.88002 11.60823,29.51426 17.73876,32.50752 5.90397,2.88265 10.45508,1.66985 12.90349,-3.43858 2.13833,-4.46148 0.68287,-12.33757 -5.21198,-28.20425 -2.3157,-6.23297 -4.58616,-13.82652 -5.04548,-16.87455 -0.45932,-3.04803 -1.10692,-6.50488 -1.43911,-7.68189 -0.50473,-1.78838 -0.009,-2.02094 3.01943,-1.41534 4.96165,0.99233 5.46691,-0.53928 2.63583,-7.99008 -1.33464,-3.51249 -3.44154,-12.76711 -4.682,-20.565832 l -2.25538,-14.179494 3.80395,0.771414 c 15.72221,3.188353 28.85716,7.110904 32.67808,9.758799 4.72765,3.276266 11.95325,12.149213 15.3573,18.858573 1.12568,2.21868 4.25949,13.02533 6.96402,24.01477 2.70454,10.98945 7.16447,27.73943 9.91095,37.22219 8.99913,31.07134 11.25878,34.88199 21.35942,36.02048 8.60928,0.97039 10.51448,-1.37332 10.51448,-12.9346 0,-8.30938 -0.40079,-9.81945 -4.28025,-16.12686 -5.5853,-9.08084 -15.7408,-48.91583 -16.05952,-62.99351 -0.11502,-5.08005 -0.77633,-10.62192 -1.4696,-12.31527 -1.11138,-2.71458 -0.88163,-3.23434 1.94205,-4.39346 l 3.20255,-1.314653 0.0196,-20.440002 c 0.0111,-11.242001 0.47313,-20.894592 1.02746,-21.450202 1.14463,-1.147273 1.95772,-0.162644 15.77454,19.102592 5.51919,7.695576 13.09676,19.333508 16.83905,25.862065 3.74229,6.52857 13.19048,22.90095 20.99599,36.38308 14.62299,25.2577 17.42687,32.26279 17.42687,43.53848 0,8.40782 3.48022,15.31638 9.8338,19.52098 4.28222,2.83383 5.32626,3.0527 8.79462,1.84361 4.69004,-1.63495 10.45765,-5.86797 19.25472,-14.1316 3.56355,-3.34746 6.74736,-5.81814 7.07512,-5.49038 0.32776,0.32777 -1.31229,8.03405 -3.64455,17.12508 -4.60066,17.93305 -7.82545,37.50939 -8.93397,54.23419 l -0.70331,10.61147 -10.60423,-0.59516 c -18.6529,-1.04691 -37.73942,6.74912 -51.80891,21.16173 -3.01972,3.09337 -5.88401,5.6243 -6.36508,5.6243 -0.48107,0 -1.96007,-1.80111 -3.28666,-4.00246 z"
       id="path67" />
    <path
       style="fill:#afe9af;fill-opacity:1;stroke-width:0.930918;stroke-dashoffset:0.5"
       d="m 163.47896,924.30885 c -9.06884,-3.2002 -13.11666,-6.03337 -13.09747,-9.16721 0.007,-1.08036 1.45804,-5.01233 3.22538,-8.7377 1.76734,-3.72537 5.02153,-11.31329 7.23153,-16.86203 2.21,-5.54874 5.19207,-11.581 6.62684,-13.405 1.43476,-1.824 2.60865,-3.84881 2.60865,-4.49958 0,-0.65077 1.03567,-2.65424 2.30148,-4.45215 1.26582,-1.7979 2.70251,-4.65439 3.19266,-6.34774 1.55771,-5.38159 8.98217,-19.40242 11.72837,-22.14862 1.99141,-1.99141 2.31276,-3.04915 1.29786,-4.27203 -1.56036,-1.88012 2.21782,-13.29383 5.99811,-18.12 1.23778,-1.58023 6.54384,-10.63177 11.79125,-20.11452 5.24742,-9.48276 10.68286,-18.90394 12.07877,-20.93596 1.3959,-2.03202 2.59911,-3.80713 2.67378,-3.94468 0.0747,-0.13755 3.38027,1.38646 7.34576,3.3867 3.9655,2.00024 8.07356,3.63679 9.12903,3.63679 1.05547,0 6.93489,1.43693 13.06537,3.19317 16.35345,4.68489 17.58714,3.83677 24.91097,-17.12565 2.55461,-7.31186 3.05045,-11.00431 3.05045,-22.71663 0,-15.56215 1.29511,-17.34523 4.79671,-6.60401 2.44008,7.48499 6.63534,12.33285 14.0992,16.29241 5.12277,2.71763 5.36107,2.73407 8.6257,0.595 l 3.35739,-2.19985 -0.87107,-13.94099 c -0.9654,-15.4508 -0.3755,-19.0698 3.10842,-19.0698 4.06074,0 5.8366,4.91486 7.16706,19.83552 1.64204,18.4151 3.20838,24.37673 7.90016,30.06867 6.41257,7.77955 13.76095,11.67216 22.03446,11.67216 6.19344,0 8.83112,-0.87484 20.31863,-6.73911 7.26068,-3.70651 13.43992,-6.50041 13.73167,-6.20866 0.29175,0.29174 1.84896,7.0651 3.46047,15.05191 3.98107,19.73056 15.35498,43.24003 26.20046,54.15547 1.89597,1.9082 5.83464,7.07167 8.7526,11.47438 5.76258,8.69477 19.59231,25.4935 25.85362,31.40394 2.15264,2.03202 5.04293,5.26573 6.42285,7.18601 l 2.50897,3.49143 -5.77388,5.86201 c -3.67498,3.73108 -6.35329,7.83404 -7.36782,11.2869 -2.21861,7.55082 -4.67048,7.49181 -21.67155,-0.52159 -13.47327,-6.35058 -27.03166,-12.00747 -32.83293,-13.69868 -1.47078,-0.42877 -5.99839,-3.66553 -10.06136,-7.19282 -4.06297,-3.5273 -8.79825,-7.39472 -10.52283,-8.59429 -3.68618,-2.56398 -15.27535,-18.58011 -22.92776,-31.68596 -5.14192,-8.80627 -6.96465,-12.76237 -19.0084,-41.25616 -9.22762,-21.83125 -16.51109,-35.95219 -20.9975,-40.70915 l -4.38145,-4.6457 -2.48293,2.66511 c -1.36562,1.46581 -3.44345,2.66511 -4.61742,2.66511 -1.17396,0 -4.17933,1.68554 -6.67858,3.74563 -4.58736,3.78129 -5.26113,5.34249 -10.14576,23.50883 -1.21611,4.52279 -4.19967,10.09042 -8.57931,16.00986 -11.38311,15.38518 -17.65295,24.44182 -28.87624,41.71105 -26.13941,40.2206 -52.28124,75.74553 -57.98562,78.79842 -3.63939,1.94775 -8.54838,1.45443 -17.71475,-1.78021 z"
       id="path69" />
    <path
       style="fill:#afe9af;fill-opacity:1;stroke-width:0.930918;stroke-dashoffset:0.5"
       d="m 238.2052,752.86439 c -8.22892,-1.68539 -5.0786,-10.07372 5.78957,-15.41586 9.54047,-4.68953 10.30947,-4.54285 9.30906,1.77561 -0.45579,2.87869 -1.77354,7.17364 -2.92834,9.54433 -2.15476,4.42353 -5.33877,5.49511 -12.17029,4.09592 z"
       id="path71" />
    <path
       style="fill:#afe9af;fill-opacity:1;stroke-width:0.930918;stroke-dashoffset:0.5"
       d="m 344.74167,734.29803 c -0.42911,-11.79743 -0.85449,-13.86822 -3.90678,-19.01861 l -3.42525,-5.7797 4.6942,-0.79336 c 2.5818,-0.43634 5.57035,-1.02967 6.64122,-1.31851 4.10863,-1.10818 11.45229,6.14282 16.31391,16.10809 6.19022,12.68859 5.79799,13.95619 -6.06117,19.58808 -14.02702,6.6614 -13.68663,6.87118 -14.25613,-8.78599 z"
       id="path73" />
  </g>
</svg>
