<?xml version="1.0" encoding="UTF-8" standalone="no"?>
<svg
   xmlns:dc="http://purl.org/dc/elements/1.1/"
   xmlns:cc="http://creativecommons.org/ns#"
   xmlns:rdf="http://www.w3.org/1999/02/22-rdf-syntax-ns#"
   xmlns:svg="http://www.w3.org/2000/svg"
   xmlns="http://www.w3.org/2000/svg"
   width="800px"
   height="1000px"
   viewBox="0 0 800 1000"
   version="1.1"
   id="SVGRoot">
  <defs
     id="defs1847" />
  <metadata
     id="metadata3">
    <rdf:RDF>
      <cc:Work
         rdf:about="">
        <dc:format>image/svg+xml</dc:format>
        <dc:type
           rdf:resource="http://purl.org/dc/dcmitype/StillImage" />
        <dc:title>Garçon saut</dc:title>
        <cc:license
           rdf:resource="http://creativecommons.org/licenses/by/4.0/" />
        <dc:creator>
          <cc:Agent>
            <dc:title>Frédéric Wang</dc:title>
          </cc:Agent>
        </dc:creator>
      </cc:Work>
      <cc:License
         rdf:about="http://creativecommons.org/licenses/by/4.0/">
        <cc:permits
           rdf:resource="http://creativecommons.org/ns#Reproduction" />
        <cc:permits
           rdf:resource="http://creativecommons.org/ns#Distribution" />
        <cc:requires
           rdf:resource="http://creativecommons.org/ns#Notice" />
        <cc:requires
           rdf:resource="http://creativecommons.org/ns#Attribution" />
        <cc:permits
           rdf:resource="http://creativecommons.org/ns#DerivativeWorks" />
      </cc:License>
    </rdf:RDF>
  </metadata>
  <title
     id="title5">Garçon saut</title>
  <g
     id="g83">
    <path
       style="fill:#000000;stroke-width:0.848677"
       d="m 149.69482,841.37436 c -1.86709,-1.14997 -4.00994,-2.10278 -4.76188,-2.11735 -2.62469,-0.0508 -14.48608,-4.19809 -18.15303,-6.34706 -2.03298,-1.19141 -4.40263,-2.1662 -5.26589,-2.1662 -0.86327,0 -2.32288,-0.50325 -3.24358,-1.11834 -0.92072,-0.61509 -3.50643,-1.79939 -5.74602,-2.63179 -2.90223,-1.07869 -6.07163,-3.51078 -11.0328,-8.46619 -7.828983,-7.8199 -9.386482,-8.96284 -19.266639,-14.13845 -8.421717,-4.41161 -10.798666,-6.78445 -20.71655,-20.68073 -3.606269,-5.05288 -6.763153,-10.54288 -11.919353,-20.72846 -3.745031,-7.39795 -4.683009,-10.1321 -5.16046,-15.04242 -0.77691,-7.99009 1.040133,-11.7405 7.885439,-16.27573 10.14282,-6.71992 11.058237,-7.00254 22.681893,-7.00254 14.316542,0 23.519915,2.68125 34.15008,9.94907 3.69519,2.52639 4.64656,2.85069 5.72857,1.95271 0.71361,-0.59224 1.29747,-1.61143 1.29747,-2.26487 0,-0.65343 1.44857,-2.80262 3.21903,-4.77597 1.77046,-1.97336 3.86903,-4.54269 4.66349,-5.70962 9.17471,-13.47622 18.11381,-27.00313 18.5648,-28.09282 0.30947,-0.74771 3.66797,-5.52152 7.46335,-10.60846 10.79104,-14.46322 12.95264,-17.27418 16.58563,-21.56811 1.86709,-2.20676 6.16211,-7.43077 9.54449,-11.6089 6.98151,-8.62401 33.59944,-33.93585 37.34158,-35.50931 1.35802,-0.571 3.77612,-2.1555 5.37354,-3.52111 11.23996,-9.60882 24.9899,-18.76668 31.67489,-21.09638 7.44393,-2.59421 33.8063,-0.99873 42.99441,2.60207 2.94924,1.15579 6.02193,2.10144 6.8282,2.10144 1.6044,0 12.25489,5.39906 14.40589,7.30279 1.93135,1.70933 13.21324,5.39444 17.27136,5.64152 3.40845,0.20751 3.4497,0.17518 3.23832,-2.53839 -0.11775,-1.51172 -1.3213,-4.56696 -2.67455,-6.78942 -2.41394,-3.96443 -3.94609,-6.80504 -7.25298,-13.44712 -0.91018,-1.82813 -3.03425,-5.04245 -4.72016,-7.14292 -1.68591,-2.10048 -4.30123,-5.6331 -5.81183,-7.85027 l -2.74655,-4.03121 -6.11214,-0.007 c -9.31664,-0.0106 -21.04465,-1.54079 -24.3587,-3.17812 -1.6337,-0.80714 -4.49799,-2.63894 -6.36508,-4.07066 -8.17076,-6.26546 -12.61006,-7.75127 -14.90333,-4.98805 -0.60939,0.73427 -2.51517,2.05293 -4.23506,2.93035 -1.7199,0.87743 -6.28122,4.66169 -10.13628,8.40948 -5.16274,5.01908 -9.16068,7.96634 -15.17626,11.18787 -6.41022,3.43288 -9.60773,5.85509 -14.86437,11.26025 -3.68352,3.78759 -7.654,8.32654 -8.8233,10.08656 -2.95056,4.44102 -18.23051,14.19768 -22.23531,14.19768 -0.51236,0 -3.49308,1.38305 -6.62381,3.07345 -3.13073,1.6904 -7.7927,3.7517 -10.35995,4.58067 -2.56725,0.82898 -7.53488,2.83955 -11.03919,4.46794 -3.50431,1.62838 -7.89621,3.384 -9.75979,3.90136 -4.07296,1.13072 -15.97562,1.25514 -18.03953,0.18857 -0.81052,-0.41886 -3.04272,-1.40725 -4.96046,-2.19644 -2.16297,-0.8901 -5.02633,-3.25924 -7.54175,-6.24003 -7.48711,-8.87226 -7.92376,-9.85706 -8.52769,-19.23267 -0.5851,-9.08313 -0.0549,-10.99843 5.81241,-20.99538 1.54735,-2.63645 1.68257,-3.42595 0.79947,-4.66772 -2.8551,-4.01472 -3.32076,-7.04948 -4.14466,-27.01147 l -0.56278,-13.6354 2.28627,-3.90124 c 1.25745,-2.14567 4.08339,-5.48409 6.27987,-7.41871 2.19648,-1.93461 5.03838,-4.46866 6.31534,-5.63122 1.27697,-1.16255 4.34788,-3.04132 6.82424,-4.17504 3.70955,-1.69828 4.70067,-2.62512 5.62784,-5.26282 2.12044,-6.03245 6.64558,-9.56617 15.05492,-11.75652 11.74537,-3.05929 23.28526,-2.28973 30.85168,2.05737 2.10047,1.20679 5.91952,3.20629 8.48677,4.44335 5.1313,2.47258 7.28071,4.29276 12.19719,10.32888 1.80591,2.21717 3.7238,4.03122 4.26199,4.03122 0.53819,0 4.0248,-3.083 7.74803,-6.8511 3.72324,-3.7681 7.77126,-7.38093 8.99563,-8.02851 2.01732,-1.06698 2.1658,-1.47908 1.58308,-4.39387 -0.35366,-1.76906 -1.60689,-6.08075 -2.78495,-9.58155 -1.17805,-3.50079 -2.38915,-8.16534 -2.69134,-10.36567 -0.30218,-2.20033 -1.6738,-6.10763 -3.04804,-8.68291 -1.37425,-2.57526 -2.49863,-5.44561 -2.49863,-6.37853 0,-0.93291 -0.61841,-3.24177 -1.37424,-5.1308 -1.39695,-3.49131 -1.25011,-3.37689 -23.53403,-18.33888 -6.32402,-4.2461 -16.14081,-17.16973 -18.41341,-24.24088 -0.79831,-2.48396 -2.06578,-5.92403 -2.8166,-7.6446 -0.80975,-1.85564 -1.45464,-6.03475 -1.58518,-10.27256 l -0.22008,-7.14424 4.14832,-4.85566 c 5.52944,-6.47228 25.81021,-20.00346 29.98153,-20.00346 2.8562,0 5.09742,-2.48109 2.90222,-3.21282 -3.10704,-1.03569 -11.04041,-10.26521 -11.49686,-13.37524 -0.0957,-0.65177 -0.43959,-1.4507 -0.76428,-1.77538 -0.82404,-0.82405 -0.64576,-10.90424 0.28313,-16.00799 4.40216,-24.18757 5.77446,-52.73848 3.67125,-76.38095 -1.07262,-12.05744 -0.80673,-58.58483 0.40599,-71.04366 0.19689,-2.02278 3.50193,-4.91295 5.61817,-4.91295 2.09489,0 7.41847,2.73961 11.34472,5.83819 7.48015,5.90329 24.76364,25.06949 24.76364,27.46116 0,0.51613 0.622,1.62572 1.38222,2.46576 0.76022,0.84003 3.27936,4.68914 5.5981,8.55359 2.31874,3.86445 4.84746,8.07409 5.61937,9.35477 0.77192,1.28067 1.8863,2.33091 2.4764,2.33386 0.5901,0.003 5.74582,-4.79483 11.45714,-10.66173 5.71133,-5.8669 13.16619,-12.99658 16.56636,-15.84373 3.40016,-2.84716 8.93743,-8.45387 12.30503,-12.45937 3.36761,-4.00549 8.03279,-9.21771 10.36709,-11.58271 2.3343,-2.365 6.16343,-6.375 8.5092,-8.91111 8.31205,-8.98652 11.07514,-10.83451 24.59,-16.44611 1.86709,-0.77525 4.34947,-2.29738 5.5164,-3.38252 5.39377,-5.0157 8.95094,-4.88517 15.41669,0.56573 7.13335,6.01371 7.71824,8.10845 6.84574,24.51754 -0.40642,7.64346 -0.58296,14.20218 -0.39232,14.57492 0.54154,1.05886 2.71023,-1.11293 4.43365,-4.43999 2.39392,-4.62147 16.96364,-18.09058 25.04121,-23.14958 2.33387,-1.4617 5.19815,-3.52036 6.36508,-4.5748 2.53756,-2.29294 17.9795,-12.00783 24.79961,-15.60202 5.11426,-2.6952 9.65543,-3.27132 11.80853,-1.49809 1.88885,1.5556 6.22315,7.4229 7.89084,10.68176 1.77824,3.47488 1.15236,11.69385 -1.2385,16.26374 -0.85472,1.6337 -2.18658,4.30703 -2.9597,5.94074 -1.61922,3.42168 -2.17241,13.65797 -0.76481,14.15232 0.50663,0.17793 4.1183,-3.60189 8.02594,-8.39959 9.08712,-11.15698 39.22301,-41.78004 43.6709,-44.37689 1.86709,-1.09008 5.37311,-2.19497 7.79116,-2.45531 2.41806,-0.26034 6.04616,-1.04793 8.06244,-1.7502 7.21249,-2.51208 9.29761,-1.52381 13.69371,6.49033 3.67934,6.70747 3.74355,10.00432 0.30281,15.54675 -3.35267,5.40055 -7.08186,13.21342 -16.29911,34.14758 -2.51478,5.71153 -5.59063,12.20392 -6.83523,14.42751 -1.2446,2.22359 -5.12071,9.58051 -8.61357,16.34871 -3.49287,6.7682 -7.15613,13.18313 -8.14058,14.2554 -1.62396,1.76883 -5.16342,9.86038 -6.22277,14.22588 -0.25975,1.07042 0.73339,3.72302 2.56221,6.84342 1.6425,2.8025 3.41703,6.98069 3.94339,9.28485 0.52636,2.30417 1.3136,4.85254 1.7494,5.66306 0.43581,0.81052 0.79238,1.9865 0.79238,2.61328 0,0.62679 2.29893,6.44306 5.10873,12.92503 6.35281,14.65544 6.58778,15.52846 9.81123,36.45469 0.70934,4.60488 0.6864,4.50413 1.44847,6.36508 0.28673,0.70016 0.92118,2.83811 1.4099,4.751 l 0.88859,3.47799 7.42792,1.00615 c 4.08535,0.55338 10.55843,2.00879 14.38461,3.23423 l 6.9567,2.22808 3.07938,-2.46884 c 12.11569,-9.7135 19.75671,-15.08291 26.28977,-18.474 5.53941,-2.87533 19.65615,-8.32816 25.46032,-9.83447 2.42341,-0.62893 8.49432,-3.21764 13.21957,-5.63698 1.20272,-0.61579 5.43039,-2.05959 9.39481,-3.20844 6.27109,-1.81729 9.2412,-2.12302 22.84922,-2.35198 15.49002,-0.26062 15.68627,-0.24118 20.30889,2.01231 3.13484,1.52822 7.74774,5.31571 14.04662,11.53319 9.6729,9.5479 13.18422,14.88837 15.72456,23.91588 0.59108,2.10048 1.94315,4.77381 3.00461,5.94074 1.06146,1.16694 2.50099,3.48876 3.19894,5.15963 1.99719,4.78118 3.11903,5.31343 10.07724,4.78107 8.1835,-0.6261 17.94798,0.85788 22.68956,3.44831 5.1309,2.80312 10.46123,8.06096 13.00375,12.8269 10.37608,19.44992 12.5787,22.52624 16.79111,23.45144 3.64842,0.80132 10.21382,8.52823 12.16158,14.3131 4.73334,14.05811 -0.97597,26.86713 -14.83796,33.28948 -4.63613,2.14796 -5.26461,3.85931 -2.79915,7.62208 0.84252,1.28585 1.56152,4.60119 1.79842,8.29262 0.32401,5.04876 0.0833,6.76056 -1.34367,9.55777 -2.82648,5.54037 -9.2715,12.84199 -13.56123,15.36365 -3.83461,2.25412 -4.46537,2.35003 -15.45491,2.35003 -6.30143,0 -14.18473,0.33745 -17.51846,0.74987 -5.85089,0.72383 -6.23175,0.65755 -10.97134,-1.90952 -5.8956,-3.1932 -7.54209,-3.30361 -9.29815,-0.62353 -2.1322,3.25415 -5.40482,4.21037 -9.11058,2.66201 -1.7154,-0.71675 -4.28916,-1.30317 -5.71946,-1.30317 -1.4303,0 -3.97159,-0.57285 -5.6473,-1.27301 -1.67573,-0.70016 -3.92559,-1.27302 -4.9997,-1.27302 -1.07411,0 -3.0876,-0.95476 -4.47442,-2.12169 -1.38682,-1.16693 -2.9666,-2.12169 -3.51063,-2.12169 -1.4794,0 -10.12981,-8.42131 -12.6406,-12.30582 -3.89221,-6.02175 -4.9198,-8.36108 -6.73989,-15.3435 -1.44786,-5.55442 -1.64859,-7.81107 -1.05683,-11.88148 0.85357,-5.87133 4.11434,-13.33405 8.11794,-18.57907 1.55842,-2.04163 3.46141,-4.92634 4.22887,-6.41044 1.32488,-2.56204 1.31023,-2.79052 -0.28995,-4.52132 -0.92693,-1.00261 -2.57999,-3.4674 -3.67346,-5.47732 -1.09346,-2.00992 -2.39958,-4.38549 -2.90249,-5.27905 -2.1828,-3.87833 -9.07807,-7.0406 -19.66783,-9.01991 -2.80678,-0.52461 -11.48655,1.45952 -15.48657,3.54012 -1.16693,0.60698 -5.36789,2.71794 -9.33545,4.69103 -3.96757,1.97309 -7.81668,4.10847 -8.5536,4.74529 -0.73691,0.63684 -1.61075,1.15787 -1.94185,1.15787 -0.3311,0 -5.06591,2.48238 -10.52179,5.5164 -5.45587,3.03402 -10.7138,5.51641 -11.68427,5.51641 -0.97048,0 -3.07989,-0.98245 -4.68758,-2.18321 -5.76153,-4.3032 -5.13199,-4.5339 -13.20043,4.83751 -8.33095,9.67634 -13.23333,13.75919 -25.41958,21.17025 -11.90879,7.24231 -11.61188,6.65207 -5.63327,11.19884 2.78319,2.11664 5.94677,4.32283 7.03017,4.90265 1.0834,0.57982 3.13796,2.24056 4.56568,3.69054 1.42772,1.44998 3.5463,3.45224 4.70796,4.44947 4.16675,3.57697 11.84101,12.25017 21.59451,24.4054 1.37988,1.71965 3.70113,5.30778 5.15834,7.97362 1.45721,2.66584 4.68456,8.28413 7.17189,12.48508 7.39696,12.49306 11.21465,19.26794 13.39057,23.76296 1.12976,2.33387 2.39801,4.81625 2.81831,5.5164 0.42032,0.70016 1.93592,3.3735 3.36801,5.94075 1.4321,2.56724 3.59192,6.38629 4.7996,8.48677 1.2077,2.10047 3.46054,6.30143 5.00633,9.33545 1.54579,3.03402 3.37259,6.47116 4.05955,7.63809 4.19729,7.12992 13.24764,26.77527 13.24764,28.75631 0,1.58765 -1.01887,3.38072 -3.10823,5.47009 -3.55205,3.55205 -3.46203,4.17823 1.54616,10.75349 1.59988,2.10048 4.95695,7.44715 7.46015,11.88149 8.82828,15.63895 10.13002,17.47761 26.1371,36.91745 9.54468,11.59155 12.73,16.20191 14.95208,21.64127 0.85808,2.10048 2.44327,5.91953 3.52262,8.48678 7.87711,18.73571 8.08438,19.79594 8.64623,44.22778 0.58386,25.38928 -0.1553,31.7949 -4.97835,43.14296 -4.24529,9.98865 -6.54523,13.32818 -14.41119,20.92522 -6.52574,6.30264 -11.92472,9.67017 -15.50368,9.67017 -1.16256,0 -4.06859,0.41924 -6.45785,0.93164 -3.0983,0.66447 -4.21616,1.26514 -3.89789,2.09452 0.71858,1.87258 -1.14261,2.36009 -2.90862,0.76187 -1.19769,-1.0839 -2.44689,-1.33689 -4.75317,-0.96263 -4.09662,0.66478 -4.96659,1.61621 -3.55684,3.88985 0.95884,1.54642 0.9372,1.94629 -0.14249,2.6331 -1.68923,1.07454 -4.76457,1.03503 -8.905,-0.11442 -2.29359,-0.63674 -5.03572,-2.59298 -8.4858,-6.05379 -2.80347,-2.81217 -6.06257,-5.44957 -7.24244,-5.86088 -1.17986,-0.4113 -3.81523,-2.84068 -5.85635,-5.39862 -2.04113,-2.55794 -3.98522,-4.6508 -4.32022,-4.6508 -0.33499,0 -1.60668,1.50749 -2.82598,3.34997 -3.03281,4.58287 -5.50306,5.10895 -20.23006,4.30833 -10.85386,-0.59006 -12.55744,-0.89526 -15.96907,-2.86091 -2.10048,-1.21022 -5.34667,-3.0265 -7.21376,-4.03617 -1.86709,-1.00967 -4.73138,-2.86802 -6.36508,-4.12966 -1.6337,-1.26165 -4.57512,-3.18037 -6.5365,-4.26382 l -3.56613,-1.96994 -2.44128,2.6134 c -1.59529,1.70777 -4.18275,3.11568 -7.46668,4.06285 -11.32333,3.26594 -32.64854,15.84483 -44.23612,26.09315 -4.48075,3.96286 -4.73339,4.06518 -9.43002,3.81905 l -4.82592,-0.25292 -3.15571,-5.94074 c -2.44857,-4.60954 -3.16171,-6.92676 -3.18254,-10.34104 -0.0327,-5.3629 0.74048,-7.52108 4.42264,-12.34497 1.56581,-2.05133 4.12116,-6.95188 5.67855,-10.89009 1.55739,-3.93822 4.45502,-10.59755 6.43916,-14.7985 1.98415,-4.20095 3.88452,-8.59286 4.22305,-9.75979 0.33853,-1.16693 1.1105,-3.2674 1.71551,-4.66772 0.60499,-1.40032 2.33455,-5.79222 3.84344,-9.75979 1.50891,-3.96757 3.10957,-8.02284 3.55705,-9.01173 0.44746,-0.98889 0.67788,-2.5026 0.51203,-3.36379 -0.31928,-1.65788 -1.53258,-1.96238 -20.07573,-5.03846 -9.51545,-1.57849 -26.64384,-1.79514 -32.80272,-0.41491 -4.61601,1.03447 -21.23072,0.88883 -24.6414,-0.21601 -1.40031,-0.45361 -4.45555,-1.1387 -6.78942,-1.52242 -2.33386,-0.38372 -6.91671,-1.25834 -10.18412,-1.94358 -3.26741,-0.68526 -10.90551,-1.68726 -16.97355,-2.22667 -9.8949,-0.8796 -14.28907,-1.64987 -18.24656,-3.1985 -13.07867,-5.11791 -59.26402,-13.64238 -64.02195,-11.81659 -0.64138,0.24612 -1.42352,1.61929 -1.73808,3.05147 -0.48996,2.23079 -1.50488,3.0484 -7.08161,5.70489 -9.01833,4.29589 -16.63821,9.53792 -26.13129,17.97677 -1.92321,1.70963 -4.94361,4.06318 -6.712,5.23011 -5.49137,3.62367 -15.86116,15.03721 -18.50559,20.36826 -0.81039,1.6337 -2.78996,4.68894 -4.39903,6.78941 -1.60908,2.10048 -3.65684,5.15572 -4.55059,6.78942 -0.89376,1.6337 -2.61904,4.04028 -3.83397,5.34796 -2.73144,2.93994 -2.74069,3.73279 -0.0975,8.35642 1.6945,2.96409 2.1135,4.87132 2.1217,9.65757 0.0119,6.93309 9e-5,6.95458 -9.79153,17.83913 -3.79905,4.22309 -7.61524,8.80594 -8.48044,10.18413 -3.14877,5.01575 -10.5987,12.93313 -13.43679,14.27989 -4.53272,2.15092 -12.11703,1.81488 -16.23129,-0.71915 z m 10.22568,-25.69463 c 1.22757,-1.28362 3.2033,-3.766 4.39052,-5.5164 1.18721,-1.7504 2.41125,-3.18254 2.72008,-3.18254 0.97753,0 6.85103,-8.18923 6.85103,-9.55217 0,-0.71764 -1.34996,-2.49008 -2.99991,-3.93875 -2.36655,-2.07786 -3.77495,-2.63395 -6.67098,-2.63395 -2.58888,0 -4.64419,-0.66826 -6.97206,-2.26689 -1.81553,-1.24679 -4.90134,-3.35899 -6.85735,-4.69377 -3.06777,-2.09345 -6.31504,-3.59387 -14.26584,-6.59162 -0.93355,-0.35198 -3.14246,-1.26576 -4.90869,-2.03061 -1.76623,-0.76486 -3.91466,-1.39065 -4.7743,-1.39065 -3.83547,0 -11.00448,-4.23492 -14.99645,-8.85881 -2.24124,-2.59602 -4.53999,-4.72003 -5.10833,-4.72003 -0.56835,0 -3.18595,-1.75348 -5.8169,-3.89664 -6.039288,-4.91957 -12.521154,-7.27326 -21.456418,-7.79123 -11.660576,-0.67595 -13.732508,2.18024 -8.20698,11.31346 1.677751,2.77317 3.934952,6.76071 5.016004,8.86119 3.275094,6.36349 10.710424,13.29176 17.818198,16.60308 3.841861,1.78981 10.435736,6.74876 16.124866,12.12675 2.80064,2.64747 6.42873,5.45499 8.06244,6.23893 5.10903,2.45158 17.14173,7.19973 23.33862,9.20951 3.26741,1.05969 7.46836,2.61993 9.33545,3.46722 4.69102,2.12876 6.77917,1.96039 9.377,-0.75608 z m 458.35036,-25.8444 c 6.61897,-1.67601 7.88383,-2.33368 12.23384,-6.36101 5.28401,-4.89207 10.04337,-13.39536 11.80245,-21.08683 0.53852,-2.35463 1.03678,-11.7113 1.10725,-20.79259 0.11407,-14.7002 -0.0744,-17.19905 -1.71801,-22.77952 -1.01536,-3.44743 -2.42894,-7.15756 -3.14129,-8.24474 -0.71235,-1.08718 -1.29517,-2.42743 -1.29517,-2.97834 0,-3.3555 -6.86345,-14.71124 -13.53663,-22.39669 -4.05292,-4.66772 -8.97867,-10.68272 -10.94611,-13.36667 -1.96744,-2.68394 -4.04249,-4.87139 -4.61123,-4.86102 -0.56874,0.0104 -1.98884,0.7657 -3.15577,1.67848 -1.16693,0.91279 -2.55502,1.66811 -3.08465,1.67848 -2.68504,0.0526 -24.1369,16.20101 -31.88354,24.00109 -4.34532,4.37529 -9.0113,7.41885 -11.37362,7.41885 -3.19474,0 -7.68779,-4.63154 -9.30053,-9.5872 -0.79041,-2.42878 -1.9609,-5.0189 -2.60109,-5.75582 -0.64019,-0.73691 -1.16398,-1.80279 -1.16398,-2.36862 0,-2.65886 -9.92149,-19.12523 -15.0252,-24.93684 -1.53836,-1.75174 -2.79702,-3.51328 -2.79702,-3.91452 0,-0.40124 -1.12471,-2.14479 -2.49934,-3.87454 -1.37464,-1.72975 -2.94839,-4.55108 -3.49723,-6.26961 -1.88457,-5.90094 -1.19572,-6.03757 -24.98016,4.95465 -3.40883,1.57542 -18.01915,6.438 -26.73333,8.89732 -2.56725,0.72453 -6.49628,2.14257 -8.73119,3.15119 -3.60235,1.62576 -4.01268,2.08054 -3.61596,4.00755 0.24612,1.19553 0.65147,4.65607 0.90077,7.69009 0.72417,8.81353 1.30252,11.11063 4.33868,17.2324 1.57538,3.17638 2.86431,6.91222 2.86431,8.30185 0,3.51131 -1.99576,7.93117 -4.3147,9.55542 -2.29967,1.61075 -1.76073,2.47448 1.52114,2.43785 1.30307,-0.0145 5.99732,0.50832 10.43166,1.16193 4.87505,0.71856 14.99876,1.19035 25.60774,1.19337 17.37833,0.005 24.80979,0.82833 28.25994,3.13108 0.9207,0.61452 2.40715,1.11731 3.3032,1.11731 0.89606,0 4.3136,0.79946 7.59454,1.77656 3.99174,1.18879 8.71145,1.82898 14.26561,1.93501 7.54052,0.14397 8.50562,0.35034 10.54382,2.25467 3.36819,3.14695 4.62867,6.19308 4.62515,11.17733 -0.004,6.16739 -2.19271,9.62588 -6.89137,10.89108 -1.96748,0.5298 -4.3718,0.7628 -5.34294,0.51777 -0.97112,-0.24502 -3.29331,-0.83397 -5.1604,-1.30877 -1.86709,-0.47482 -7.0228,-1.46941 -11.45714,-2.21022 -4.43434,-0.74081 -8.82624,-1.68644 -9.75979,-2.10138 -0.93354,-0.41495 -4.37069,-1.17798 -7.63809,-1.69561 -19.9474,-3.16017 -27.58202,-3.27268 -27.58202,-0.40649 0,2.731 10.19118,20.35597 15.6816,27.12032 1.51547,1.86709 5.19492,4.85151 8.17658,6.63204 2.98166,1.78055 7.22009,4.51018 9.41875,6.06586 6.21345,4.39639 14.55801,7.24601 21.21851,7.24601 3.17217,0 5.91198,-0.40693 6.23259,-0.92569 0.31467,-0.50914 -0.85093,-3.95818 -2.59022,-7.66453 -2.88561,-6.14913 -3.1334,-7.25092 -2.83167,-12.5908 0.37781,-6.68642 1.81009,-8.95676 6.06196,-9.60898 4.31906,-0.66255 7.70314,1.2878 11.09126,6.39222 1.69011,2.54625 3.07292,5.02145 3.07292,5.50045 0,1.17227 6.10299,8.95548 12.09312,15.42247 6.76649,7.30517 11.37518,9.30272 21.61067,9.36671 5.39758,0.0338 10.10536,-0.53002 15.20133,-1.82038 z m -148.06982,-4.46064 c 1.68884,-1.14759 5.69201,-3.11377 8.89596,-4.3693 6.05207,-2.37163 10.49308,-5.68901 10.49308,-7.83819 0,-0.68547 -0.89981,-2.42806 -1.99958,-3.87244 -1.09977,-1.44437 -2.2717,-3.5809 -2.60431,-4.74783 -0.86378,-3.03063 -3.25687,-7.82232 -4.64086,-9.29242 -1.03912,-1.10378 -1.32575,-1.05396 -2.36652,0.41139 -3.46438,4.87763 -5.24704,8.1217 -5.76909,10.49858 -0.31995,1.45674 -2.07788,6.14914 -3.90651,10.42756 -4.7581,11.13245 -4.34865,13.02725 1.89783,8.78265 z M 177.66439,762.87488 c 2.01507,-1.3864 6.09388,-5.4518 9.06403,-9.03421 19.51344,-23.53594 22.48195,-26.75524 27.813,-30.16273 1.2094,-0.77303 4.49034,-3.5582 7.29097,-6.18927 2.80064,-2.63107 6.23778,-5.39231 7.6381,-6.13608 1.40032,-0.74376 3.96295,-2.54146 5.69473,-3.99485 1.7318,-1.4534 4.15553,-3.41477 5.38608,-4.35857 2.03826,-1.5633 2.27897,-2.38266 2.70469,-9.20651 0.38945,-6.24234 0.80387,-7.89046 2.48713,-9.8909 2.80351,-3.33177 5.86872,-3.79801 11.38951,-1.73241 4.09621,1.53258 9.17065,2.64805 23.2585,5.11267 2.33386,0.40831 7.68053,1.34279 11.88148,2.07663 16.49271,2.88102 29.53095,5.89435 40.73651,9.41482 5.13624,1.61366 23.35582,4.6683 27.84571,4.66853 1.77874,9e-5 8.84398,1.13328 15.70053,2.5182 14.54658,2.93818 18.20215,3.12659 42.5945,2.19535 12.88993,-0.4921 20.08686,-0.40666 24.51526,0.29104 3.44779,0.54321 6.441,0.81533 6.6516,0.60473 0.2106,-0.21059 -1.20487,-3.58718 -3.14549,-7.50352 -2.48408,-5.01307 -3.74773,-8.86726 -4.2694,-13.02191 -0.40754,-3.24572 -1.12686,-7.62309 -1.59847,-9.7275 -0.4716,-2.1044 -0.95197,-5.22952 -1.06748,-6.9447 -0.17506,-2.59928 -0.85284,-3.60262 -4.07077,-6.0261 -3.30107,-2.48609 -4.78347,-2.993 -10.22583,-3.49674 -4.85284,-0.44918 -7.57487,-1.24954 -11.45714,-3.36878 -3.23894,-1.76806 -7.87174,-3.31261 -12.73016,-4.24415 -7.78483,-1.49265 -12.24268,-2.61794 -15.27619,-3.85613 -0.93355,-0.38105 -3.41593,-1.15548 -5.5164,-1.72094 -2.10048,-0.56547 -4.4822,-1.37281 -5.29272,-1.79409 -0.81052,-0.42128 -2.27627,-0.76596 -3.25722,-0.76596 -0.98096,0 -4.73413,-1.29729 -8.34038,-2.88287 -4.09439,-1.8002 -7.36739,-2.72792 -8.71515,-2.47028 -1.32991,0.25423 -3.82278,-0.43085 -6.49478,-1.78486 -2.38505,-1.20859 -5.14592,-2.19744 -6.13527,-2.19744 -2.47211,0 -14.26925,-3.23979 -17.20945,-4.72614 -1.32145,-0.66803 -3.04003,-1.22352 -3.81905,-1.23443 -1.59826,-0.0224 -7.10146,-3.12245 -13.84552,-7.7995 -8.00968,-5.55477 -20.40081,-8.91907 -35.83219,-9.72877 -10.73996,-0.56352 -15.10843,0.51446 -23.02759,5.68238 -1.40032,0.91383 -3.8827,2.32593 -5.5164,3.138 -1.63371,0.81207 -5.83466,3.80257 -9.33546,6.64556 -3.50079,2.843 -8.6565,6.78655 -11.45714,8.76347 -7.36597,5.19948 -22.0531,18.33173 -26.63938,23.81913 -5.79836,6.93765 -7.57217,9.01915 -13.73456,16.11696 -3.06801,3.53371 -6.29576,7.57064 -7.1728,8.97095 -0.87704,1.40032 -2.75877,4.05501 -4.18161,5.89931 -2.96858,3.84789 -4.06316,5.64517 -5.96913,9.80122 -0.74923,1.63371 -2.49069,4.38012 -3.86994,6.10315 -1.37924,1.72302 -2.50771,3.40554 -2.50771,3.73894 0,0.33339 -1.04955,1.97888 -2.33234,3.65664 -4.91475,6.42804 -7.80101,15.93584 -5.30576,17.47799 2.8878,1.78476 -3.56968,9.23807 -8.86437,10.23135 -3.51668,0.65973 -4.49361,1.67031 -4.86283,5.03035 -0.25751,2.3433 0.0932,2.68175 5.24043,5.05724 3.03402,1.40022 9.33545,4.52503 14.00317,6.94401 10.69815,5.54415 15.42699,6 21.18015,2.04172 z m 388.98845,-96.18477 c 3.1258,-2.47628 8.73851,-6.33971 12.47269,-8.58541 6.29186,-3.78384 14.3156,-10.32628 15.98901,-13.0372 0.44305,-0.71772 0.21906,-1.70037 -0.59182,-2.59639 -0.71756,-0.79289 -1.61118,-2.26716 -1.98584,-3.27616 -0.96137,-2.5891 -12.93275,-14.70114 -15.4922,-15.67425 -2.28389,-0.86832 -8.79483,-0.29387 -13.61968,1.20165 -23.18459,7.18636 -25.03353,7.79323 -26.09682,8.56556 -1.77531,1.28952 -1.19226,4.5938 1.32953,7.53478 1.31471,1.53326 3.28297,4.26451 4.37391,6.06946 1.09093,1.80495 3.42341,4.94539 5.18327,6.97875 1.75987,2.03336 3.46429,4.56659 3.78761,5.62939 1.08684,3.57254 6.44119,11.69215 7.71021,11.69215 0.69127,0 3.81434,-2.02605 6.94013,-4.50233 z M 446.73188,638.86559 c 5.87881,0.62268 11.3422,0.23901 16.12486,-1.1324 2.80064,-0.80306 6.81064,-1.81491 8.91112,-2.24855 2.10047,-0.43364 5.72857,-1.51127 8.06243,-2.39473 2.33386,-0.88346 9.20815,-3.40482 15.27619,-5.603 16.34698,-5.92182 32.69984,-12.27975 36.27018,-14.10173 1.49305,-0.76191 5.91759,-2.42136 12.10443,-4.53986 1.86709,-0.63932 6.06804,-2.1409 9.33545,-3.33683 3.2674,-1.19593 6.51359,-2.18154 7.21375,-2.19024 0.70016,-0.009 4.1373,-1.20943 7.6381,-2.66831 3.50079,-1.4589 7.22436,-2.97927 8.2746,-3.37862 2.3489,-0.89316 2.38676,-2.01355 0.21217,-6.27888 -0.93354,-1.8311 -1.69735,-3.85661 -1.69735,-4.50114 0,-0.64453 -0.75377,-2.13014 -1.67505,-3.30136 -0.92128,-1.17122 -1.93356,-3.50744 -2.24951,-5.19161 -0.49137,-2.6192 -3.79451,-10.34827 -6.23438,-14.5879 -0.40294,-0.70016 -1.39147,-2.80064 -2.19674,-4.66772 -3.05625,-7.0862 -19.43326,-39.04965 -21.02711,-41.03919 -1.15307,-1.43933 -2.07372,-2.99209 -5.03416,-8.49055 -1.29148,-2.39869 -2.63678,-4.36127 -2.98954,-4.36127 -0.35276,0 -1.35005,-1.31591 -2.2162,-2.92424 -0.86615,-1.60833 -4.58109,-5.83043 -8.25543,-9.38244 -3.67434,-3.55201 -6.68062,-6.81896 -6.68062,-7.25989 0,-0.44092 -0.56405,-0.80168 -1.25345,-0.80168 -0.6894,0 -1.89745,-0.98286 -2.68455,-2.18414 -2.29605,-3.50421 -11.05973,-9.00981 -14.60862,-9.17755 -3.4877,-0.16485 -6.34556,2.1931 -7.3086,6.03017 -2.25356,8.97889 -10.10191,19.92204 -19.67274,27.4302 -3.19936,2.50983 -6.63967,5.34997 -7.64514,6.3114 -1.00547,0.96142 -4.06071,3.25776 -6.78942,5.10295 -2.72871,1.8452 -6.52824,4.60723 -8.4434,6.13786 -1.91517,1.53064 -3.82469,2.79887 -4.24339,2.8183 -0.4187,0.0194 -2.23919,1.34066 -4.04554,2.93608 l -3.28427,2.90075 4.68545,2.07213 c 2.577,1.13967 5.58254,2.34957 6.67898,2.68866 3.82496,1.18292 19.38965,10.92942 19.39293,12.14371 8.3e-4,0.30908 1.71868,1.64681 3.81744,2.97274 7.69121,4.85905 18.24665,19.06366 18.24665,24.55477 0,1.39234 -1.16213,3.16622 -3.39715,5.18544 -5.99992,5.42056 -10.05474,3.97573 -16.04543,-5.7174 -1.08052,-1.74834 -3.92679,-5.03383 -6.32504,-7.30109 -12.83647,-12.13543 -24.11808,-16.0159 -41.57029,-14.29871 -9.85567,0.96974 -11.86559,0.39981 -15.78357,-4.47559 -3.00727,-3.74214 -4.63672,-4.04875 -9.20599,-1.73223 -1.7318,0.87799 -6.39491,2.65322 -10.36248,3.94495 -3.96757,1.29173 -7.65106,2.68735 -8.18553,3.10138 -1.17642,0.91129 -16.04082,4.82295 -21.94251,5.7743 -2.33387,0.37623 -6.26253,1.48727 -8.73036,2.46898 -2.46784,0.98173 -5.57192,1.78495 -6.89795,1.78495 -2.4214,0 -8.559,2.17049 -8.559,3.02678 0,0.25189 0.95476,1.86304 2.1217,3.58033 1.16693,1.71729 2.12169,3.77854 2.12169,4.58053 0,0.802 0.55514,1.76884 1.23363,2.14855 0.6785,0.37971 2.13957,2.40368 3.24683,4.49773 2.50797,4.74308 8.73902,16.94517 13.15972,25.77034 l 3.34956,6.68681 7.53952,3.25423 c 4.14674,1.78982 8.18989,3.26813 8.98478,3.28515 0.79489,0.017 2.32251,0.37306 3.39471,0.79122 1.0722,0.41816 3.66802,1.23145 5.7685,1.8073 2.10048,0.57585 5.34667,1.53129 7.21376,2.12319 1.86709,0.5919 6.06804,1.87353 9.33545,2.84807 8.67506,2.58741 15.34815,4.76966 22.06561,7.21598 5.44489,1.98287 6.64909,2.11586 14.42751,1.59334 4.66773,-0.31355 9.63249,-0.44874 11.03281,-0.30042 z M 147.14879,601.24051 c 4.20096,-2.08414 9.07024,-4.04386 10.82064,-4.35495 1.7504,-0.31109 3.18254,-1.01881 3.18254,-1.57272 0,-1.49718 -10.09295,-5.73674 -12.1232,-5.09237 -0.9365,0.29724 -3.27023,1.98081 -5.18607,3.74126 -1.91583,1.76046 -5.33168,4.06669 -7.5908,5.12497 -2.25911,1.05827 -4.30496,2.43881 -4.54635,3.06785 -1.78188,4.64348 5.05686,4.23872 15.44324,-0.91404 z m 42.77305,-20.50059 c 2.3807,-2.60486 4.32854,-5.28673 4.32854,-5.9597 0,-3.51867 12.95685,-13.86163 23.71113,-18.92769 6.1711,-2.90705 22.52453,-15.98527 25.45316,-20.35548 l 1.92823,-2.87741 -3.36627,-4.76069 c -1.85145,-2.61838 -3.9862,-4.76069 -4.74389,-4.76069 -2.18532,0 -19.23835,17.22498 -21.00341,21.21519 -2.3787,5.37744 -6.89514,8.62591 -10.67417,7.67743 -1.16378,-0.29209 -3.96542,-2.26103 -6.22587,-4.37541 -3.17437,-2.96926 -4.43477,-4.94153 -5.53705,-8.66438 -0.78492,-2.65101 -1.77774,-6.00474 -2.20625,-7.45273 -0.63492,-2.14545 -1.91336,-3.1989 -6.90763,-5.69198 -6.11162,-3.05085 -11.64491,-4.6981 -11.64491,-3.46667 0,0.35712 1.4433,2.39247 3.20735,4.52298 4.85365,5.86198 6.12931,8.21275 6.11559,11.26974 -0.0189,4.20872 -1.68219,6.61061 -6.21081,8.96871 l -4.10161,2.13575 -4.40156,-1.82434 c -2.42086,-1.00339 -4.72513,-1.82434 -5.12059,-1.82434 -0.84154,0 -0.33073,2.46614 1.49417,7.21375 0.71768,1.86709 1.32163,4.55816 1.34212,5.98016 0.027,1.87228 1.32377,4.09617 4.7014,8.06243 4.12996,4.8497 8.87551,12.88725 10.12355,17.1463 0.28649,0.97767 1.28525,1.48519 2.92272,1.48519 1.93664,0 3.44609,-1.04884 6.81606,-4.73612 z m -46.75801,-19.15556 c 0.14214,-1.7045 -0.33525,-4.51996 -1.06085,-6.25656 -2.15615,-5.1604 -1.72269,-8.47562 1.57925,-12.07867 2.75838,-3.00992 3.14816,-3.15943 8.06243,-3.09266 5.39965,0.0733 6.90166,-1.21663 3.52236,-3.02518 -2.96104,-1.5847 -6.67324,-0.92602 -11.83685,2.10029 -8.02762,4.70486 -8.79159,6.11047 -8.44981,15.54656 0.31499,8.69629 1.43927,10.66357 5.80259,10.15345 1.7739,-0.20739 2.1649,-0.7571 2.38088,-3.34723 z m 183.90455,-19.37 c 9.02929,-0.81992 11.74529,-1.4317 28.43069,-6.40412 5.83465,-1.73878 11.75418,-3.45224 13.15449,-3.80767 3.08877,-0.78401 5.13557,-1.50098 8.48678,-2.97282 1.40032,-0.61501 7.8927,-3.11919 14.42751,-5.56485 13.38307,-5.00861 33.7813,-14.42571 34.79294,-16.06259 0.524,-0.84785 -0.33529,-0.95357 -4.01436,-0.4939 -2.57459,0.32168 -6.73396,0.50325 -9.24305,0.4035 -11.55972,-0.45957 -14.72657,-0.16252 -17.71648,1.6618 -2.05856,1.25604 -4.37121,1.81336 -7.5338,1.81556 -3.50655,0.003 -6.06175,0.72316 -11.03281,3.11192 -6.54036,3.14285 -20.66905,11.90427 -21.16714,13.12606 -0.14864,0.36461 -1.80423,2.58951 -3.67907,4.94421 -2.8361,3.56199 -3.8713,4.2813 -6.16149,4.2813 -5.21052,0 -13.22781,-6.92879 -13.22781,-11.43186 0,-1.78226 3.66342,-7.52077 8.22298,-12.88077 2.58704,-3.0412 5.57721,-5.30177 9.84032,-7.43928 6.50288,-3.26053 9.09437,-4.96284 9.09437,-5.97392 0,-0.3417 -0.73697,-1.55818 -1.63772,-2.7033 -1.23558,-1.57077 -1.51257,-2.85403 -1.12801,-5.22592 0.63534,-3.91867 7.62517,-16.19466 11.88209,-20.8681 1.75421,-1.92583 6.14059,-7.12764 9.74752,-11.55956 6.93435,-8.52037 11.58505,-12.8263 16.13312,-14.93707 2.79972,-1.29936 3.76967,-1.85606 9.13422,-5.24263 2.96653,-1.87273 8.81466,-2.56207 9.69204,-1.14244 0.25123,0.40648 1.52427,0.95255 2.829,1.21351 4.66475,0.93295 10.40988,8.38168 13.54925,17.567 1.69805,4.96826 0.9862,16.44868 -1.42007,22.9023 -2.35295,6.31062 -2.21145,7.42676 1.19644,9.43747 2.20133,1.29882 3.37662,2.91751 4.71437,6.49298 0.98011,2.61957 1.9766,5.07769 2.21442,5.46249 0.23783,0.38481 2.60374,-0.942 5.25758,-2.94844 2.65384,-2.00645 5.97089,-4.36768 7.37121,-5.24717 5.66066,-3.55528 15.76382,-13.02952 17.90056,-16.78625 3.83187,-6.73704 9.68094,-19.53547 9.67827,-21.17717 -0.002,-1.07539 -0.78925,-3.24465 -1.75002,-4.82058 -1.92589,-3.159 -3.01392,-9.78424 -2.16336,-13.17315 0.31414,-1.25163 1.67862,-2.76269 3.20964,-3.55441 1.46475,-0.75745 3.59365,-2.48297 4.73087,-3.83448 1.80163,-2.14111 2.64611,-2.45729 6.56325,-2.45729 4.6195,0 5.22812,-0.30057 18.26783,-9.02166 7.27387,-4.86484 20.70989,-19.82341 24.52793,-27.30739 2.38298,-4.671 3.26515,-15.35576 1.64889,-19.97085 -0.93362,-2.66586 -1.83453,-3.53434 -4.95989,-4.78133 -7.95044,-3.17218 -11.57802,-3.84258 -20.79259,-3.84258 -9.71313,0 -14.27429,1.08982 -15.25477,3.64491 -0.97471,2.54005 3.86569,8.02827 9.88409,11.20694 7.30755,3.85955 8.13948,4.69525 12.07598,12.13054 4.22209,7.97476 3.90728,10.11407 -1.85201,12.58497 -2.51358,1.07841 -4.91577,1.53638 -6.45178,1.23002 -2.6301,-0.52458 -5.84025,2.07131 -24.85027,20.09521 -5.7245,5.42756 -8.42669,7.42593 -10.04128,7.42593 -6.02183,0 -10.36828,-5.73484 -9.3736,-12.36782 0.65563,-4.3721 5.04833,-10.69719 15.43907,-22.23088 3.89727,-4.32596 7.08594,-8.41817 7.08594,-9.09381 0,-0.67564 -1.14571,-3.03504 -2.54603,-5.24311 -1.40032,-2.20807 -2.54603,-4.50691 -2.54603,-5.10853 0,-0.82972 -1.22396,-0.96592 -5.06881,-0.56405 -4.70727,0.49201 -5.2869,0.35488 -8.1265,-1.92254 -5.62539,-4.51165 -12.65136,-9.68232 -16.72057,-12.30527 -2.21717,-1.42916 -4.03122,-3.13857 -4.03122,-3.79868 0,-0.66013 -0.57285,-1.20023 -1.27301,-1.20023 -0.70016,0 -1.26888,0.0955 -1.26383,0.21217 0.005,0.11669 0.57791,2.08692 1.27301,4.37827 0.69511,2.29135 1.26383,5.57435 1.26383,7.29554 0,4.26527 -5.84776,16.01536 -11.40169,22.90979 -2.44412,3.03402 -4.93527,6.47116 -5.53588,7.63809 -0.60063,1.16693 -1.95711,3.07646 -3.01442,4.24339 -1.05731,1.16693 -3.87959,4.98598 -6.27174,8.48677 -8.0309,11.75284 -19.98535,23.52047 -31.31244,30.82312 -4.57909,2.95215 -16.22884,7.0239 -21.81515,7.62468 -8.05556,0.86634 -18.73404,-2.71674 -25.57832,-8.58259 -4.57977,-3.92508 -8.06965,-11.82586 -9.23116,-20.89858 -1.15606,-9.03022 -0.58479,-14.5697 2.06902,-20.06245 0.97005,-2.00777 1.76374,-4.00967 1.76374,-4.44864 0,-0.7259 3.61005,-7.14448 6.78942,-12.07144 3.1783,-4.92529 9.79674,-12.57408 20.44911,-23.63262 6.3459,-6.58786 13.22019,-13.8519 15.27619,-16.14231 3.66923,-4.08755 10.70062,-9.22205 15.50494,-11.32207 3.519,-1.5382 8.34198,-1.30754 13.26923,0.6346 2.36842,0.93354 5.20662,1.69735 6.30711,1.69735 3.85729,0 13.26858,3.49583 16.09706,5.97928 1.57074,1.37912 3.22149,2.50749 3.66833,2.50749 0.44685,0 2.03858,1.34743 3.53719,2.99429 4.74106,5.21007 5.56892,2.40743 2.22836,-7.54391 -1.23973,-3.6931 -2.33103,-9.38483 -2.64762,-13.80887 -0.52138,-7.28577 -2.76461,-14.73992 -4.43579,-14.73992 -0.4406,0 -3.41642,-1.22385 -6.61292,-2.71968 -7.12852,-3.33583 -10.11834,-3.22024 -16.44437,0.63574 -7.88221,4.80455 -11.46577,4.68294 -17.10007,-0.58028 -1.62479,-1.51779 -3.52319,-2.42784 -5.06453,-2.42784 -1.35605,0 -4.08447,-0.75911 -6.06317,-1.6869 -7.27076,-3.4092 -16.33784,-3.55941 -29.90662,-0.49546 -3.26741,0.73781 -11.47836,1.71134 -18.24656,2.16342 -13.42283,0.89655 -15.50596,1.19687 -20.20054,2.91227 -1.72595,0.63065 -4.85666,1.62754 -6.95713,2.2153 -2.10048,0.58776 -6.17562,1.97019 -9.05587,3.07207 -2.88024,1.10188 -5.66654,2.00343 -6.19178,2.00343 -0.52523,0 -2.74849,0.95476 -4.94056,2.12169 -2.19208,1.16693 -4.634,2.12169 -5.42651,2.12169 -1.85542,0 -16.46412,7.04395 -19.78952,9.54203 -8.99661,6.75833 -18.42945,14.7322 -20.15516,17.03778 -3.67431,4.90894 -11.80465,21.06909 -11.28344,22.42735 0.42704,1.11284 1.72389,1.23821 8.33407,0.80567 6.6105,-0.43256 8.38976,-0.26053 11.43714,1.10582 4.6363,2.07877 10.36211,6.85835 15.12951,12.62927 2.07408,2.51066 6.65774,7.65385 10.1859,11.42932 11.5273,12.33527 15.02166,23.47719 10.25415,32.69594 -4.308,8.33024 -4.8799,9.29701 -6.09756,10.30757 -0.69047,0.57304 -1.28076,1.47251 -1.31175,1.99882 -0.031,0.52632 -1.36614,2.67551 -2.96701,4.77598 -1.60086,2.10048 -3.29405,4.70312 -3.76263,5.78364 -2.60441,6.00561 -18.07275,16.54692 -25.89608,17.64756 -5.60575,0.78866 -5.43022,0.41269 -3.78846,8.11452 1.62848,7.63951 6.8237,23.925 9.14865,28.67837 3.4978,7.15123 13.0932,20.43633 17.70388,24.51152 5.86272,5.18181 17.50044,11.34771 24.04551,12.7398 8.35093,1.77617 25.20982,2.20928 38.61482,0.99201 z m -31.03329,-35.11514 c -1.19804,-0.6252 -3.10757,-1.37373 -4.24338,-1.66341 -2.73109,-0.69652 -8.06613,-5.1726 -9.5937,-8.04907 -5.39796,-10.16459 -5.85333,-11.57958 -5.92781,-18.41969 -0.0407,-3.73418 0.37163,-8.97998 0.9162,-11.65731 1.10556,-5.43535 6.47796,-16.96674 10.50794,-22.5544 8.69541,-12.05638 23.68823,-15.66074 32.32599,-7.77137 1.50518,1.37477 3.18244,4.00922 3.72724,5.85434 0.90084,3.05095 0.82211,3.51297 -0.86939,5.10206 -1.02297,0.96102 -2.14622,1.74731 -2.49613,1.74731 -0.3499,0 -2.61672,0.91689 -5.03737,2.03752 -5.58614,2.58611 -10.89858,7.88861 -13.54136,13.51605 -4.71655,10.04323 -6.67527,15.17255 -6.23352,16.32373 1.04559,2.72477 8.29633,0.29264 12.92412,-4.33515 1.70369,-1.70369 3.77809,-2.93051 4.95513,-2.93051 4.76362,0 10.81908,6.12845 11.93548,12.07932 0.76225,4.06316 -1.45614,10.74508 -4.49175,13.52942 -3.86296,3.54321 -9.71217,6.4327 -15.00081,7.41036 -6.38522,1.18037 -7.21012,1.16202 -9.85688,-0.2192 z m 6.42165,-144.94882 c -3.26741,-0.91932 -7.85027,-2.07787 -10.18413,-2.57458 -2.33386,-0.4967 -5.0072,-1.19387 -5.94074,-1.54927 -0.93355,-0.3554 -4.75259,-1.3033 -8.48677,-2.10645 -3.73418,-0.80314 -7.59693,-1.96839 -8.58388,-2.58945 -2.10999,-1.32774 -6.53091,-9.49267 -7.90713,-14.60353 -0.78608,-2.91927 -0.72943,-4.03831 0.30578,-6.04017 0.69883,-1.35139 1.88881,-2.6943 2.64441,-2.98425 2.71794,-1.04297 7.82042,-0.50802 9.81948,1.02948 3.81916,2.93736 7.86944,4.41402 16.82148,6.13285 4.93101,0.94676 10.30213,2.25681 11.93584,2.9112 1.6337,0.65439 4.11608,1.41585 5.5164,1.69212 3.75166,0.74017 12.30582,9.01624 12.30582,11.90576 0,3.46145 -2.49266,7.97996 -5.16436,9.36154 -3.07745,1.59142 -5.7748,1.47074 -13.0822,-0.58525 z m 42.43386,-6.04742 c -4.36832,-2.44447 -7.13041,-7.82536 -7.17877,-13.98513 -0.0252,-3.21099 0.37987,-4.82132 1.4502,-5.765 14.55358,-12.83147 26.13873,-20.75617 30.34355,-20.75617 2.99395,0 9.34734,6.5 10.67068,10.91694 0.93281,3.11344 0.82334,3.6836 -1.46986,7.65555 -1.46319,2.53434 -4.54983,5.89775 -7.5383,8.21421 -2.78331,2.15746 -6.91506,5.99891 -9.18167,8.53657 -6.65013,7.44541 -10.80298,8.70444 -17.09583,5.18303 z m 37.938,134.04979 c 3.93375,-1.37025 6.02853,-4.05495 7.40342,-9.48837 1.70936,-6.75518 2.6462,-8.74037 4.7865,-10.14275 2.99683,-1.9636 5.30026,-1.60515 8.17801,1.27261 2.20873,2.20873 2.52164,3.04635 2.14003,5.72857 -0.24583,1.72786 -0.71641,3.8099 -1.04573,4.62676 -0.35219,0.87359 -0.21691,1.48518 0.32851,1.48518 1.23104,0 5.41674,-8.4834 7.32788,-14.85185 0.84045,-2.80063 1.8501,-5.45487 2.24368,-5.89831 1.15015,-1.29588 0.82398,-5.26103 -0.52486,-6.38047 -1.00127,-0.83098 -2.7603,-0.34211 -9.12328,2.53556 -8.70751,3.93799 -9.7897,4.92402 -16.48341,15.01892 -2.54303,3.83518 -4.95371,7.17703 -5.35707,7.42632 -1.40673,0.8694 -5.21906,8.12085 -4.70592,8.95114 0.65818,1.06494 1.02304,1.04356 4.83224,-0.28331 z m 283.88717,-26.61215 c 2.13358,-3.25625 6.98179,-18.00769 7.01185,-21.33465 0.0291,-3.22256 0.94703,-5.21843 4.46293,-9.704 1.95929,-2.49967 3.07963,-3.18254 5.22136,-3.18254 2.03389,0 3.51489,0.80874 5.828,3.18254 4.83463,4.96148 5.86403,8.24114 4.76899,15.19399 -0.50335,3.19592 -0.97039,8.4841 -1.03789,11.75151 l -0.12272,5.94074 h 14.18019 14.1802 l 3.87791,-3.80685 c 2.13286,-2.09377 3.77134,-4.36028 3.64107,-5.0367 -0.13027,-0.6764 -1.95498,-2.22981 -4.05493,-3.452 -7.16029,-4.16738 -12.08038,-16.29539 -9.31709,-22.96659 1.32178,-3.19104 3.14092,-4.20135 7.5649,-4.20135 4.52363,0 4.59773,-1.92626 0.16116,-4.18963 -3.82824,-1.95302 -6.22643,-5.61152 -7.69715,-11.74218 -1.29498,-5.3981 -0.33801,-8.85165 3.83773,-13.84968 3.32802,-3.98338 3.3007,-3.86085 1.70962,-7.66884 -0.65766,-1.574 -1.13504,-3.18776 -1.06084,-3.58612 0.0742,-0.39835 -1.24064,-1.52203 -2.92186,-2.49706 -2.81024,-1.6298 -3.43811,-1.68744 -7.78479,-0.71469 -3.71326,0.83099 -5.19354,1.66842 -6.89702,3.9018 -3.3336,4.37057 -7.64853,6.70214 -11.30522,6.10874 -2.5119,-0.40763 -3.90809,0.0332 -7.89045,2.49125 -6.64594,4.1021 -16.10809,13.91375 -16.10809,16.70306 0,1.52544 -0.80529,2.62067 -2.78632,3.7895 -2.66205,1.57065 -5.8587,6.98579 -9.1483,15.49724 -0.6314,1.6337 -2.9332,4.87989 -5.11509,7.21375 -7.05214,7.54331 -9.02755,13.13112 -6.15876,17.42122 4.0896,6.11576 6.55701,7.80376 14.29736,9.7811 6.16519,1.57496 7.01457,1.47264 8.66325,-1.04356 z m -451.11049,-36.4535 c -0.14376,-1.99101 0.48067,-5.01093 1.55372,-7.51425 1.82874,-4.26626 4.65892,-21.1534 3.78278,-22.57103 -0.26542,-0.42945 -1.46518,-0.78082 -2.66614,-0.78082 -1.39612,0 -3.19383,-1.07119 -4.98499,-2.97037 -1.54078,-1.63371 -3.59504,-2.97037 -4.56502,-2.97037 -3.00543,0 -8.79829,3.21575 -14.64559,8.13011 -6.91175,5.80899 -7.65203,8.19678 -4.62502,14.9183 2.55942,5.68321 6.93832,9.86094 14.55515,13.88652 3.26741,1.72686 6.4953,3.6659 7.17309,4.30898 1.03399,0.98103 1.5084,0.98594 2.94736,0.0306 1.32291,-0.87839 1.66006,-1.89978 1.47466,-4.46758 z m 40.37279,-2.64758 c 4.76925,-6.1628 8.00689,-12.2569 7.52718,-14.16818 -0.57675,-2.298 -15.08874,-17.44419 -16.71684,-17.44741 -2.00844,-0.004 -8.40681,3.74865 -8.40681,4.93056 0,0.61164 1.13307,2.52203 2.51794,4.2453 4.15026,5.16446 9.19959,15.95211 9.83061,21.00269 0.69198,5.53838 1.83232,5.85064 5.24792,1.43704 z m 104.33055,-9.69547 c 0.0969,-6.19124 0.56196,-9.95246 1.46902,-11.88148 0.72996,-1.55239 2.08371,-5.03593 3.00834,-7.7412 2.83278,-8.28807 9.74439,-13.63778 15.69116,-12.14524 2.11311,0.53036 7.43584,7.69091 10.73354,14.4396 0.66322,1.35727 1.89733,2.88488 2.74246,3.39471 1.26659,0.76406 1.92234,0.47955 3.73169,-1.61907 1.20729,-1.40032 6.17066,-6.77718 11.02971,-11.9486 8.02152,-8.53717 9.7613,-10.65612 13.18129,-16.05411 0.59019,-0.93154 1.74141,-2.70907 2.55827,-3.95006 2.43603,-3.70091 1.89805,-5.41664 -2.54604,-8.11985 -2.21716,-1.34865 -5.36788,-2.94757 -7.00158,-3.55316 -1.63371,-0.60559 -3.75676,-1.46996 -4.7179,-1.92082 -0.96115,-0.45085 -3.43489,-0.69874 -5.49722,-0.55085 -3.7293,0.26742 -3.75313,0.28964 -4.38428,4.08793 -0.75687,4.55482 -3.80951,7.63809 -7.56222,7.63809 -3.49795,0 -12.51128,6.31039 -19.63574,13.74732 -3.15071,3.28891 -5.72857,6.2519 -5.72857,6.58443 0,0.33254 -1.13902,1.61948 -2.53115,2.85988 -2.18301,1.94506 -4.20953,4.61105 -8.10663,10.66464 -4.15835,6.4594 -7.99731,16.34043 -8.02062,20.64414 -0.016,2.96712 3.40264,4.95564 8.04993,4.68232 l 3.39471,-0.19966 z m 299.09914,-28.57109 c 5.32266,-5.05966 11.10971,-10.44589 12.8601,-11.96941 3.34125,-2.90816 3.98656,-5.37192 1.9957,-7.61943 -2.60952,-2.94593 -6.34649,-11.11963 -6.86904,-15.02434 -0.90444,-6.75844 -2.07935,-8.91653 -8.40856,-15.44491 -8.7698,-9.0458 -7.89777,-8.78314 -26.14978,-7.87638 -9.88176,0.49092 -16.75345,1.23061 -18.91488,2.03605 -7.2321,2.695 -16.63461,6.54621 -19.70324,8.07032 -1.76608,0.87716 -5.5059,2.22207 -8.31072,2.98867 -4.94518,1.3516 -15.65355,6.41795 -18.23895,8.62921 -0.70016,0.59884 -3.94635,2.69686 -7.21376,4.66227 -10.30514,6.19876 -15.13982,12.11352 -12.25749,14.99586 1.43463,1.43463 3.28327,10.43979 3.31615,16.15374 0.0166,2.88978 0.39258,5.4781 0.83545,5.7518 0.44286,0.27371 4.92013,-1.63143 9.94947,-4.23364 20.00813,-10.35234 33.97906,-15.84902 43.2172,-17.00325 3.65571,-0.45676 5.58046,-0.16092 10.27136,1.57872 3.17494,1.17744 7.65975,2.80607 9.96624,3.6192 4.95424,1.74656 9.36277,5.62009 15.7503,13.83894 3.11447,4.00738 5.25991,6.01262 6.4473,6.02595 1.11839,0.0126 5.37521,-3.39797 11.45715,-9.17937 z M 476.43558,346.83849 c 8.029,-1.89103 10.23457,-3.26481 9.91638,-6.17661 -0.14726,-1.34758 -0.82811,-3.53376 -1.51299,-4.85818 -0.68488,-1.32442 -1.64308,-4.21686 -2.12933,-6.42764 -2.14429,-9.74924 -3.23873,-16.12672 -3.27001,-19.05481 -0.0316,-2.95943 -1.13861,-6.32837 -3.93622,-11.97906 -0.65424,-1.32145 -1.18952,-2.93846 -1.18952,-3.59336 0,-0.6549 -1.1888,-3.58371 -2.64178,-6.50847 -1.45298,-2.92476 -3.33009,-7.80013 -4.17134,-10.83415 -2.404,-8.67005 -3.91184,-11.53219 -7.05125,-13.38449 -3.52723,-2.08111 -6.98282,-8.86294 -7.80239,-15.31268 -0.53294,-4.19412 -0.35049,-4.87741 2.60607,-9.75978 1.74853,-2.88747 4.39999,-6.5866 5.89215,-8.2203 1.49216,-1.6337 3.68921,-4.68894 4.88233,-6.78942 1.19312,-2.10047 3.84301,-6.36657 5.88864,-9.48022 4.38272,-6.67092 18.31923,-34.03942 19.0494,-37.40919 0.30393,-1.40263 0.14477,-2.33387 -0.39889,-2.33387 -1.14269,0 -15.67205,14.38289 -23.57629,23.33863 -5.4226,6.14395 -12.81164,15.61472 -13.89455,17.80907 -0.23392,0.47401 -2.30193,3.72611 -4.59557,7.22691 -2.29366,3.50079 -5.30373,8.6565 -6.68906,11.45714 -1.38534,2.80063 -3.16282,6.04682 -3.94997,7.21375 -1.78736,2.64971 -4.28296,10.48729 -4.28719,13.46412 -0.003,2.25713 -2.79618,7.64847 -4.55918,8.80067 -1.71778,1.12265 -8.59251,0.68193 -10.52985,-0.67503 -2.24206,-1.5704 -4.42737,-5.51846 -4.42737,-7.99863 0,-0.97315 -0.55679,-2.61914 -1.23731,-3.65774 -0.99071,-1.51201 -1.07317,-2.90155 -0.41372,-6.97173 0.45297,-2.79584 1.03579,-6.42001 1.29514,-8.05372 0.25935,-1.6337 0.80375,-3.73418 1.20977,-4.66772 0.78292,-1.80012 1.20168,-4.37539 2.48402,-15.27619 0.43928,-3.73418 1.23844,-8.69894 1.7759,-11.03281 1.38929,-6.03279 2.34886,-22.68281 1.38282,-23.99429 -1.03172,-1.40067 -3.59316,-0.61752 -7.3453,2.24579 -1.6337,1.24671 -5.15768,3.7479 -7.83106,5.55821 -4.49894,3.04651 -14.37595,12.58246 -22.48305,21.70669 -3.67298,4.13381 -12.3503,16.72994 -15.09012,21.90505 -0.93355,1.76333 -3.89331,5.93757 -6.57725,9.27609 -2.68394,3.33853 -4.8799,6.34082 -4.8799,6.67176 0,0.33093 -0.89488,1.78346 -1.98864,3.22784 -1.09375,1.44438 -2.25642,4.32708 -2.58372,6.406 -1.14403,7.26669 -6.3939,12.75953 -12.20148,12.76617 -5.28367,0.006 -10.9405,-8.29033 -12.49649,-18.32749 -0.59459,-3.83557 0.36494,-6.72029 5.67156,-17.05081 1.724,-3.35617 3.39813,-7.55712 3.7203,-9.33545 0.32216,-1.77834 1.05652,-4.1881 1.63191,-5.35503 0.5754,-1.16693 1.30256,-3.64931 1.61593,-5.5164 0.31338,-1.86709 1.29383,-5.68614 2.1788,-8.48677 2.79686,-8.85118 4.63583,-20.53819 3.51535,-22.34065 -0.57188,-0.91995 -1.29108,-0.87615 -3.96611,0.24155 -3.77814,1.57861 -12.25508,7.77034 -12.25508,8.95137 0,0.44025 -5.20885,5.87002 -11.57523,12.06616 -30.21262,29.40472 -37.6141,37.05037 -41.30412,42.66675 -2.14672,3.26741 -5.62165,8.04122 -7.72205,10.60847 -2.1004,2.56724 -4.55201,6.22969 -5.44803,8.13875 -3.20138,6.8209 -11.27693,9.20707 -16.82867,4.97255 -1.56106,-1.19068 -2.8383,-2.66501 -2.8383,-3.27627 0,-0.61127 -1.0021,-2.58807 -2.22687,-4.39287 -1.74006,-2.56413 -2.45917,-5.141 -3.28948,-11.78775 -0.85287,-6.82728 -1.64476,-9.59511 -4.01197,-14.02267 -5.36785,-10.03986 -10.21927,-18.24251 -10.95917,-18.52945 -0.4012,-0.15559 -0.72945,-0.81412 -0.72945,-1.46339 0,-1.31665 -4.79642,-4.12639 -5.34399,-3.1305 -1.23039,2.23776 -1.04511,20.05184 0.45674,43.91593 1.43422,22.78943 1.1341,48.47781 -0.6972,59.67589 -1.01381,6.19921 -1.16765,9.01942 -0.52697,9.6601 0.98247,0.98246 1.29672,0.78139 10.21108,-6.53387 2.84403,-2.33386 7.52206,-5.96196 10.39562,-8.06243 2.87355,-2.10048 6.83714,-5.02043 8.80799,-6.48878 3.75739,-2.79939 10.97673,-6.10162 19.55494,-8.94473 12.50032,-4.14305 14.67279,-4.87046 18.6709,-6.25165 2.33386,-0.80626 5.58005,-1.94142 7.21375,-2.52261 17.4938,-6.22326 25.20579,-7.95182 35.71851,-8.00593 7.68876,-0.0396 10.82615,-0.39865 22.84023,-2.61412 8.59161,-1.58434 20.42221,-0.84401 31.82539,1.99153 8.87851,2.20776 13.23407,2.46474 17.82223,1.05152 2.33386,-0.71887 7.29862,-1.52913 11.0328,-1.80058 6.74943,-0.49065 6.82941,-0.47231 13.57884,3.11353 3.73418,1.98389 8.50799,4.46958 10.60846,5.52373 2.10048,1.05416 5.24902,3.63625 6.99675,5.73796 6.03876,7.26182 12.11288,21.54064 13.40668,31.51594 1.21366,9.35746 4.00803,17.00766 7.2222,19.77237 2.60128,2.23753 4.92745,2.23952 14.3839,0.0123 z m 130.29416,474.52834 c 0.92545,-1.72922 2.93235,-2.20599 3.74576,-0.88987 0.26038,0.4213 -0.67529,1.16644 -2.07927,1.65588 -2.38182,0.8303 -2.49337,0.77902 -1.66649,-0.76601 z M 212.07261,763.72558 c 0,-1.95125 2.75989,-5.02789 5.30666,-5.9157 4.78026,-1.66642 5.53149,2.10146 0.88991,4.46347 -3.79524,1.93132 -6.19657,2.4941 -6.19657,1.45223 z"
       id="path32" />
    <path
       style="fill:#ff0000;fill-opacity:1;stroke-width:0.930918;stroke-dashoffset:0.5"
       d="m 290.76854,540.58663 c -7.01017,-1.44896 -20.36178,-8.07959 -25.69062,-12.75838 -7.26273,-6.37676 -17.012,-22.44725 -21.73842,-35.83318 -3.50338,-9.92208 -5.93157,-20.12513 -5.22667,-21.96205 0.35967,-0.93731 2.91462,-2.06567 5.67767,-2.5075 8.86585,-1.41771 17.3471,-8.06205 26.22111,-20.54203 14.41044,-20.26616 17.01989,-28.74594 12.16856,-39.54354 -2.83514,-6.31018 -24.85193,-31.09873 -32.05487,-36.09037 -3.77979,-2.6194 -5.90242,-3.12298 -13.16358,-3.12298 -4.76142,0 -9.0031,-0.34598 -9.42596,-0.76884 -1.22651,-1.22651 8.92308,-19.09074 13.78575,-24.2642 11.41046,-12.13976 27.02407,-20.29802 61.69573,-32.2366 10.09929,-3.47751 16.03247,-4.69813 27.0936,-5.57391 7.78941,-0.61674 16.93349,-1.7509 20.32019,-2.52036 12.00047,-2.72652 18.07388,-2.7264 24.42477,4.8e-4 3.27351,1.40555 6.97176,2.55555 8.21831,2.55555 1.24656,0 3.91301,1.38547 5.92543,3.07882 2.72879,2.29612 5.08243,3.07881 9.25827,3.07881 3.0796,0 5.92011,-0.51909 6.31221,-1.15354 1.01343,-1.63974 8.04829,-5.00409 10.46359,-5.00409 1.11762,0 4.92856,1.44339 8.46874,3.20754 7.54527,3.75997 10.05676,8.32387 10.05676,18.2752 0,3.52199 0.89361,9.02622 1.9858,12.23162 2.20245,6.46383 1.58355,8.41128 -1.68289,5.29546 -8.11074,-7.73673 -20.73817,-12.71384 -35.59821,-14.03108 -5.71114,-0.50625 -7.01332,-0.11954 -12.8631,3.81993 -7.16524,4.82535 -8.63339,4.88429 -5.57985,0.22398 1.10776,-1.69066 2.01412,-4.38965 2.01412,-5.99776 0,-3.74611 -5.81238,-11.39945 -10.02555,-13.20096 -4.40751,-1.88461 -9.52075,0.86015 -24.28913,13.03831 l -11.53143,9.50892 0.58148,6.05155 c 0.82048,8.53893 6.59008,14.53295 13.98882,14.53295 4.74994,0 5.93941,-0.72616 14.1209,-8.62069 4.91372,-4.74137 9.46612,-8.62069 10.11646,-8.62069 1.7449,0 -0.74675,2.97083 -13.94397,16.62562 -16.02636,16.58203 -22.52312,24.9748 -27.99037,36.1591 -4.15791,8.50581 -4.59581,10.35163 -4.56908,19.25962 0.04,13.32236 2.83941,21.14095 9.89967,27.64887 5.85407,5.39609 9.32337,7.16902 17.16436,8.7716 6.77607,1.38491 19.26365,-0.7495 26.91361,-4.60015 11.65278,-5.8655 28.40735,-22.45432 40.82038,-40.41656 2.70936,-3.92057 7.2462,-10.05094 10.08186,-13.62303 7.49907,-9.44658 11.46987,-17.94144 11.46987,-24.53782 0,-3.07055 0.45603,-5.58281 1.01341,-5.58281 0.55738,0 5.55281,3.32512 11.10097,7.38916 8.14553,5.96661 10.98897,7.38916 14.76967,7.38916 4.1881,0 4.97728,0.5252 7.4798,4.97783 3.16435,5.63021 3.6436,4.45378 -6.75173,16.5739 -9.96403,11.61724 -12.8338,16.43772 -12.8338,21.5575 0,6.52006 3.87482,11.07797 9.41771,11.07797 3.73033,0 5.73453,-1.37226 14.83889,-10.1601 5.78934,-5.58806 11.15132,-10.73697 11.91552,-11.44203 3.82107,-3.52535 7.84595,-5.49147 11.24168,-5.49147 9.21562,0 11.67403,-6.88753 6.10842,-17.11341 -2.83228,-5.20383 -11.77254,-12.44324 -15.36669,-12.44324 -1.85162,0 -5.23916,-5.9717 -4.49202,-7.91873 0.82088,-2.13918 8.40218,-4.41197 14.36605,-4.30678 7.61656,0.13433 21.3705,5.27225 23.07298,8.61912 2.18389,4.29332 1.85954,12.06164 -0.74191,17.76895 -7.41607,16.27008 -31.86815,37.56158 -43.13734,37.56158 -2.49803,0 -5.19874,1.38825 -8.37397,4.30446 -2.57772,2.36745 -5.1024,4.3071 -5.6104,4.31034 -1.62503,0.01 -0.90149,11.59148 0.92364,14.78421 0.96801,1.69335 1.77795,4.18719 1.79986,5.54187 0.0581,3.58928 -9.85819,22.69773 -14.11291,27.19532 -3.04887,3.22291 -23.3528,17.55015 -24.1623,17.04986 -0.49319,-0.30482 -1.25901,-2.20366 -1.70179,-4.21966 -0.44279,-2.016 -2.21212,-4.77223 -3.93183,-6.12496 -2.44552,-1.92365 -2.9753,-3.20143 -2.43156,-5.86477 3.49494,-17.11891 3.57475,-18.02171 2.15415,-24.36957 -3.03421,-13.55826 -14.15029,-24.16503 -23.0749,-22.01764 -10.17585,2.44846 -22.40038,12.05347 -34.7229,27.28236 -14.3847,17.77743 -16.59167,21.77565 -16.7621,30.36687 l -0.14437,7.27809 -6.58686,3.18989 c -6.98629,3.38331 -16.47155,13.89079 -17.93587,19.8688 -0.89951,3.67216 2.60511,8.80554 8.43008,12.34791 4.07615,2.47886 3.72525,2.8154 -4.74773,4.55342 -6.95087,1.4258 -38.32535,1.58865 -44.88417,0.23298 z m 24.13657,-35.01613 c 11.74799,-5.86067 14.94254,-18.31286 7.09169,-27.64307 -2.5678,-3.05165 -4.13401,-3.7895 -8.04394,-3.7895 -2.98303,0 -5.1058,0.65283 -5.50494,1.69297 -0.78243,2.03899 -10.04906,6.41443 -11.18314,5.28036 -1.02861,-1.02862 7.92155,-21.18729 10.32774,-23.26144 1.00112,-0.86297 5.23037,-3.23159 9.39833,-5.26361 6.57743,-3.20671 7.62675,-4.19194 7.94642,-7.46096 0.26884,-2.74928 -0.61562,-4.8933 -3.27521,-7.93946 -3.29784,-3.77718 -4.3912,-4.22069 -11.52466,-4.67492 -9.75327,-0.62104 -14.76841,1.74596 -21.84583,10.31062 -9.36114,11.32826 -14.59958,26.79575 -13.18036,38.91749 1.29933,11.09778 9.91731,23.2622 18.3529,25.90543 4.06021,1.27223 17.30074,-0.009 21.441,-2.07391 z m 3.56502,-144.29713 c 4.91298,-5.30119 4.12733,-10.31561 -2.46223,-15.71526 -6.24489,-5.11722 -11.19942,-7.08975 -23.45864,-9.33952 -4.74138,-0.87012 -11.23465,-2.89127 -14.4295,-4.49145 -14.44628,-7.23558 -22.48049,-0.0386 -15.51853,13.90139 3.55029,7.10877 5.40866,8.62409 12.72256,10.37402 3.37795,0.80821 7.2501,1.90469 8.60478,2.43662 1.35468,0.53192 4.12562,1.29307 6.15764,1.69143 2.03202,0.39837 6.46551,1.51425 9.85221,2.47974 9.88707,2.81864 15.02388,2.44804 18.53171,-1.33697 z"
       id="path41" />
    <path
       style="fill:#ff0000;fill-opacity:1;stroke-width:0.930918;stroke-dashoffset:0.5"
       d=""
       id="path43" />
    <path
       style="fill:#ff0000;fill-opacity:1;stroke-width:0.930918;stroke-dashoffset:0.5"
       d=""
       id="path46" />
    <path
       style="fill:#ff0000;fill-opacity:1;stroke-width:0.930918;stroke-dashoffset:0.5"
       d=""
       id="path48" />
    <path
       style="fill:#ff0000;fill-opacity:1;stroke-width:0.930918;stroke-dashoffset:0.5"
       d="m 352.55807,532.94335 c 4.57734,-7.00089 25.19473,-19.06998 35.43454,-20.7428 3.04803,-0.49794 7.20443,-1.61665 9.23645,-2.48602 2.87717,-1.23096 26.47784,-2.75369 26.47784,-1.70838 0,1.53059 -48.49458,21.04798 -63.87295,25.70665 -8.64262,2.61817 -9.43592,2.53427 -7.27588,-0.76945 z"
       id="path52" />
    <path
       style="fill:#ff0000;fill-opacity:1;stroke-width:0.930918;stroke-dashoffset:0.5"
       d="m 694.38432,464.12593 c -1.13291,-0.70018 -1.10994,-3.43265 0.10078,-11.98688 1.71794,-12.13791 1.32128,-13.90367 -4.53347,-20.18092 -4.4549,-4.77639 -9.0997,-4.51691 -13.10324,0.73201 -1.72782,2.26529 -3.14149,5.38481 -3.14149,6.93228 0,2.77616 -4.97978,17.69826 -7.44087,22.29685 -1.54448,2.88588 -3.91454,2.96362 -11.50477,0.37737 -4.20782,-1.43375 -6.68258,-3.26591 -8.86414,-6.56246 l -3.02652,-4.57338 2.42324,-5.47813 c 1.33278,-3.01298 3.90634,-6.84866 5.71903,-8.52375 1.81269,-1.67509 5.13196,-6.99091 7.37615,-11.81292 2.24419,-4.82202 4.92871,-9.09286 5.96561,-9.49075 1.0369,-0.3979 2.66741,-2.59538 3.62336,-4.88328 3.30318,-7.90561 16.57363,-18.11483 23.54656,-18.11483 2.32729,0 5.4407,-1.34308 8.0717,-3.482 2.35568,-1.9151 6.10321,-4.53968 8.32784,-5.8324 3.68732,-2.14267 4.33691,-2.18642 7.35037,-0.49501 1.84229,1.03406 3.79653,3.56719 4.41462,5.72237 0.93692,3.26685 0.60848,4.52326 -2.11637,8.09572 -5.85966,7.68241 -3.84461,19.42408 4.42571,25.78854 l 2.81685,2.16772 -3.19583,0.0274 c -4.92928,0.0422 -7.27215,3.57367 -7.27215,10.96138 0,7.72933 2.13359,12.23053 8.14676,17.18709 4.93087,4.06444 4.95861,6.2118 0.12118,9.3814 -3.16509,2.07385 -25.46871,3.45374 -28.23091,1.7466 z"
       id="path54" />
    <path
       style="fill:#ff0000;fill-opacity:1;stroke-width:0.930918;stroke-dashoffset:0.5"
       d="m 181.01559,581.63823 c -1.58035,-4.21388 -7.35861,-12.93188 -9.46032,-14.27333 -2.03505,-1.29891 -4.71137,-6.72243 -5.59117,-11.33042 -0.38797,-2.03202 -1.07293,-4.64441 -1.52212,-5.80531 -0.72293,-1.86837 -0.13184,-2.03067 5.14775,-1.4134 7.42963,0.86864 12.21829,-2.3062 13.45974,-8.92368 0.68279,-3.63958 0.18326,-5.2137 -3.10955,-9.79885 -3.33359,-4.64194 -3.5877,-5.45965 -1.69132,-5.44244 1.22743,0.0112 4.42429,1.26215 7.10413,2.78001 4.06279,2.30117 5.18832,3.83618 6.7734,9.23763 2.44667,8.33747 9.64718,16.28723 14.7522,16.28723 3.82074,0 11.16354,-6.12091 11.16354,-9.30585 0,-1.79716 12.00451,-14.12541 17.0645,-17.52471 2.73966,-1.8405 3.03081,-1.78184 5.20661,1.04889 1.26756,1.64913 2.31699,4.20123 2.33205,5.67133 0.0366,3.57306 -14.58733,16.77042 -23.03606,20.78886 -12.43678,5.91528 -21.45672,13.33968 -28.6476,23.58012 -1.99671,2.84349 -4.76139,5.77527 -6.14372,6.51508 -2.17844,1.16586 -2.68506,0.88722 -3.80206,-2.09116 z"
       id="path56" />
    <path
       style="fill:#ff0000;fill-opacity:1;stroke-width:0.930918;stroke-dashoffset:0.5"
       d="m 137.51979,562.15913 c -3.61185,-3.61186 -2.15535,-16.43883 2.19659,-19.34471 2.35843,-1.57476 3.56461,-1.01561 1.96553,0.91115 -1.02016,1.22922 -1.28408,3.82212 -0.78345,7.69705 1.40584,10.88145 1.40641,11.75107 0.008,12.23924 -0.76806,0.26813 -2.29207,-0.4081 -3.3867,-1.50273 z"
       id="path58" />
    <path
       style="fill:#ff0000;fill-opacity:1;stroke-width:0.930918;stroke-dashoffset:0.5"
       d="m 133.0665,603.63236 c 0,-0.5761 2.63239,-2.77208 5.84976,-4.87997 3.21736,-2.10788 7.12739,-4.77255 8.68895,-5.92149 2.67554,-1.96856 3.10149,-1.96226 7.38917,0.10928 l 4.54995,2.19825 -3.07881,1.1866 c -1.69335,0.65262 -6.55298,2.79943 -10.79918,4.77068 -7.65876,3.55549 -12.59984,4.55025 -12.59984,2.53665 z"
       id="path62" />
    <path
       style="fill:#008080;fill-opacity:1;stroke-width:0.930918;stroke-dashoffset:0.5"
       d="m 422.12777,636.28804 c -6.78483,-2.38495 -24.35242,-7.70906 -41.07312,-12.44779 -5.50922,-1.56135 -13.07364,-4.23828 -16.80981,-5.94876 -6.65492,-3.04672 -6.92035,-3.36914 -13.05546,-15.85787 -3.44434,-7.01135 -8.79957,-17.32399 -11.90051,-22.91699 -6.30061,-11.36406 -6.63464,-10.51608 5.20296,-13.20841 15.56423,-3.53992 33.15723,-8.25699 36.69612,-9.83904 2.04921,-0.91609 7.70856,-3.05323 12.57633,-4.74921 l 8.85049,-3.08358 3.0073,3.89904 3.0073,3.89905 15.85157,0.01 c 15.12602,0.009 16.18979,0.17862 23.24073,3.69458 6.99844,3.48977 15.23225,10.90668 25.25988,22.75376 4.09136,4.83371 4.52176,5.03324 8.00267,3.7098 5.77302,-2.19491 7.99361,-4.86815 7.99361,-9.62309 0,-5.55506 -5.74684,-14.59222 -13.12292,-20.63636 -3.07657,-2.52102 -6.50875,-5.48074 -7.62705,-6.57714 -4.1388,-4.05774 -15.79214,-11.12996 -22.66136,-13.7528 -3.8947,-1.48709 -7.08128,-3.15084 -7.08128,-3.69722 0,-0.54638 1.31855,-1.71639 2.93011,-2.60002 8.90467,-4.88252 23.18157,-16.04499 33.25516,-26.00072 9.37902,-9.26929 12.10099,-12.83543 15.02426,-19.68386 5.60085,-13.12121 8.98429,-12.52912 27.45641,4.80476 7.72608,7.25001 10.90304,11.00896 16.43444,19.44512 9.56474,14.58754 36.67302,68.34009 36.67302,72.71831 0,0.82623 0.39494,1.89716 0.87764,2.37986 1.44555,1.44556 5.23124,12.16223 4.63635,13.12478 -0.30331,0.49078 -1.80659,1.17482 -3.34061,1.5201 -1.53403,0.34527 -8.33101,2.67372 -15.10441,5.17433 -6.7734,2.5006 -13.42365,4.82438 -14.77833,5.16394 -3.31491,0.83091 -6.74788,2.1795 -24.01478,9.43392 -5.75739,2.41888 -15.17857,6.0334 -20.93596,8.03228 -5.75739,1.99888 -13.35269,4.78048 -16.87847,6.18133 -17.30526,6.87571 -45.8554,9.15511 -58.59228,4.67792 z"
       id="path64" />
    <path
       style="fill:#008080;fill-opacity:1;stroke-width:0.930918;stroke-dashoffset:0.5"
       d="m 645.99053,393.14617 c -0.68119,-0.49764 -2.87453,-3.12154 -4.87408,-5.8309 -5.03232,-6.81871 -9.78774,-11.13742 -13.84634,-12.57479 -1.89203,-0.67007 -5.37972,-1.9859 -7.75041,-2.92406 -2.43947,-0.96537 -8.05208,-1.62868 -12.93103,-1.52819 -10.22844,0.21066 -20.75051,3.73802 -39.85507,13.3608 -7.1618,3.60733 -13.45489,6.29089 -13.98467,5.96347 -0.52977,-0.32741 -0.96322,-2.96401 -0.96322,-5.8591 0,-2.89508 -0.64835,-8.49217 -1.44078,-12.43797 -1.43512,-7.14601 -1.4269,-7.18524 2.09495,-9.99346 6.11777,-4.87814 29.66671,-17.71985 35.88025,-19.56622 3.2743,-0.97296 11.15576,-4.02601 17.51436,-6.78454 10.14831,-4.40262 13.00768,-5.09015 23.39901,-5.62623 6.51086,-0.33589 12.78006,-0.89758 13.93155,-1.2482 5.36671,-1.6341 19.60875,10.6199 21.76911,18.73039 0.69937,2.6256 1.55983,6.1998 1.91213,7.94266 0.3523,1.74287 2.04006,5.23115 3.75057,7.75174 1.71052,2.52059 3.11004,5.54703 3.11004,6.72544 0,2.0431 -6.02453,8.36197 -18.75328,19.6695 -6.02445,5.3518 -6.87658,5.75392 -8.96309,4.22966 z"
       id="path66" />
    <path
       style="fill:#008080;fill-opacity:1;stroke-width:0.930918;stroke-dashoffset:0.5"
       d="m 147.22906,813.89839 c -3.3867,-1.29366 -11.65335,-4.42354 -18.37034,-6.9553 -9.50615,-3.58304 -13.73654,-5.98044 -19.08867,-10.81771 -3.78178,-3.41799 -9.923991,-8.12356 -13.64936,-10.45682 -10.620941,-6.65208 -16.824074,-13.05764 -22.36437,-23.09419 l -5.121693,-9.27822 2.795721,-2.26384 c 3.591912,-2.90855 7.796023,-2.85918 16.675569,0.19583 7.772679,2.67419 15.742863,7.92694 22.680313,14.94746 4.81959,4.8773 8.50136,7.09035 14.24637,8.56325 10.40314,2.66715 23.93878,8.89242 30.9334,14.22679 2.09595,1.59845 5.45512,2.90628 7.46482,2.90628 3.48316,0 9.04455,3.77262 9.04455,6.13546 0,2.25411 -15.06456,18.49093 -17.0429,18.3691 -1.12518,-0.0693 -4.81671,-1.18443 -8.20341,-2.47809 z"
       id="path68" />
    <path
       style="fill:#008080;fill-opacity:1;stroke-width:0.930918;stroke-dashoffset:0.5"
       d="m 471.55763,771.96221 c 3.14647,-7.56365 6.35669,-13.96403 7.13382,-14.22307 1.39618,-0.46539 9.05486,13.37784 9.05486,16.36685 0,1.22214 -19.10228,11.6083 -21.35003,11.6083 -0.30772,0 2.01488,-6.18844 5.16135,-13.75208 z"
       id="path70" />
    <path
       style="fill:#afe9af;fill-opacity:1;stroke-width:0.930918;stroke-dashoffset:0.5"
       d="m 152.85574,757.60627 c -7.74277,-3.84478 -14.29073,-7.65347 -14.55102,-8.46378 -0.2603,-0.8103 1.87999,-2.67381 4.75619,-4.14114 8.16734,-4.16666 11.74536,-9.71478 8.41374,-13.0464 -1.53296,-1.53297 3.38496,-13.59298 6.63903,-16.28062 1.12553,-0.92961 2.04642,-2.27144 2.04642,-2.98185 0,-0.7104 0.77617,-2.16656 1.72482,-3.2359 0.94866,-1.06935 3.26024,-4.7152 5.13686,-8.1019 9.85188,-17.77956 36.85668,-48.22301 54.02944,-60.90927 4.02189,-2.97114 8.61466,-6.55346 10.20616,-7.96069 3.61433,-3.19587 16.06307,-10.73424 24.82915,-15.03537 6.15799,-3.02146 7.45606,-3.20669 17.85714,-2.54829 13.53576,0.85683 25.79475,4.56441 34.39502,10.40236 8.1973,5.56438 12.59186,7.42403 25.70201,10.87631 5.8868,1.55015 11.80788,3.40964 13.15796,4.13218 1.35007,0.72254 3.9124,1.31371 5.69405,1.31371 1.78165,0 5.83594,1.05056 9.00953,2.33457 3.1736,1.28402 9.0953,3.26601 13.15934,4.40443 4.06404,1.13841 8.49753,2.55556 9.85221,3.14922 3.91807,1.71701 12.03988,3.64414 15.39409,3.65268 1.69335,0.004 6.68104,1.71872 11.08375,3.80979 4.4027,2.09107 10.8565,4.10185 14.34176,4.46839 10.67094,1.12224 12.49851,3.50609 15.30688,19.96615 1.45129,8.5061 3.50632,16.04333 5.20237,19.08077 l 2.80344,5.0207 h -30.83461 c -24.21433,0 -32.94993,-0.4461 -40.68684,-2.07773 -5.41872,-1.14275 -15.39409,-2.71364 -22.16749,-3.49086 -6.7734,-0.77722 -15.64039,-2.41741 -19.70443,-3.64486 -15.94858,-4.81692 -30.22932,-7.96905 -50.49261,-11.14503 -17.51496,-2.74523 -21.38175,-3.55223 -25.73393,-5.37068 -6.3087,-2.63595 -9.60799,-2.49619 -13.50886,0.57223 -2.80851,2.20919 -3.2449,3.47081 -3.2449,9.38134 0,6.30665 -0.35885,7.17101 -4.69238,11.30224 -2.58081,2.46034 -10.66442,9.18394 -17.96357,14.94133 -7.29915,5.75738 -15.57858,13.19206 -18.39874,16.52149 -2.82017,3.32944 -5.68176,6.65456 -6.3591,7.38917 -0.67734,0.73461 -4.3741,5.26947 -8.21502,10.07749 -6.73303,8.42831 -13.01818,12.91106 -17.83317,12.7191 -1.25231,-0.0499 -8.61192,-3.2365 -16.35469,-7.08128 z m 61.49155,-97.50775 c 0,-0.67734 -0.55419,-1.23152 -1.23153,-1.23152 -0.67734,0 -1.23152,0.55418 -1.23152,1.23152 0,0.67734 0.55418,1.23153 1.23152,1.23153 0.67734,0 1.23153,-0.55419 1.23153,-1.23153 z m 10.57454,-7.59793 c 5.62541,-4.03987 6.77681,-5.94887 3.58802,-5.94887 -1.01601,0 -1.84729,0.55419 -1.84729,1.23153 0,0.67734 -0.65701,1.23153 -1.46003,1.23153 -1.69111,0 -7.16066,4.86738 -7.16066,6.37231 0,1.69432 1.20564,1.18849 6.87996,-2.8865 z m 26.37127,-19.49566 c 1.09561,-2.04716 0.93657,-2.46306 -0.94189,-2.46306 -2.32039,0 -5.21574,2.18766 -5.21574,3.94089 0,2.05282 4.89709,0.87752 6.15763,-1.47783 z"
       id="path72" />
    <path
       style="fill:#afe9af;fill-opacity:1;stroke-width:0.930918;stroke-dashoffset:0.5"
       d="m 590.36911,787.65169 c -6.8345,-3.18216 -14.53075,-11.74287 -21.36334,-23.76291 -4.64416,-8.17012 -8.3958,-10.73754 -14.12084,-9.66352 -2.36544,0.44376 -4.86173,1.85493 -5.5473,3.13594 -2.10811,3.93903 -1.45757,14.49067 1.21656,19.7324 1.35468,2.65539 2.46305,5.34417 2.46305,5.97506 0,2.2575 -6.33677,2.68247 -11.88924,0.79736 -7.25708,-2.46384 -8.89659,-3.34044 -20.755,-11.09714 -8.3244,-5.44506 -10.62724,-7.73271 -14.77833,-14.68084 -9.38593,-15.71027 -10.562,-18.00913 -9.8241,-19.20307 1.35187,-2.18737 15.71853,-0.73784 36.92647,3.72571 3.3867,0.71278 8.80159,1.63022 12.03307,2.03874 3.23149,0.40853 6.17368,1.22535 6.5382,1.81515 0.36452,0.58981 3.07464,1.07238 6.02248,1.07238 4.50433,0 5.88263,-0.62144 8.63617,-3.89385 2.94132,-3.49555 3.19161,-4.53478 2.44701,-10.16009 -0.56299,-4.25322 -1.85222,-7.35424 -4.01315,-9.65296 -2.82217,-3.00211 -4.06834,-3.3867 -10.97381,-3.3867 -4.28456,0 -11.80095,-1.15525 -16.70309,-2.56722 -4.90214,-1.41197 -10.85264,-3.09833 -13.22333,-3.74747 -2.37069,-0.64914 -13.26508,-1.38399 -24.20975,-1.63301 -21.31943,-0.48507 -36.15941,-1.70679 -36.09591,-2.97163 0.0215,-0.4291 0.85282,-1.85593 1.84729,-3.17073 2.69284,-3.56025 2.1958,-9.85733 -1.32676,-16.80876 -2.8617,-5.64729 -5.94082,-21.34759 -4.63112,-23.61385 1.12806,-1.95196 10.31488,-5.84215 19.64499,-8.31875 5.32001,-1.41215 16.04589,-5.33845 23.8353,-8.72511 17.18882,-7.47332 15.93833,-7.17672 17.63325,-4.18239 3.28716,5.80727 7.91858,12.72499 12.29355,18.36226 2.58112,3.32585 7.18817,11.36156 10.2379,17.85715 8.26383,17.60104 8.22945,17.54198 11.71932,20.13327 4.20857,3.12493 6.9789,2.20051 15.15742,-5.05782 14.96846,-13.28429 23.4007,-19.43835 34.14436,-24.91935 l 5.09293,-2.59822 3.19763,4.12121 c 1.75869,2.26666 6.10985,7.44633 9.66924,11.51037 6.05046,6.90829 10.39659,14.41582 16.04101,27.70936 4.63626,10.91914 5.46909,16.4784 5.00818,33.43014 -0.40458,14.88047 -0.77289,17.14544 -3.86755,23.78391 -1.8812,4.03546 -4.79689,9.14191 -6.47932,11.34767 -7.39166,9.69098 -28.83112,13.40036 -42.00344,7.26731 z"
       id="path74" />
    <path
       style="fill:#afe9af;fill-opacity:1;stroke-width:0.930918;stroke-dashoffset:0.5"
       d="m 558.24017,668.41133 c -0.67996,-0.84667 -2.67694,-4.40967 -4.43772,-7.91777 -1.76078,-3.5081 -3.76884,-6.72905 -4.46235,-7.15766 -2.09194,-1.29289 -11.10118,-15.13776 -11.10118,-17.05964 0,-3.091 29.27631,-12.59283 37.07776,-12.03384 2.49163,0.17853 14.28262,11.87598 16.71789,16.58527 1.73501,3.35515 1.65246,3.71518 -1.66233,7.24964 -1.9184,2.04554 -6.53603,5.68286 -10.2614,8.08294 -3.72537,2.40008 -9.65922,6.48478 -13.18633,9.07712 -7.26272,5.33792 -7.01822,5.24856 -8.68434,3.17394 z"
       id="path76" />
    <path
       style="fill:#00ff00;fill-opacity:1;stroke-width:0.930918;stroke-dashoffset:0.5"
       d="m 464.2298,346.686 c -3.73534,-2.03059 -6.97672,-9.65822 -8.4943,-19.98886 -1.87583,-12.76941 -8.23001,-26.81513 -14.98514,-33.12425 -2.26184,-2.1125 -7.7679,-5.85326 -12.2357,-8.31281 -7.25959,-3.99644 -9.08345,-4.4719 -17.15395,-4.4719 -4.96687,0 -10.77459,0.63061 -12.90604,1.40135 -3.13419,1.13334 -6.33345,0.90663 -16.72763,-1.18534 -14.90964,-3.00078 -24.86383,-3.43813 -34.37482,-1.5103 -3.72537,0.75511 -13.60975,1.90034 -21.96528,2.54494 -15.07068,1.16266 -18.53173,2.00343 -44.53719,10.81914 -5.75739,1.95173 -12.96182,4.30509 -16.00985,5.22969 -3.04803,0.92461 -7.97119,2.73393 -10.94037,4.02071 -5.45435,2.36382 -27.18505,18.19454 -31.46045,22.9188 -4.34968,4.80634 -5.68292,3.34639 -4.69206,-5.13801 1.02176,-8.74884 1.12414,-37.71696 0.26512,-75.01111 -0.32232,-13.99318 -0.16467,-25.86775 0.35034,-26.38793 1.17021,-1.18198 3.33728,1.61319 9.15267,11.80545 7.38592,12.94485 8.70275,16.22176 9.6503,24.01477 2.28627,18.80298 13.82591,27.40982 23.74608,17.71102 2.1606,-2.11239 3.92837,-4.25594 3.92837,-4.76343 0,-0.5075 3.32512,-5.22554 7.38916,-10.48453 4.06404,-5.259 7.38917,-10.13745 7.38917,-10.84102 0,-1.07964 17.68717,-18.87957 35.28501,-35.50995 2.60679,-2.46348 8.06474,-7.90183 12.12878,-12.08523 7.93772,-8.17084 15.92655,-13.27251 17.30108,-11.04848 0.91351,1.47808 -0.32423,11.18184 -1.93245,15.15009 -0.58186,1.43575 -2.57155,8.15232 -4.42154,14.92572 -1.84999,6.7734 -5.20574,15.91749 -7.45722,20.3202 -6.07686,11.88311 -5.21192,23.67185 2.32545,31.69502 2.92582,3.11439 10.08771,3.76405 13.32986,1.20916 3.14499,-2.47832 6.10113,-7.4224 6.10113,-10.20402 0,-2.67773 7.62518,-15.34295 13.39798,-22.25367 1.77519,-2.12512 5.44438,-7.56384 8.15374,-12.08604 5.52357,-9.21943 8.35574,-12.78537 18.68812,-23.53 8.3666,-8.70043 19.70922,-17.33076 24.28758,-18.47986 3.1748,-0.79683 3.20657,-0.73493 3.20657,6.24769 0,3.87887 -0.83268,11.55902 -1.85039,17.067 -1.01771,5.50799 -2.73215,14.72511 -3.80987,20.4825 -3.31797,17.72517 -3.3592,24.44612 -0.18888,30.78818 2.68165,5.3645 2.96952,5.55352 8.9943,5.90574 7.4944,0.43813 9.37461,-1.22735 11.53326,-10.21609 2.809,-11.69685 19.34613,-40.0772 31.2159,-53.57142 9.7987,-11.13974 22.44893,-23.41852 22.85912,-22.18793 0.49023,1.47066 -15.99508,33.35999 -20.0648,38.81354 -1.51639,2.03202 -3.65759,5.44319 -4.75819,7.58037 -1.10061,2.13718 -2.72686,4.63103 -3.61388,5.54187 -6.15752,6.32295 -8.29687,10.68257 -8.29687,16.9076 0,7.40806 3.26347,14.77976 7.88305,17.80662 1.84637,1.20979 3.70213,4.14788 4.59149,7.2694 0.82096,2.88143 3.94899,11.05794 6.9512,18.17 3.17873,7.5303 6.14061,17.04589 7.09165,22.78326 1.41807,8.5548 3.12109,15.74119 6.16784,26.02677 0.62205,2.09997 -0.023,3.02755 -3.2116,4.61823 -2.19449,1.09475 -5.53469,1.99046 -7.42267,1.99046 -1.88798,0 -3.7752,0.55419 -4.19382,1.23153 -0.98225,1.58932 -1.78032,1.50405 -5.65936,-0.60464 z"
       id="path80" />
    <path
       style="fill:#ffffff;fill-opacity:1;stroke-width:0.930918;stroke-dashoffset:0.5"
       d="m 203.92763,425.77017 c -9.69992,-5.88812 -16.34859,-14.57102 -14.82737,-19.36396 1.24484,-3.92212 7.02535,-8.97431 14.01235,-12.24684 l 6.15429,-2.88252 3.60674,2.94532 c 1.98371,1.61992 4.61003,3.53418 5.83628,4.2539 2.07168,1.21594 2.11044,1.8699 0.54751,9.23646 -0.92511,4.36032 -2.40493,9.31333 -3.28849,11.00668 -0.88356,1.69335 -1.60989,5.15702 -1.61406,7.69705 -0.004,2.54002 -0.42323,4.60458 -0.93123,4.5879 -0.50801,-0.0167 -4.78122,-2.37197 -9.49602,-5.23399 z"
       id="path84" />
    <path
       style="fill:#ffffff;fill-opacity:1;stroke-width:0.930918;stroke-dashoffset:0.5"
       d="m 251.9502,422.16477 c -0.98165,-5.00859 -6.60239,-16.77125 -9.55476,-19.99551 -2.7825,-3.03874 -2.74876,-3.99821 0.19601,-5.57421 4.17059,-2.23203 6.3659,-1.41521 12.29572,4.5749 7.80041,7.87973 8.1471,9.23463 4.21269,16.46345 -4.66716,8.57511 -6.17039,9.52784 -7.14966,4.53137 z"
       id="path86" />
    <path
       style="fill:#ffaaaa;fill-opacity:1;stroke-width:0.930918;stroke-dashoffset:0.5"
       d="m 406.50297,475.89201 c -0.0425,-2.898 -4.82051,-7.91171 -7.53985,-7.91171 -0.99098,0 -3.03346,0.8627 -4.53885,1.91712 -1.50539,1.05442 -2.73708,1.3567 -2.73708,0.67174 0,-2.34004 6.03307,-7.28292 10.71686,-8.78029 2.57248,-0.8224 5.20371,-1.98252 5.84718,-2.57804 1.49238,-1.38115 5.60345,-1.41345 5.60345,-0.044 0,1.59184 -4.61318,14.642 -6.04566,17.10246 -1.1641,1.9995 -1.27169,1.96842 -1.30605,-0.37726 z"
       id="path92" />
    <path
       style="fill:#ffaaaa;fill-opacity:1;stroke-width:0.930918;stroke-dashoffset:0.5"
       d="m 381.15328,485.52956 c 1.01454,-1.86269 3.50771,-5.32636 5.54037,-7.69705 4.24843,-4.95493 5.04387,-2.98881 1.86696,4.61462 -2.06051,4.93149 -3.69221,6.42118 -7.06514,6.45027 -2.01209,0.0174 -2.03943,-0.25172 -0.34219,-3.36784 z"
       id="path94" />
    <path
       style="fill:#ffffff;fill-opacity:1;stroke-width:0.930918;stroke-dashoffset:0.5"
       d="m 350.82578,421.70896 c -6.10609,-6.10609 12.77672,-36.13984 31.74698,-50.49466 3.96182,-2.99791 8.18204,-5.45075 9.37826,-5.45075 3.48008,0 8.27786,-4.53109 9.08825,-8.58307 0.61593,-3.07964 1.34398,-3.73203 4.16393,-3.73123 4.39034,10e-4 18.62889,6.71066 19.59741,9.23458 0.43184,1.12536 -1.04488,4.60716 -3.54329,8.35437 -5.32843,7.99175 -24.37936,28.59234 -26.44152,28.59234 -0.83825,0 -3.33985,-3.00286 -5.55911,-6.67303 -2.21926,-3.67017 -5.47249,-7.73162 -7.22941,-9.02545 -2.91414,-2.14604 -3.5624,-2.19677 -7.38916,-0.57822 -5.77767,2.44369 -7.92089,5.19485 -11.54251,14.8166 -2.24908,5.97528 -3.12024,10.68873 -3.12024,16.88231 v 8.59257 h -3.60662 c -1.98363,0 -4.47797,-0.87136 -5.54297,-1.93636 z"
       id="path55" />
    <path
       style="fill:#ffffff;fill-opacity:1;stroke-width:0.930918;stroke-dashoffset:0.5"
       d="m 350.82578,421.70896 c -2.47227,-2.47227 -1.70859,-6.04889 3.66234,-17.15231 7.59494,-15.70117 26.82269,-35.34266 38.25075,-39.07385 3.80326,-1.24174 5.30215,-2.65174 7.22926,-6.80053 1.92079,-4.13521 3.08422,-5.23379 5.54187,-5.23302 4.15182,10e-4 18.35691,6.8014 19.29061,9.23458 0.43184,1.12536 -1.04488,4.60716 -3.54329,8.35437 -4.85909,7.28783 -24.0661,28.3928 -26.37094,28.97681 -0.83453,0.21145 -2.46279,-1.45111 -3.61837,-3.69458 -2.94147,-5.71067 -7.86289,-11.98087 -10.5197,-13.40275 -3.12377,-1.67179 -9.90631,1.3469 -13.02644,5.79767 -4.60082,6.5629 -7.7465,17.26527 -7.7465,26.35548 v 8.57449 h -3.60662 c -1.98363,0 -4.47797,-0.87136 -5.54297,-1.93636 z"
       id="path57" />
  </g>
</svg>
