<?xml version="1.0" encoding="UTF-8" standalone="no"?>
<svg
   xmlns:dc="http://purl.org/dc/elements/1.1/"
   xmlns:cc="http://creativecommons.org/ns#"
   xmlns:rdf="http://www.w3.org/1999/02/22-rdf-syntax-ns#"
   xmlns:svg="http://www.w3.org/2000/svg"
   xmlns="http://www.w3.org/2000/svg"
   xmlns:sodipodi="http://sodipodi.sourceforge.net/DTD/sodipodi-0.dtd"
   xmlns:inkscape="http://www.inkscape.org/namespaces/inkscape"
   width="800px"
   height="1000px"
   viewBox="0 0 800 1000"
   version="1.1"
   id="SVGRoot"
   sodipodi:docname="garcon-course.svg"
   inkscape:version="1.0.1 (3bc2e813f5, 2020-09-07)">
  <sodipodi:namedview
     pagecolor="#ffffff"
     bordercolor="#666666"
     borderopacity="1"
     objecttolerance="10"
     gridtolerance="10"
     guidetolerance="10"
     inkscape:pageopacity="0"
     inkscape:pageshadow="2"
     inkscape:window-width="1920"
     inkscape:window-height="1016"
     id="namedview26"
     showgrid="false"
     inkscape:zoom="0.812"
     inkscape:cx="528.34821"
     inkscape:cy="500"
     inkscape:window-x="0"
     inkscape:window-y="0"
     inkscape:window-maximized="1"
     inkscape:current-layer="SVGRoot" />
  <defs
     id="defs1847" />
  <metadata
     id="metadata3">
    <rdf:RDF>
      <cc:Work
         rdf:about="">
        <dc:format>image/svg+xml</dc:format>
        <dc:type
           rdf:resource="http://purl.org/dc/dcmitype/StillImage" />
        <dc:title>Garçon course</dc:title>
        <cc:license
           rdf:resource="http://creativecommons.org/licenses/by/4.0/" />
        <dc:creator>
          <cc:Agent>
            <dc:title>Frédéric Wang</dc:title>
          </cc:Agent>
        </dc:creator>
      </cc:Work>
      <cc:License
         rdf:about="http://creativecommons.org/licenses/by/4.0/">
        <cc:permits
           rdf:resource="http://creativecommons.org/ns#Reproduction" />
        <cc:permits
           rdf:resource="http://creativecommons.org/ns#Distribution" />
        <cc:requires
           rdf:resource="http://creativecommons.org/ns#Notice" />
        <cc:requires
           rdf:resource="http://creativecommons.org/ns#Attribution" />
        <cc:permits
           rdf:resource="http://creativecommons.org/ns#DerivativeWorks" />
      </cc:License>
    </rdf:RDF>
  </metadata>
  <title
     id="title5">Garçon course</title>
  <g
     id="g97">
    <path
       style="fill:#000000"
       d="m 141.16545,1000.6388 c -4.82496,-2.26702 -9.26202,-6.89399 -13.06447,-13.62363 -1.55382,-2.75 -3.81316,-6.35 -5.02074,-8 -4.76675,-6.51314 -11.36834,-20.52054 -14.37445,-30.5 -3.35987,-11.1539 -3.51021,-11.72157 -7.41529,-28 -1.385375,-5.775 -3.178286,-13.2 -3.984241,-16.5 -0.805954,-3.3 -1.781457,-9.63806 -2.167783,-14.08457 l -0.702411,-8.08458 3.218287,-3.66542 c 2.658368,-3.02772 3.887628,-3.66543 7.065478,-3.66543 10.73567,0 22.16716,4.58367 34.06308,13.65823 2.96039,2.25828 6.82531,4.83537 8.58871,5.72688 3.12654,1.58066 3.28383,1.55254 6.33311,-1.1321 6.47173,-5.69779 9.81707,-9.54451 10.43231,-11.99583 0.70899,-2.82486 5.09107,-9.05827 7.77788,-11.06388 0.9628,-0.71869 1.75053,-1.93364 1.75053,-2.69989 0,-0.76625 3.77738,-4.57409 8.39419,-8.46186 4.61679,-3.88777 10.95484,-9.98532 14.08456,-13.55011 3.12971,-3.56479 6.01762,-6.48144 6.41757,-6.48144 0.6564,0 8.38144,-7.29292 27.13556,-25.61767 3.59254,-3.51028 6.78186,-6.38233 7.08739,-6.38233 0.30555,0 4.11619,-3.43356 8.46812,-7.63013 27.22571,-26.25378 42.56907,-41.88689 51.6131,-52.58778 5.66474,-6.7025 13.33702,-15.44693 17.04951,-19.43205 3.7125,-3.98513 6.75,-7.97878 6.75,-8.87479 0,-0.896 -1.35,-2.9791 -3,-4.6291 -1.64999,-1.65 -3.00988,-3.75288 -3.02195,-4.67307 -0.0121,-0.9202 -0.88599,-3.57644 -1.94201,-5.90276 -1.37684,-3.03304 -2.06889,-7.41824 -2.44615,-15.5 -0.5258,-11.26418 -2.62868,-26.16954 -4.6233,-32.77032 -0.5817,-1.925 -1.37465,-8.45 -1.76211,-14.5 -0.63865,-9.9722 -0.89135,-11.0244 -2.70448,-11.26115 -2.19195,-0.28621 -7.24977,4.14571 -14.5,12.70564 -2.475,2.92209 -5.85,5.89149 -7.5,6.59868 -1.64999,0.70718 -8.78809,6.94926 -15.86241,13.8713 -7.07434,6.92204 -13.22979,12.58553 -13.67881,12.58553 -0.44901,0 -2.48636,1.575 -4.52746,3.5 -2.04109,1.925 -4.25339,3.5 -4.91621,3.5 -0.66282,0 -2.01962,0.9 -3.01511,2 -0.99548,1.1 -2.30572,2 -2.91164,2 -0.60591,0 -3.34867,2.03464 -6.09501,4.52141 -2.74634,2.48678 -7.3842,5.91102 -10.30635,7.60944 -2.92215,1.69841 -6.07215,3.87272 -7,4.8318 -0.92785,0.95909 -4.162,3.3625 -7.187,5.34094 -3.025,1.97843 -7.42844,4.96948 -9.78542,6.64678 -2.35698,1.6773 -4.5245,3.04963 -4.81672,3.04963 -0.94582,0 -7.8587,5.44647 -9.20856,7.25519 -3.37778,4.52593 -10.89611,5.98202 -16.34322,3.16522 -2.65015,-1.37045 -3.65233,-1.40355 -7.56909,-0.25 -2.85003,0.83938 -4.80331,2.08823 -5.29785,3.38722 -0.47302,1.24247 -2.50587,2.61241 -5.13125,3.45798 -6.21409,2.0014 -15.49722,5.73357 -21.61246,8.68902 -6.89468,3.33215 -12.11876,3.82688 -25.060205,2.37326 -18.975531,-2.13139 -23.51922,-3.05305 -32.749351,-6.643 -8.066586,-3.13739 -9.610239,-4.16248 -13.902423,-9.23208 -12.351331,-14.58845 -13.719671,-28.35501 -4.691766,-47.20281 1.712388,-3.575 4.023802,-8.06429 5.136474,-9.97619 2.369519,-4.07154 2.272273,-4.52597 -3.56852,-16.67574 -7.223677,-15.02638 -5.873073,-18.36675 9.600366,-23.74402 5.225,-1.81577 10.175,-3.57243 11,-3.90369 0.825,-0.33126 2.625,-0.73686 4,-0.90132 2.330271,-0.27874 2.533946,-0.75502 3,-7.01538 0.599766,-8.05646 2.044867,-9.85493 8.709842,-10.83963 2.634587,-0.38924 8.378218,-1.24881 12.763624,-1.91017 12.780499,-1.9274 25.780039,-0.29103 34.155159,4.29943 7.47259,4.09576 10.39124,6.95649 14.27449,13.9912 2.36443,4.2833 4.09688,8.75727 4.09688,10.58 0,3.93513 1.92188,4.77983 6.1154,2.68783 1.75553,-0.87578 3.77423,-1.59232 4.48597,-1.59232 0.71175,0 5.04337,-1.35665 9.62582,-3.01477 l 8.33171,-3.01477 7.47055,-10.19897 c 10.86838,-14.83778 16.97055,-25.94723 16.97055,-30.89614 0,-3.57183 15.63095,-32.24698 22.10708,-40.55571 2.64946,-3.3992 5.79625,-8.26318 6.99285,-10.80884 2.48758,-5.29208 9.4404,-12.6442 14.76975,-15.61798 1.99668,-1.11414 5.43032,-3.11183 7.63032,-4.43929 2.2,-1.32747 4.5625,-2.69571 5.25,-3.04054 2.54461,-1.27631 0.95801,-4.12563 -7.04621,-12.65407 l -8.20379,-8.74109 -17,1.0811 c -26.75268,-0.76905 -69.70097,5.58343 -91.5,-2.24175 -5.69273,-2.11599 -12.63511,-7.59085 -15.92637,-12.55975 -3.60638,-5.44464 -3.76923,-6.2921 -1.07362,-5.58718 2.74238,0.71715 2.52225,-1.26938 -0.42458,-3.83162 -1.33352,-1.15948 -2.18778,-2.72525 -1.89835,-3.47949 0.32021,-0.83444 -0.48142,-1.75445 -2.04749,-2.34987 -1.47267,-0.55991 -2.8448,-2.05856 -3.20736,-3.50312 -0.34849,-1.38852 -2.16106,-3.86568 -4.02793,-5.50481 -2.49971,-2.19478 -3.39429,-3.80418 -3.39429,-6.1065 0,-1.71944 -0.77748,-4.44242 -1.72773,-6.05107 -1.41503,-2.39545 -1.50553,-3.28063 -0.5,-4.89072 1.75249,-2.80619 1.52295,-3.99305 -0.77227,-3.99305 -3.141622,0 -2.716217,-4.60343 0.5,-5.41064 3.16386,-0.79408 3.35929,-4.66769 0.47423,-9.39976 -1.47768,-2.42367 -2.51384,-3.15311 -3.868319,-2.72322 -1.673962,0.5313 -6.993603,-2.31765 -14.888229,-7.97343 -8.513074,-6.09884 -13.389095,-24.97928 -9.724957,-37.656 0.741306,-2.56468 1.122244,-4.88864 0.846529,-5.16436 -1.711112,-1.71111 4.830893,-8.41919 10.04144,-10.29636 1.883971,-0.67872 3.84638,-2.49212 4.955231,-4.57896 l 1.83593,-3.4552 -2.676782,-3.92104 c -2.112929,-3.09508 -2.583426,-4.76361 -2.233594,-7.92103 0.742472,-6.70119 7.710785,-19.93699 13.161871,-25 0.59215,-0.55 2.25262,-2.575 3.68992,-4.5 1.4373,-1.925 6.46699,-7.325 11.1771,-12 4.71011,-4.675 8.85877,-9.69105 9.21923,-11.14677 0.48099,-1.94244 -0.0425,-3.7014 -1.96724,-6.60985 -1.90587,-2.87996 -3.15828,-7.04076 -4.5825,-15.22416 -1.07793,-6.19359 -1.95986,-12.58624 -1.95986,-14.20589 0,-1.61965 -0.48991,-3.8602 -1.08867,-4.97901 -0.79782,-1.49074 -0.74488,-3.76384 0.19817,-8.50831 -3.20076,-25.92875 -4.77686,-22.05642 17.85167,-29.19624 2.2438,-0.67225 4.6287,-2.10147 5.29977,-3.17603 0.67107,-1.07456 2.12439,-1.95542 3.22959,-1.95748 2.10842,-0.004 5.34478,-1.87592 12.00945,-6.94658 2.2,-1.67382 6.11907,-4.09934 8.70904,-5.39005 2.58997,-1.29072 5.45047,-2.96208 6.35665,-3.71415 0.90619,-0.75207 2.4611,-1.83497 3.45537,-2.40644 8.75867,-5.03423 13.71416,-8.04618 14.97894,-9.10423 0.825,-0.69015 4.2,-2.71734 7.5,-4.50487 3.3,-1.78752 7.27203,-4.30302 8.82673,-5.58999 1.55469,-1.28697 3.4209,-2.33995 4.14713,-2.33995 0.72623,0 5.7542,-2.22576 11.17328,-4.94613 10.54005,-5.2911 14.5647,-6.80273 26.35286,-9.89795 4.125,-1.08311 8.72597,-2.44575 10.22437,-3.02811 3.76485,-1.4632 14.93769,-1.64663 17.47829,-0.28695 3.01461,1.61337 10.32826,10.11173 11.91662,13.84695 0.74559,1.7533 1.09092,4.51123 0.76741,6.12872 -0.37957,1.8979 -0.12257,3.22867 0.72467,3.75229 1.69057,1.04483 8.09833,0.62149 9.33668,-0.61685 0.52357,-0.52358 1.84546,-0.95197 2.93752,-0.95197 1.09204,0 2.97928,-0.93356 4.19384,-2.07459 1.21457,-1.14102 3.71857,-2.23463 5.56445,-2.43025 1.84589,-0.19561 7.40616,-1.56298 12.35616,-3.03859 4.95,-1.47561 11.475,-3.28944 14.5,-4.03074 18.36288,-4.49999 18.17513,-4.52459 23.96223,3.14037 4.18782,5.54673 6.03776,9.87581 6.03776,14.12906 0,3.03816 -6.3609,8.95492 -10.74068,9.99071 -4.56254,1.07902 -5.23977,2.95874 -1.58787,4.40728 1.5557,0.61707 3.60994,1.52353 4.56498,2.01435 0.95504,0.49082 2.41754,0.8924 3.25,0.8924 1.93761,0 1.93967,1.71676 0.004,3.65205 -2.37418,2.37419 -0.57931,3.77972 1.87834,1.47088 1.18698,-1.11511 3.77426,-2.70273 5.7495,-3.52803 3.31293,-1.38408 9.88173,-7.65263 9.88173,-9.4297 0,-0.42086 -0.5325,-1.2977 -1.18333,-1.94853 -1.63471,-1.63471 -0.2077,-2.78608 1.59686,-1.28843 1.50827,1.25175 8.76395,-0.3427 16.2376,-3.56825 1.73313,-0.74799 3.7864,-1.35999 4.56285,-1.35999 0.77644,0 3.74374,-1.125 6.59396,-2.5 2.85024,-1.375 5.52196,-2.50277 5.93716,-2.50616 0.41519,-0.003 1.90471,-0.60621 3.31004,-1.3396 1.40533,-0.7334 4.61102,-2.03395 7.12374,-2.89012 4.2146,-1.43606 4.87088,-1.42133 8.4701,0.19009 2.56761,1.14955 5.17498,3.59577 7.62627,7.15493 5.30333,7.7002 4.8518,12.68719 -1.81707,20.06883 -3.5164,3.89224 -4.46931,6.83125 -2.20818,6.81063 0.6875,-0.006 5.75,-1.40359 11.25,-3.10514 11.88498,-3.6769 16.47018,-4.80206 22.5,-5.5213 2.475,-0.29521 4.95,-0.90572 5.5,-1.35667 1.09269,-0.89593 5.34895,-1.3928 9.90484,-1.15629 3.76888,0.19566 9.59754,6.25005 11.95185,12.41472 2.64475,6.92517 1.16835,11.08803 -5.84694,16.48608 -3.03781,2.3375 -5.93572,4.25 -6.4398,4.25 -0.50407,0 -2.19019,1.0125 -3.74693,2.25 -1.55674,1.2375 -3.90239,2.85448 -5.21255,3.5933 -1.31017,0.73881 -5.74015,3.88881 -9.84442,7 -4.10427,3.11118 -9.55564,7.15297 -12.11418,8.98175 -2.55853,1.82878 -6.00187,4.60857 -7.65187,6.1773 -1.65,1.56874 -7.05,5.52634 -12,8.79466 -13.24478,11.07055 -35.68317,17.95987 -21.57434,33.03235 6.89844,7.34051 8.6411,8.62459 14.67878,10.81615 6.66476,2.41918 12.87296,6.65483 18.80226,12.82816 3.73745,3.89126 11.45125,20.21084 12.22648,25.86672 0.58762,4.28719 -0.87127,16.22642 -2.71269,22.19998 -0.51547,1.67221 -1.58397,5.94721 -2.37443,9.5 -2.66693,11.98675 -4.17958,17.44838 -5.5207,19.93321 -2.37812,4.4062 -11.19921,12.96918 -18.44965,17.90979 -12.466,8.4946 -14.94996,9.44883 -25.83276,9.92389 -6.94095,0.30299 -10.19698,0.0608 -11.28126,-0.83905 -1.25698,-1.04321 -1.77612,-0.93216 -2.96114,0.63341 -0.79032,1.04411 -1.45125,2.47881 -1.46875,3.18822 -0.0546,2.21286 -4.04927,9.27963 -5.57698,9.86587 -0.80015,0.30705 -1.4627,1.07262 -1.47233,1.70128 -0.0219,1.42693 -9.44244,11.64301 -10.7364,11.64301 -0.5222,0 -2.32013,1.2375 -3.9954,2.75 -6.75081,6.09492 -21.48244,15.25 -24.53908,15.25 -0.84972,0 -1.69494,0.36476 -1.87828,0.81058 -0.18333,0.44581 -3.25833,2.54945 -6.83333,4.67475 -3.575,2.12529 -7.55736,4.5003 -8.84968,5.27779 -2.52143,1.51694 -2.50994,2.53328 0.10787,9.54077 2.50014,6.69252 3.13771,6.87995 12.70945,3.7363 7.6948,-2.52722 8.54003,-3.0604 9.26079,-5.84193 0.72236,-2.78764 7.96002,-10.19826 9.96024,-10.19826 0.45576,0 2.69228,-1.35 4.97004,-3 2.27776,-1.65 4.55387,-3 5.05806,-3 0.50418,0 2.39163,-1.125 4.19435,-2.5 1.80272,-1.375 3.64272,-2.5 4.08888,-2.5 0.44617,0 2.28618,-1.125 4.08889,-2.5 1.80273,-1.375 3.65323,-2.5 4.11226,-2.5 0.45902,0 2.40154,-1.06313 4.31673,-2.36252 4.36892,-2.96417 24.20216,-11.67087 33.48212,-14.69849 3.85001,-1.25608 9.25,-3.07307 12,-4.03777 2.75,-0.96469 8.375,-2.69657 12.5,-3.84862 4.125,-1.15205 8.86987,-2.53081 10.54415,-3.06391 1.67429,-0.5331 11.34929,-1.67879 21.5,-2.54599 10.15072,-0.86719 22.75253,-2.16447 28.00403,-2.88285 5.25149,-0.71838 10.65149,-1.19566 11.99999,-1.06062 1.34851,0.13504 3.24938,0.30295 4.22418,0.37315 0.97479,0.0702 3.67478,1.84055 6,3.93414 2.32521,2.09359 6.47766,5.43513 9.22765,7.42564 9.28095,6.71778 14.71989,13.45122 21.21785,26.26784 9.39361,18.52802 10.49272,21.3363 14.48109,37 0.56017,2.2 1.99235,4.90299 3.18262,6.00664 5.69681,5.28225 6.70242,9.30284 4.50726,18.02063 -0.92873,3.68831 -0.81308,5.24194 0.70433,9.4617 0.99853,2.77683 2.84856,5.72566 4.11118,6.55296 1.26262,0.82729 2.29567,2.3038 2.29567,3.28112 0,0.97732 0.423,2.20445 0.94,2.72695 0.51702,0.5225 1.07952,3.2 1.25,5.95 0.39244,6.32977 2.40312,6.86713 9.09929,2.43178 6.49629,-4.30296 10.16395,-3.60057 16.63711,3.18614 4.08838,4.28642 5.14491,4.90229 7.42728,4.32945 1.73087,-0.43442 3.516,-0.10755 5.10744,0.9352 1.8645,1.22166 3.06778,1.36684 5.05782,0.61023 7.6053,-2.89153 16.79299,0.19058 23.19268,7.78024 4.49843,5.33488 5.57147,9.73618 5.41894,22.22696 -0.11944,9.78193 1.51324,22.90325 3.41671,27.45889 0.83073,1.98821 1.4107,5.28581 1.28881,7.32802 -0.25824,4.32681 -3.79724,11.24029 -6.47705,12.65296 -1.02246,0.53899 -3.0358,1.7541 -4.4741,2.70024 -1.4383,0.94614 -4.8133,2.16577 -7.5,2.71028 -2.6867,0.54451 -6.73446,1.67702 -8.995,2.51669 -9.64055,3.58093 -24.62807,6.80782 -29.2355,6.29455 -8.36856,-0.93227 -10.93194,-1.81996 -13.75035,-4.76175 -1.52804,-1.59493 -3.12793,-2.89988 -3.55531,-2.89988 -0.42737,0 -5.97853,2.51991 -12.3359,5.5998 -12.20513,5.91289 -18.25712,7.32358 -31.51287,7.34552 -7.57639,0.0125 -12.67087,-2.00323 -18.2653,-7.22715 -2.07091,-1.93376 -4.44236,-3.77575 -5.26989,-4.0933 -4.32947,-1.66137 -13.56927,-9.08187 -17.15807,-13.77967 -9.57553,-12.53453 -12.4692,-22.29277 -12.21713,-41.19946 0.14051,-10.53878 -0.15585,-13.87315 -1.4566,-16.38854 -3.02083,-5.84163 -1.89657,-8.2029 5.51812,-11.58955 2.00812,-0.91721 4.98322,-1.66765 6.61133,-1.66765 2.68916,0 2.91241,-0.25179 2.4383,-2.75 -0.28704,-1.5125 -1.3375,-3.875 -2.33434,-5.25 -0.99685,-1.375 -2.94967,-5.54797 -4.3396,-9.27326 -2.73444,-7.32887 -4.51666,-10.30442 -11.71462,-19.55857 -2.57829,-3.31482 -5.34555,-7.29621 -6.14947,-8.84755 -0.80392,-1.55134 -2.84719,-4.05293 -4.5406,-5.55909 -2.99089,-2.66016 -3.3584,-2.72712 -12.85054,-2.34116 -6.23618,0.25357 -11.21881,1.02045 -13.77159,2.11962 -5.247,2.25923 -15.19417,6.06254 -24.40611,9.3317 -4.07336,1.44557 -7.84313,3.3319 -8.37727,4.19184 -0.94846,1.52701 -0.10751,3.6816 8.7571,22.43647 1.29981,2.75 3.27511,7.925 4.38956,11.5 4.74974,15.23647 7.23694,22.91752 9.55238,29.5 1.35428,3.85 2.92446,9.7 3.48931,13 2.08261,12.16719 5.25021,26.02717 6.15924,26.95 0.51468,0.5225 0.93579,1.9299 0.93579,3.12756 0,1.19765 0.675,2.73775 1.5,3.42244 0.825,0.68469 1.5,2.28265 1.5,3.55102 0,1.26837 0.75589,3.06201 1.67976,3.98588 0.92387,0.92387 2.38637,3.09351 3.25,4.82143 0.96144,1.9236 3.22799,3.93784 5.84595,5.19516 6.23113,2.99262 8.00049,5.21389 10.34253,12.98414 3.29174,10.92109 3.3146,11.7409 0.476,17.07319 -1.42683,2.6803 -2.59424,5.37597 -2.59424,5.99039 0,0.61442 -1.50432,4.443 -3.34293,8.50796 -1.83861,4.06496 -3.91261,10.09083 -4.6089,13.39083 -0.69628,3.3 -2.79355,10.45198 -4.66059,15.89329 -3.69257,10.76162 -3.47139,12.56616 1.4516,11.84362 4.11716,-0.60427 10.74134,3.11458 13.94847,7.83073 3.14468,4.62433 11.59164,15.31403 17.56695,22.23112 5.93691,6.87264 23.72872,24.68921 26.44008,26.47687 2.14358,1.41332 2.50511,1.32236 5.49041,-1.38134 1.75765,-1.59186 3.35004,-3.23179 3.53865,-3.64429 0.18861,-0.4125 0.77464,-0.75 1.30229,-0.75 0.52765,0 3.30265,-1.71236 6.16667,-3.80524 2.86401,-2.09288 7.2323,-4.74245 9.7073,-5.88794 2.475,-1.14548 8.775,-4.12343 14,-6.61766 15.56141,-7.42846 30.11098,-13.75358 36.5,-15.86762 6.08416,-2.01316 8.30665,-2.97152 23.5,-10.13345 13.51815,-6.37227 14.34898,-6.83131 17.28476,-9.55002 1.71701,-1.59006 5.16784,-3.12161 9,-3.9944 6.67598,-1.52047 7.11537,-1.54452 19.21524,-1.05133 7.25096,0.29555 8.70223,0.0171 15.5,-2.9739 11.62534,-5.11511 14.08882,-6.41076 17.81265,-9.36844 1.9043,-1.5125 4.15841,-2.75 5.00913,-2.75 0.85072,0 3.56061,-0.97488 6.02196,-2.1664 3.39377,-1.6429 6.67191,-2.22872 13.56573,-2.42428 10.8855,-0.3088 19.06936,2.05359 24.75206,7.14504 2.01384,1.80432 4.64295,3.80582 5.84247,4.44778 6.28691,3.36465 10.03467,23.34879 6.53421,34.8422 -3.2488,10.6671 -3.5382,11.80188 -3.5382,13.87403 0,1.14201 -1.29502,4.71006 -2.87782,7.92901 -1.58281,3.21894 -4.75648,9.67762 -7.05259,14.35262 -7.81882,15.91948 -10.60411,20.76662 -13.82753,24.06361 -1.77152,1.81195 -3.50771,4.22639 -3.85822,5.36542 -0.3505,1.13903 -1.23437,2.74597 -1.96415,3.57097 -4.17908,4.72439 -5.12693,6.05682 -7.20178,10.12383 -1.29987,2.54795 -6.67983,8.68727 -12.5,14.26433 -13.61595,13.04721 -12.71113,12.3113 -18.82894,15.31389 -2.96394,1.45468 -6.81287,3.86918 -8.5532,5.36555 -4.24368,3.64882 -9.54727,5.27773 -14.67851,4.50825 -6.31021,-0.94627 -14.12155,-8.8443 -15.15392,-15.32209 -1.00155,-6.28433 -1.01544,-12.88858 -0.0368,-17.50376 1.07477,-5.06863 -0.44712,-4.87565 -5.91463,0.75 -2.40542,2.475 -4.77878,4.5 -5.27413,4.5 -0.49535,0 -1.98182,1.0125 -3.30326,2.25 -1.32144,1.2375 -3.15523,2.7 -4.07509,3.25 -0.91985,0.55 -4.98603,2.97704 -9.03594,5.39342 -4.04991,2.41637 -9.16347,5.6184 -11.36347,7.1156 -2.2,1.49721 -4.9326,3.01263 -6.07244,3.36762 -1.13984,0.35498 -6.31484,2.90199 -11.5,5.66002 -5.18516,2.75803 -14.37756,7.40908 -20.42756,10.33567 -6.05,2.92659 -15.38366,8.31505 -20.74147,11.97437 -5.3578,3.65931 -9.99936,6.6533 -10.31456,6.6533 -0.3152,0 -1.62541,1.25061 -2.91158,2.77913 -1.28616,1.52852 -3.4952,3.39819 -4.90898,4.15482 -1.41377,0.75663 -3.04088,2.80096 -3.61579,4.54296 -0.57491,1.742 -2.53546,4.6116 -4.35677,6.37688 -2.74752,2.663 -4.18236,3.24679 -8.42508,3.42791 -4.61922,0.19719 -5.46796,-0.12008 -8.77872,-3.2817 -3.6634,-3.49836 -6.42133,-7.20688 -11.81396,-15.88592 -1.5768,-2.53774 -4.0518,-6.03656 -5.5,-7.77515 -1.4482,-1.73859 -3.75809,-4.74736 -5.13309,-6.68617 -1.375,-1.9388 -3.55025,-4.01138 -4.8339,-4.60572 -2.30802,-1.06864 -5.6247,-3.72483 -19.59515,-15.69299 -3.9458,-3.38027 -12.55096,-12.11124 -19.12257,-19.40216 -6.57163,-7.29092 -15.2109,-16.4241 -19.19841,-20.29597 -3.9875,-3.87187 -7.25,-7.55866 -7.25,-8.19286 0,-1.68038 -3.37337,-4.46306 -5.41043,-4.46306 -0.96414,0 -3.6287,-1.49855 -5.92127,-3.3301 -2.29257,-1.83156 -5.80766,-4.07983 -7.81133,-4.99616 -2.00367,-0.91633 -5.08551,-3.30894 -6.84852,-5.3169 l -3.20549,-3.65085 -9.15148,9.53753 c -5.03331,5.24563 -10.05148,9.86304 -11.15148,10.26089 -1.1,0.39786 -5.82499,4.8147 -10.5,9.81521 -12.89465,13.79248 -28.90089,28.4909 -34.58812,31.76204 -2.79847,1.6096 -8.64847,6.19155 -13,10.18211 -4.35154,3.99056 -9.96308,8.89813 -12.47012,10.90572 -2.50703,2.00758 -5.65704,4.84246 -7,6.29971 -4.6268,5.02057 -11.20658,9.5308 -13.90405,9.5308 -13.3266,0 -27.29335,13.38786 -28.75652,27.56461 -0.54461,5.27676 -0.58029,5.32334 -14.25461,18.6127 -16.46319,15.99971 -29.77629,28.36867 -32.57764,30.2673 -3.64797,2.47243 -9.16928,2.96865 -12.04753,1.08274 -3.3975,-2.22612 -6.48638,-1.3757 -10.849,2.98692 -1.91715,1.91715 -3.96187,3.48573 -4.54382,3.48573 -0.58194,0 -1.49019,1.13653 -2.01832,2.52563 -0.52814,1.38909 -1.642,2.78723 -2.47525,3.10698 -0.83326,0.31975 -1.51501,1.10376 -1.51501,1.74224 0,0.63849 -1.14122,2.84034 -2.53605,4.89302 -2.15032,3.16448 -3.09114,3.73213 -6.18555,3.73213 -2.22137,0 -4.45736,0.75364 -5.71395,1.92587 -3.14577,2.93456 -6.57727,3.30606 -11.06446,1.19776 z m 13.07052,-44.12363 c 4.83797,-3.85 9.1552,-7 9.59385,-7 0.43864,0 1.0565,-1.03183 1.37302,-2.29297 0.38647,-1.5398 -0.52259,-4.24604 -2.76758,-8.23899 -2.86151,-5.08951 -3.84197,-6.03065 -6.80644,-6.53349 -1.90485,-0.3231 -5.7876,-1.77875 -8.62833,-3.23476 -4.32285,-2.21568 -5.58339,-3.53177 -7.73131,-8.0721 -2.75392,-5.82131 -10.62722,-13.62769 -13.74451,-13.62769 -1.29319,0 -1.85921,0.72694 -1.85921,2.38775 0,1.91128 5.06424,22.80365 8.63229,35.61225 0.85816,3.0806 3.14594,6.83241 5.83483,9.56872 1.11808,1.13779 2.79944,3.50029 3.73636,5.25 0.93692,1.7497 2.12361,3.18128 2.6371,3.18128 0.5135,0 4.89196,-3.15 9.72993,-7 z m 41.53869,-19.78732 c 2.41493,-2.08303 6.86579,-5.71738 9.89079,-8.07633 3.02501,-2.35895 19.74158,-18.42966 37.14796,-35.71268 17.40637,-17.28302 32.20944,-31.42367 32.8957,-31.42367 0.68626,0 3.54468,-2.21858 6.35205,-4.93017 9.61587,-9.28783 16.29794,-15.06983 17.41574,-15.06983 0.615,0 1.59985,-0.9 2.18855,-2 0.58871,-1.1 1.48409,-2 1.98974,-2 0.50565,0 2.17732,-1.13523 3.71481,-2.52273 4.66219,-4.20734 6.2663,-5.47727 6.91863,-5.47727 0.75374,0 29.38905,-28.77923 38.10188,-38.29339 3.95399,-4.31765 6.60503,-8.21875 7.27438,-10.70453 1.37847,-5.11922 5.08353,-9.41432 9.74685,-11.29904 2.06454,-0.83441 5.0754,-2.90894 6.69081,-4.61007 1.6154,-1.70113 3.41966,-3.09297 4.00945,-3.09297 4.76141,-3.88057 22.40254,-13.39742 22.55345,-16.10736 0,-2.64597 8.15441,-8.89326 11.60299,-8.88936 2.31752,0.003 4.36573,-1.54763 10.23941,-7.75 9.28456,-9.80412 11.38118,-13.82697 17.07025,-32.75328 1.15727,-3.85 2.61134,-8.65404 3.23127,-10.67565 0.61991,-2.0216 0.8716,-4.34155 0.55928,-5.15542 -0.61408,-1.60028 -2.4912,-1.12775 -11.2032,2.82024 -2.19999,0.99697 -5.57499,2.15128 -7.5,2.56513 -1.925,0.41386 -5.975,1.72531 -9,2.91434 -7.96296,3.12998 -14.18903,5.00814 -16.64301,5.02054 -1.17865,0.006 -2.39251,0.66099 -2.69743,1.45565 -0.30494,0.79465 -2.26559,1.75333 -4.35699,2.13039 -2.09141,0.37706 -4.25256,1.00706 -4.80257,1.4 -1.03597,0.74014 -7.41075,2.4498 -13.49966,3.62049 -1.9248,0.37008 -5.2998,1.48472 -7.5,2.47699 -2.20017,0.99227 -6.11178,2.37239 -8.69243,3.06693 -5.52155,1.48604 -6.09674,2.80364 -5.15541,11.80977 l 0.64205,6.14284 -7.39727,7.23972 c -9.40192,9.20167 -32.61214,33.27341 -35.89728,37.22972 -1.375,1.65592 -5.34142,6.14446 -8.81426,9.97454 -3.47285,3.83008 -6.68035,7.41378 -7.12779,7.96378 -1.55347,1.90958 -23.72254,23.05583 -34.59617,33 -19.74593,18.05809 -57.12062,55.91859 -59.56632,60.34057 -7.84005,14.17533 -10.46146,17.78694 -15.50877,21.36701 -6.09711,4.32469 -12.38669,10.59798 -12.38669,12.3546 0,0.76944 1.503,3.77022 3.33997,6.6684 1.83699,2.89818 5.02572,8.30692 7.08607,12.01942 2.43469,4.38701 4.36682,6.75 5.51924,6.75 0.97524,0 3.749,-1.7043 6.16393,-3.78732 z m 322.66067,-53.48537 c 2.05156,-1.24998 5.08012,-2.91934 6.73012,-3.70969 1.65,-0.79036 5.04042,-2.88471 7.53426,-4.65412 2.49384,-1.7694 5.73788,-3.51919 7.20898,-3.88841 1.4711,-0.36923 3.15757,-1.25311 3.74771,-1.96419 0.59015,-0.71108 4.9961,-3.18354 9.79102,-5.49437 4.79492,-2.31082 9.84303,-4.84793 11.21803,-5.63802 1.375,-0.79009 5.4509,-2.96052 9.05756,-4.82318 3.60666,-1.86266 7.14926,-4.0996 7.87244,-4.97099 0.72319,-0.87139 2.00233,-1.58434 2.84253,-1.58434 2.00188,0 12.22747,-5.1881 12.22747,-6.20379 0,-0.43228 1.9125,-1.68888 4.25,-2.79245 2.3375,-1.10357 5.56406,-3.05957 7.17014,-4.34666 2.46631,-1.97647 2.89446,-2.99565 2.75489,-6.55773 -0.22032,-5.62265 5.31769,-16.09937 8.51015,-16.09937 0.71998,0 2.99785,-1.51849 5.06194,-3.37441 2.06408,-1.85593 6.90288,-4.811 10.75288,-6.56682 7.86956,-3.58897 15.14104,-6.95751 17.73643,-8.21647 0.95505,-0.46327 2.2696,-0.8423 2.92126,-0.8423 2.1942,0 4.84231,-3.28902 4.84231,-6.01426 0,-1.58385 -1.44609,-4.52343 -3.49029,-7.09501 -1.91967,-2.4149 -3.49467,-4.73717 -3.5,-5.1606 -0.005,-0.42343 -1.17368,-2.61373 -2.59632,-4.86734 l -2.58663,-4.09747 -5.16337,0.67901 c -2.83987,0.37345 -5.59088,1.10126 -6.11338,1.61734 -0.52251,0.51608 -1.57352,0.93833 -2.33557,0.93833 -0.76206,0 -4.15957,1.29095 -7.55,2.86877 -3.39044,1.57782 -7.73943,3.4161 -9.66443,4.08505 -13.5702,4.7158 -20.47093,7.38658 -23.26932,9.0059 -1.77687,1.02822 -5.14318,2.42914 -7.48068,3.11317 -2.3375,0.68403 -4.25,1.62246 -4.25,2.0854 0,0.46294 -0.71803,0.84171 -1.59563,0.84171 -0.87761,0 -2.8509,0.89383 -4.38513,1.9863 -1.53422,1.09246 -4.91933,2.89925 -7.52247,4.01508 -6.01855,2.57985 -20.25023,12.02219 -23.65246,15.69277 -1.4304,1.54322 -4.00554,4.30297 -5.72253,6.13277 -1.71698,1.82981 -3.12179,3.7638 -3.12179,4.29775 0,2.07906 -5.36821,5.87533 -8.30817,5.87533 -4.19747,0 -10.34393,-3.86058 -15.89358,-9.98274 l -4.70175,-5.18678 c -18.22179,1.00633 -14.20531,-13.49196 -28.80783,-29.83048 -6.62237,-7.425 -14.30499,-15.54355 -17.07248,-18.04123 -4.27853,-3.86139 -5.356,-5.60859 -7.19745,-11.6712 -1.26894,-4.17766 -2.84355,-7.39011 -3.8028,-7.7582 -1.17788,-0.452 -3.82243,1.74506 -9.42752,7.83229 -7.4077,8.04489 -19.49411,18.84438 -27.91547,24.94313 -4.87772,3.53245 -4.92734,5.95607 -0.20537,10.03054 7.38097,6.36886 46.96335,46.38347 51.33242,51.89296 2.475,3.12103 4.98406,5.69645 5.57569,5.72316 0.59162,0.0267 2.16662,1.22656 3.5,2.66635 1.33337,1.43979 5.79931,5.22097 9.92431,8.40262 7.59651,5.85926 26,24.09687 26,25.76564 0,0.70547 3.04427,2.7135 4.76987,3.14626 0.14843,0.0372 1.94843,-0.95503 4.00001,-2.20501 z m 184.62903,-73.67377 c 2.1444,-3.05445 4.9569,-6.54455 6.25,-7.75579 1.2931,-1.21124 2.35109,-2.66871 2.35109,-3.23883 0,-0.57012 1.98079,-3.64115 4.40176,-6.82452 5.02333,-6.60525 9.72081,-15.44558 12.08036,-22.7344 0.89024,-2.75 2.02631,-5.9 2.5246,-7 0.49829,-1.1 1.40206,-5.45873 2.00838,-9.68606 0.92974,-6.48235 0.86157,-8.15175 -0.43532,-10.65965 -0.84573,-1.63548 -2.09268,-3.15859 -2.771,-3.3847 -1.85225,-0.61741 -5.80878,0.33258 -5.80878,1.39474 0,0.51214 -1.17736,2.02231 -2.61636,3.35592 -2.3392,2.1679 -3.22155,2.36151 -8.32951,1.82762 l -5.71315,-0.59714 -6.92049,6.00295 c -8.81791,7.64881 -11.79796,10.97457 -13.33493,14.88187 -1.38826,3.52927 -0.99186,16.92722 0.8053,27.21791 0.61026,3.49441 1.29371,11.81941 1.51878,18.5 0.22506,6.6806 0.44997,12.31635 0.49979,12.5239 0.25955,1.08139 10.11764,-9.02102 13.48948,-13.82382 z M 109.54257,716.3919 c 2.40742,-1.0322 4.9104,-1.87673 5.56217,-1.87673 0.65178,0 3.04784,-0.9 5.32458,-2 2.27674,-1.1 4.55617,-2 5.06539,-2 0.50922,0 1.44105,-0.62077 2.07073,-1.37949 0.62967,-0.75871 2.37227,-1.62944 3.87244,-1.93494 1.50016,-0.30551 4.62268,-2.38474 6.93893,-4.62052 2.31625,-2.23578 4.58326,-4.06505 5.03778,-4.06505 0.45452,0 2.35975,-1.28009 4.23383,-2.84464 l 3.40741,-2.84464 -1.69519,-4.43879 c -0.93235,-2.44134 -1.69372,-5.32375 -1.69192,-6.40536 0.006,-3.71952 -4.47359,-19.46657 -5.5379,-19.46657 -0.58596,0 -1.62411,0.55874 -2.30701,1.24164 -2.80871,2.80871 -4.02723,-3.57183 -2.04539,-10.71036 1.03898,-3.74237 0.94726,-4.08456 -1.60815,-6 -5.45364,-4.08782 -7.88074,-7.21818 -8.93096,-11.51873 -1.024,-4.19312 -1.30595,-4.45637 -6.07385,-5.67101 -5.66519,-1.44323 -12.40443,-0.75419 -13.21221,1.35085 -0.29745,0.77516 0.36347,2.39898 1.46872,3.60849 3.18497,3.48544 5.24349,8.29439 5.24349,12.24946 0,4.60844 -5.31793,10.44966 -9.5135,10.44966 -2.53218,0 -2.66872,0.21717 -2.04337,3.25 1.97078,9.55784 1.89995,10.17726 -1.54944,13.54967 -2.076045,2.02972 -5.402676,3.80084 -9.073658,4.83086 -4.587683,1.28724 -7.019906,2.80916 -11.667501,7.30071 -3.229378,3.12096 -6.68525,7.45068 -7.679717,9.62161 -0.994466,2.17093 -2.38625,4.63391 -3.092853,5.47327 -2.018901,2.39824 -2.819711,9.36793 -1.225514,10.66603 0.740051,0.60259 4.249141,1.25588 7.797978,1.45174 l 6.45243,0.35611 0.637993,-3.08729 c 0.906068,-4.38453 1.680556,-5.2978 3.982267,-4.69589 2.497245,0.65304 5.97488,4.92841 5.97488,7.34546 0,0.98591 1.161981,2.70657 2.582181,3.8237 2.931728,2.3061 6.128514,2.06342 13.294934,-1.00925 z m 73.58865,-28.17472 c 2.21883,-1.20088 5.42671,-3.2001 7.12863,-4.44271 1.70192,-1.24262 3.50192,-2.26931 4,-2.28154 0.49808,-0.0122 2.0306,-0.93468 3.4056,-2.04988 1.375,-1.11521 4.16016,-3.11859 6.18925,-4.45196 2.02908,-1.33337 4.72908,-3.36256 6,-4.50932 7.69504,-6.94329 30.33616,-24.9666 31.36338,-24.9666 0.43461,0 2.6686,-1.9125 4.96441,-4.25 2.29582,-2.3375 8.63118,-7.93167 14.07859,-12.43149 5.4474,-4.49982 11.44312,-9.77491 13.32381,-11.72242 3.27131,-3.38754 6.03347,-9.20446 6.0655,-12.77351 0.008,-0.92258 1.1248,-2.55034 2.48116,-3.61724 1.35635,-1.06691 2.23318,-2.17272 1.94855,-2.45737 -0.70896,-0.70896 6.73084,-6.74797 8.3132,-6.74797 1.09785,0 1.7661,-2.21955 1.02215,-3.39501 -0.13749,-0.21726 0.60724,-1.34226 1.65499,-2.5 2.26011,-2.49739 4.85123,-2.70611 6.65238,-0.53588 0.99829,1.20288 2.37677,1.42132 5.90611,0.93591 5.54669,-0.76286 8.43364,1.08414 12.47591,7.98177 2.87973,4.91388 2.76191,4.01874 5.06922,38.51321 0.86603,12.94722 2.22819,24.88133 3.42421,30 5.7002,24.39554 5.29332,23.73942 13.72583,22.13327 3.21274,-0.61194 9.66635,-2.30573 14.34135,-3.76397 4.675,-1.45825 11.50418,-3.45911 15.17595,-4.44636 3.67177,-0.98725 8.03693,-2.49878 9.70034,-3.35897 1.66342,-0.86018 3.59145,-1.56397 4.28452,-1.56397 0.69306,0 4.20291,-1.42376 7.79966,-3.16391 3.59674,-1.74015 7.31182,-3.53447 8.25574,-3.98737 2.08529,-1.00055 9.11198,-2.84664 13.49875,-3.54647 1.76823,-0.28208 3.73583,-1.14049 4.37244,-1.90757 0.63662,-0.76707 1.72503,-1.39468 2.41868,-1.39468 1.82998,0 8.33312,-7.51113 9.08016,-10.48759 0.7066,-2.81531 0.58893,-3.53721 -3.01748,-18.51241 -1.39077,-5.775 -2.96903,-13.425 -3.50726,-17 -1.66688,-11.07186 -3.81516,-19.28513 -6.45029,-24.66073 -3.56764,-7.27787 -6.61121,-16.70925 -6.61121,-20.48673 0,-3.31188 -1.56454,-9.21591 -3.14087,-11.85254 -0.49322,-0.825 -1.4608,-2.625 -2.15016,-4 -0.68935,-1.375 -2.13073,-4.075 -3.20307,-6 -1.07233,-1.925 -2.41234,-4.75521 -2.9778,-6.28935 -1.12485,-3.05184 -10.48712,-14.5641 -11.91765,-14.65446 -0.48926,-0.0309 -5.88926,-2.60382 -12,-5.7176 -10.46647,-5.33326 -11.61505,-5.688 -19.81608,-6.1202 -4.78809,-0.25233 -10.74845,-0.15244 -13.24524,0.22197 -5.29331,0.79378 -10.03509,4.36874 -11.01789,8.30669 -1.48426,5.94722 -6.55958,8.02268 -11.3734,4.65095 -3.03407,-2.12515 -3.50487,-1.40049 -2.21126,3.4036 1.17346,4.35792 0.35486,7.87341 -2.35755,10.12451 -1.30309,1.08147 -2.72298,1.12226 -7.27095,0.2089 -7.125,-1.4309 -13.76452,-1.43587 -24.29884,-0.0182 -10.99022,1.47905 -17.26046,4.43308 -24.51924,11.55148 -9.30238,9.12247 -32.14526,45.71158 -34.00654,54.47075 -0.3928,1.84851 -2.91452,8.12286 -5.60382,13.94299 -2.68929,5.82017 -4.88964,11.26292 -4.88964,12.09504 0,0.83213 -0.9,2.32744 -2,3.32293 -1.09999,0.99549 -2,2.23065 -2,2.74481 0,0.51415 -3.17624,4.45245 -7.0583,8.75178 -8.14925,9.02515 -15.93823,13.63766 -27.9417,16.54663 -9.49773,2.30172 -10.77145,3.35387 -9.3178,7.69694 0.6001,1.79291 2.09957,7.08484 3.33216,11.75984 1.23258,4.675 2.39252,9.05747 2.57767,9.73881 0.38716,1.4248 3.26637,0.53927 9.87374,-3.0368 z m 432.03423,-62.11563 c 2.2,-0.76206 8.17228,-2.65383 13.27173,-4.20394 6.28107,-1.90929 10.10066,-3.68358 11.84159,-5.50073 2.44609,-2.55315 2.51791,-2.94003 1.4911,-8.03203 -0.96537,-4.78741 -1.78283,-13.33631 -2.01994,-21.12443 -0.0614,-2.01706 -0.78503,-3.0411 -2.64995,-3.75014 -3.33233,-1.26695 -5.29697,-0.2018 -13.2067,7.16013 -3.44969,3.21078 -7.36329,6.11164 -8.69689,6.44635 -4.042,1.01448 -9.30751,-1.43338 -13.26349,-6.166 -2.03004,-2.42858 -4.03964,-4.41559 -4.46579,-4.41559 -0.98337,0 -3.80166,6.67174 -3.80166,8.99968 0,0.96549 0.59928,2.25279 1.33173,2.86067 0.73245,0.60788 2.17172,3.57645 3.19838,6.59683 l 1.86666,5.49159 -2.19839,2.34007 c -1.20911,1.28703 -2.19838,3.11301 -2.19838,4.05773 0,2.68974 2.88603,9.01488 4.78259,10.4817 1.9573,1.51381 8.30941,0.9778 14.71741,-1.24189 z m -49.82476,-2.06162 c 2.74851,-2.74851 3.32267,-3.95095 2.74563,-5.75 -1.23327,-3.84488 -2.23352,-8.77476 -1.78038,-8.77476 0.23643,0 1.56215,0.74189 2.94604,1.64865 3.55909,2.33201 5.09134,0.56288 3.00568,-3.47034 -1.9542,-3.779 -3.04693,-4.48615 -5.65381,-3.65876 -1.50579,0.47792 -1.76892,0.97973 -0.99973,1.90656 1.32636,1.59816 0.36108,2.57389 -2.54632,2.57389 -1.25087,0 -2.52782,0.41018 -2.83766,0.9115 -0.33012,0.53416 -1.79195,0.44776 -3.53109,-0.2087 -2.54954,-0.96234 -3.38875,-0.80895 -5.95519,1.0885 -1.64308,1.21479 -3.64944,2.2087 -4.45858,2.2087 -0.80913,0 -3.1048,1.0125 -5.10149,2.25 -11.51296,7.13546 -11.12443,9.39116 1.34818,7.82722 8.77359,-1.10011 11.50246,-0.57341 14.54847,2.80802 2.63748,2.92792 4.24655,2.66322 8.27025,-1.36048 z m -45.47524,-6.72476 c -1.68061,1.33216 -1.53358,-5.2355 -0.0432,-9.35719 1.00856,-2.78911 0.86351,-3.67381 -1.13155,-6.90189 -2.33423,-3.77686 -2.39309,-6.36537 -0.3932,-17.29092 0.6378,-3.48433 0.0495,-3.83983 -3.88124,-2.34537 -2.33443,0.88755 -2.37628,1.12819 -2.21741,12.75 0.2251,16.46707 1.01138,20.09672 4.86207,22.44482 3.57434,2.17958 15.19259,-9.11901 13.29171,-7.61226 z m 23.48807,-74.39887 c 2.85345,-1.32062 5.85642,-2.40113 6.67328,-2.40113 0.81686,0 2.8349,-1.1357 4.48454,-2.52378 l 2.99934,-2.52378 -2.0264,-6.72622 c -2.17317,-7.21339 -2.77596,-9.59271 -5.37759,-21.22622 -0.92248,-4.125 -2.29914,-9.42823 -3.05924,-11.78495 -0.7601,-2.35672 -1.382,-5.88725 -1.382,-7.84563 0,-1.95837 -0.7875,-4.75708 -1.75,-6.21934 -2.66545,-4.04944 -3.73705,-5.95578 -8.3981,-14.93987 -3.62617,-6.98939 -5.08918,-8.78037 -9.32637,-11.41707 -2.76404,-1.72 -6.47663,-4.73959 -8.2502,-6.71021 -2.37977,-2.64415 -3.44709,-3.24927 -4.07349,-2.3095 -0.46685,0.70038 -1.94075,1.48029 -3.27532,1.73313 -1.33459,0.25284 -3.55152,0.68261 -4.92652,0.95504 -1.375,0.27244 -9.475,0.73703 -18,1.03242 -15.11252,0.52366 -32.52935,2.6654 -35.84863,4.40829 -0.90826,0.4769 -5.25136,1.83668 -9.65137,3.02173 -8.09359,2.17984 -20.78741,6.93762 -25.65429,9.6155 -1.45985,0.80325 -3.18382,1.46046 -3.83102,1.46046 -2.86217,0 -24.18574,11.71825 -30.22774,16.61148 -1.49218,1.20847 -3.2394,2.37267 -3.8827,2.5871 -2.28068,0.76023 0.21335,4.82362 3.91853,6.38425 2.84008,1.19624 4.47402,1.31729 7.17722,0.53173 1.925,-0.55941 6.875,-1.23812 11,-1.50824 6.71929,-0.44 18.31481,-3.7479 37.5,-10.69777 5.48468,-1.98684 18.7617,-4.76243 26.04638,-5.44506 11.779,-1.10379 18.43806,2.90023 30.82803,18.53651 4.14022,5.225 9.17764,11.525 11.19428,14 2.01664,2.475 5.40223,7.3125 7.52355,10.75 3.29267,5.33564 4.27981,6.25 6.74749,6.25 5.19734,0 11.16027,6.61742 11.16027,12.38524 0,1.36651 0.45035,3.66907 1.00078,5.1168 1.13914,2.99618 2.03397,2.90401 10.68729,-1.10091 z M 311.23385,511.19753 c 0.56415,-1.47017 -4.18923,-14.28367 -8.37817,-22.58471 -3.81533,-7.56067 -4.7694,-7.96524 -12.51513,-5.30698 -3.54071,1.21513 -8.0111,2.20933 -9.93424,2.20933 -4.86104,0 -10.74775,2.61782 -10.71154,4.76342 0.0385,2.28049 4.24309,6.77422 11.00907,11.76612 9.22256,6.80434 10.90173,7.60206 18.80985,8.93598 10.26274,1.73108 11.13291,1.74718 11.72016,0.21684 z m -119.9323,-42.12716 c 3.43096,-0.86112 4.09796,-4.48554 1.23119,-6.69019 -1.30201,-1.0013 -3.32469,-1.83054 -4.49485,-1.84277 -1.17015,-0.0122 -2.6873,-0.6967 -3.37144,-1.52104 -1.83648,-2.21282 4.7266,-9.78549 11.4891,-13.25646 5.48429,-2.81492 27.5099,-20.78048 27.5099,-22.43893 0,-0.99474 5.8532,-8.83062 7.5,-10.0405 0.55001,-0.40408 3.1146,-0.74158 5.69911,-0.75 4.14532,-0.0135 4.98514,0.3677 7.12623,3.23469 4.72451,6.32627 5.61123,13.19906 2.33562,18.10295 -5.25761,7.87115 -19.84719,21.28788 -29.52016,27.14705 -2.68709,1.62764 -8.1408,6.7628 -8.1408,7.6653 0,1.08 16.01416,0.94833 22.5,-0.185 2.75,-0.48053 8.375,-1.59395 12.5,-2.47427 4.125,-0.88031 10.2,-2.03179 13.5,-2.55883 3.3,-0.52704 6.675,-1.2412 7.5,-1.58701 1.41586,-0.59349 6.77701,-1.78049 13.5,-2.98899 1.65,-0.2966 4.41801,-1.17645 6.15114,-1.95524 1.73312,-0.77878 3.50653,-1.41596 3.94092,-1.41596 1.77666,0 26.02988,-9.43456 27.53853,-10.71255 1.54725,-1.31069 3.54901,-2.46213 13.74765,-7.90786 2.40803,-1.28581 5.8655,-3.47222 7.68328,-4.85871 1.81778,-1.38648 3.67257,-2.52488 4.12177,-2.52977 0.93272,-0.0101 11.19442,-8.34153 16.09997,-13.07143 2.75288,-2.6543 3.24566,-3.8029 3.0505,-7.11037 -0.15132,-2.56453 0.27439,-4.26552 1.21675,-4.86168 2.06794,-1.30825 2.67017,-1.17999 4.1428,0.88229 1.9063,2.6696 6.02631,5.11107 9.37949,5.55819 1.60996,0.21467 4.65403,1.13764 6.76459,2.05103 2.91567,1.26183 4.16765,1.38661 5.21245,0.51951 2.152,-1.78601 -1.85654,-6.4286 -6.89205,-7.9822 -2.28678,-0.70554 -4.89396,-2.10035 -5.79374,-3.09957 -0.89977,-0.99923 -3.58447,-2.12835 -5.966,-2.50917 -2.38152,-0.38083 -4.79534,-1.09603 -5.36404,-1.58935 -0.5687,-0.49333 -2.50061,-1.76616 -4.29314,-2.82852 -3.33426,-1.97608 -7.23042,-7.30419 -7.23712,-9.89695 -0.005,-1.81947 12.60025,-14.03632 17.68879,-17.14416 2.09411,-1.27898 4.33656,-3.01916 4.98322,-3.86708 0.64667,-0.84791 1.99667,-1.58752 3,-1.64359 4.45942,-0.2492 5.06785,-0.53991 6.16373,-2.94511 0.63829,-1.40088 1.16052,-3.37698 1.16052,-4.39133 0,-1.89415 -8.72758,-11.35937 -11.43049,-12.39657 -0.83045,-0.31868 -1.78591,-1.83618 -2.12323,-3.37223 -1.09293,-4.97676 -1.35602,-5.32477 -4.5009,-5.95374 -1.89102,-0.37821 -3.42098,-1.4598 -3.91943,-2.77082 -0.44968,-1.18275 -1.53948,-2.74956 -2.42177,-3.4818 -0.88231,-0.73224 -1.60419,-1.88554 -1.60419,-2.56288 0,-0.67734 -1.125,-2.44543 -2.5,-3.92908 -1.375,-1.48365 -2.5,-3.28867 -2.5,-4.01116 0,-0.72249 -0.89999,-2.45779 -2,-3.85621 -1.1,-1.39842 -2,-3.84617 -2,-5.43944 0,-1.91619 -1.18484,-4.1904 -3.5,-6.71797 -1.925,-2.10161 -3.5,-4.33701 -3.5,-4.96757 0,-0.63055 -1.27141,-2.71149 -2.82535,-4.62431 -1.55394,-1.91281 -3.08845,-4.19664 -3.41003,-5.07518 -0.32158,-0.87854 -3.21267,-2.63826 -6.42466,-3.91048 -3.21198,-1.27223 -6.67135,-3.02539 -7.6875,-3.89592 -1.01615,-0.87053 -2.88778,-1.44647 -4.15917,-1.27986 -1.2714,0.16661 -5.64883,-0.84892 -9.72764,-2.25674 -4.0788,-1.40781 -8.58218,-2.55966 -10.0075,-2.55966 -1.42531,0 -2.74148,-0.35948 -2.92482,-0.79885 -0.18333,-0.43936 -3.70833,-2.23081 -7.83333,-3.98099 -11.87488,-5.03834 -25.65762,-6.74497 -29.12566,-3.60644 -1.46567,1.32641 -2.35196,1.41543 -4.97796,0.5 -4.69772,-1.63763 -9.84423,-1.41319 -10.5633,0.46067 -0.41575,1.08343 -1.34149,1.38933 -2.96861,0.98095 -2.88976,-0.72529 -7.5549,0.3275 -6.80781,1.53632 0.29855,0.48307 3.10794,0.90888 6.24309,0.94624 3.13514,0.0374 7.05026,0.092 8.70025,0.12149 5.7462,0.10259 19.01453,-0.9096 21.10092,-1.60971 1.33792,-0.44894 2.64519,-0.16072 3.59951,0.7936 0.82421,0.82422 3.30756,1.98569 5.51854,2.58104 6.43886,1.73381 15.19656,9.64063 15.25173,13.76992 0.0161,1.20683 -0.99486,3.3849 -2.24662,4.84016 -1.97766,2.29916 -3.45204,2.77997 -11.25,3.66871 -4.93574,0.56253 -9.64907,1.58018 -10.47408,2.26145 -0.82499,0.68127 -5.77499,3.73341 -11,6.78253 -5.61573,3.27715 -12.24803,8.24425 -16.22107,12.14839 -3.69659,3.63248 -7.08707,6.60452 -7.53439,6.60452 -0.44732,0 -1.60074,1.33301 -2.56315,2.96224 -1.53948,2.60612 -2.05635,2.84569 -4.29952,1.99284 -1.40233,-0.53316 -2.89166,-0.75804 -3.30962,-0.49973 -1.28958,0.79701 -7.70074,-1.37529 -10.45652,-3.54298 -3.11198,-2.44789 -3.2762,-4.71009 -0.70424,-9.70221 1.80212,-3.49789 11.06097,-13.21016 12.59343,-13.21016 0.38898,0 1.62621,-1.16827 2.74938,-2.59616 3.74231,-4.75758 16.63032,-14.14902 21.31518,-15.53229 2.52066,-0.74427 6.0112,-2.57655 7.75677,-4.07174 l 3.17375,-2.71853 -4.11901,-0.0406 c -6.79656,-0.0671 -28.02436,3.84288 -32.88099,6.05634 -4.13173,1.88307 -26.00488,4.72144 -37.23564,4.83187 -7.40413,0.0728 -16.26436,1.8588 -16.26436,3.27851 0,0.43593 -0.43586,0.7926 -0.96861,0.7926 -0.53273,0 -3.65254,1.84186 -6.93292,4.09302 -7.67393,5.26625 -7.40545,6.58695 1.71278,8.42523 5.09959,1.0281 20.2239,8.32203 24.54268,11.83607 6.31544,5.13866 13.68655,12.82326 15.30826,15.95931 1.56156,3.01974 1.19494,8.21632 -0.84917,12.03575 -0.84036,1.57022 -1.83722,1.80667 -5.95061,1.41142 -6.42285,-0.61715 -11.77902,-4.80328 -13.89015,-10.85587 -1.32995,-3.81297 -1.97726,-4.45401 -5,-4.95155 -1.90974,-0.31435 -6.62226,-1.74332 -10.47226,-3.1755 -3.85,-1.43218 -8.8,-2.90247 -11,-3.26731 -2.2,-0.36485 -7.36252,-1.75398 -11.47226,-3.08697 -11.21558,-3.63773 -11.7743,-3.50462 -19.06822,4.54316 -10.86089,11.98341 -12.66189,17.43114 -4.91778,14.87544 1.90204,-0.62771 4.35826,-1.47639 5.45826,-1.88597 10.47798,-3.90136 12.59505,-4.36191 20,-4.35076 14.12083,0.0213 21.90139,5.84302 28.61224,21.40899 2.54304,5.89863 3.81241,10.14961 3.45544,11.57188 -0.31979,1.27419 -0.0673,2.41379 0.58288,2.63051 1.77697,0.59233 2.26991,6.46085 1.53574,18.28315 l -0.1863,3 h 5.82813 c 5.31796,0 6.08388,0.28587 8.75,3.26578 3.44954,3.85554 3.62243,6.38286 0.90781,13.26992 -1.10774,2.81036 -1.7745,5.49739 -1.48168,5.97118 0.29282,0.47379 2.02036,0.61997 3.83899,0.32485 2.81756,-0.45723 3.70222,-0.0664 5.98168,2.64256 1.47129,1.74854 2.68939,3.93213 2.70688,4.85244 0.0175,0.9203 0.6925,2.54678 1.5,3.6144 1.908,2.52259 1.86991,6.54034 -0.0885,9.33636 -1.94608,2.77842 -3.20605,2.79402 -6.09973,0.0756 l -2.28534,-2.14696 0.42274,2.1951 c 0.25058,1.30119 -0.37213,2.98998 -1.52912,4.14697 -1.64768,1.64762 -3.35946,1.9518 -10.98397,1.9518 -11.56821,0 -19.35329,-3.0146 -16.12417,-6.24372 1.66171,-1.66171 -2.41906,-6.75628 -5.41181,-6.75628 -2.20149,0 -2.43191,-0.4103 -2.43191,-4.33052 0,-2.6188 0.9739,-6.25422 2.46388,-9.19731 2.85908,-5.6474 4.01058,-10.0609 2.81733,-10.79837 -0.45973,-0.28413 -3.27772,1.02303 -6.2622,2.9048 -2.98449,1.88177 -6.18654,3.4214 -7.11568,3.4214 -0.92915,0 -1.94316,0.6614 -2.25336,1.46978 -0.3102,0.80838 -4.29585,3.26181 -8.85699,5.45206 -4.56113,2.19026 -9.84291,5.12886 -11.73725,6.53022 -1.89435,1.40137 -4.03796,2.54794 -4.76358,2.54794 -0.72561,0 -2.10067,0.44981 -3.05571,0.99957 -0.95504,0.54976 -3.02432,1.45778 -4.5984,2.01782 -2.36663,0.84201 -2.73905,1.4046 -2.15173,3.25043 0.39064,1.2277 1.35265,5.08584 2.13779,8.57364 2.70787,12.02905 9.3779,24.96415 14.65622,28.42264 1.31644,0.86256 5.23235,2.40431 8.70202,3.42611 5.32236,1.5674 9.28747,1.82397 25.36582,1.64132 10.48154,-0.11907 20.06111,-0.46842 21.28794,-0.77633 z m 40.57098,-67.95827 c -3.857,-3.60777 -4.94526,-5.42686 -6.02502,-10.07116 -2.14768,-9.2377 -0.14199,-34.52577 2.73838,-34.52577 0.37279,0 1.27353,-1.6875 2.00165,-3.75 0.72813,-2.0625 1.91229,-4.4259 2.63145,-5.25201 0.71916,-0.8261 2.69404,-4.59219 4.38862,-8.36908 2.05588,-4.58217 4.65767,-8.3212 7.81944,-11.23733 2.60612,-2.40364 5.07201,-4.37505 5.47975,-4.38091 0.40774,-0.006 2.80471,-1.58567 5.32659,-3.51067 2.5219,-1.925 5.17068,-3.5 5.88621,-3.5 0.71553,0 1.91856,-0.74471 2.67341,-1.6549 0.75484,-0.9102 2.87087,-2.28125 4.70228,-3.04678 1.83142,-0.76554 5.88142,-3.08864 9,-5.16245 3.11859,-2.07381 7.69516,-4.58163 10.17016,-5.57293 2.47501,-0.9913 5.51081,-2.27363 6.74624,-2.84962 1.23541,-0.57598 7.08542,-1.06835 13,-1.09415 9.90911,-0.0432 11.18247,0.17585 16.21177,2.78921 8.33083,4.32891 27.04199,24.51658 27.04199,29.17587 0,2.06974 1.97511,5.72839 3.61636,6.69886 2.1968,1.29897 3.52759,8.32234 2.79831,14.76833 -0.37294,3.29632 -1.02987,6.21074 -1.45983,6.47648 -0.42998,0.26574 -1.7106,2.39317 -2.8458,4.72762 -2.26063,4.64877 -14.5772,15.93648 -20.99858,19.24446 -20.30795,10.46166 -25.95846,12.37509 -47.14369,15.96423 -8.50671,1.44119 -18.96341,3.27631 -23.23707,4.07805 -4.27368,0.80175 -9.22367,1.47203 -11,1.48952 -1.77634,0.0175 -4.1032,0.6925 -5.17082,1.5 -1.06762,0.80751 -3.6744,1.4682 -5.79285,1.4682 -3.17303,0 -4.68111,-0.77582 -8.55895,-4.40307 z m 52.79952,-30.65898 c 1.92138,-0.58413 5.5184,-1.65969 7.9934,-2.39013 11.53679,-3.40485 21.23512,-7.65573 26.61474,-11.66554 6.74209,-5.02535 8.29367,-6.72285 11.48532,-12.56544 l 2.30254,-4.21498 -3.93212,-5.70927 c -5.1093,-7.41847 -10.15292,-9.85799 -18.8929,-9.13821 -4.90339,0.40382 -8.74879,1.81578 -19.90387,7.30833 -15.64746,7.70453 -22.28375,12.85466 -21.36932,16.58382 2.81312,11.47221 4.98133,19.21877 5.90673,21.10347 0.98494,2.00597 4.62032,2.26129 9.79548,0.68795 z m 118.61496,18.83577 c 6.41046,-3.3426 8.04803,-4.48304 11.91067,-8.2947 8.39794,-8.28712 10.15917,-12.63835 6.46777,-15.97902 -1.1,-0.99549 -2,-2.86523 -2,-4.15499 0,-4.41986 -1.89015,-2.34908 -2.1952,2.40499 -0.28084,4.37679 -0.52561,4.77532 -3.11526,5.07226 -1.54576,0.17724 -3.45242,-0.21051 -4.23702,-0.86167 -2.4365,-2.02212 -5.99251,-0.30708 -7.83496,3.77874 -1.55695,3.45269 -6.89361,8.25678 -9.17943,8.26337 -0.51597,10e-4 -2.95511,1.74199 -5.42031,3.86777 -3.85003,3.31993 -4.29791,4.08711 -3.17553,5.43949 2.39029,2.88013 13.61363,3.15729 18.77927,0.46376 z M 145.39683,378.76517 c 2.46997,-1.5125 6.12836,-4.17803 8.12974,-5.92341 3.28255,-2.86265 3.62166,-3.62727 3.46299,-7.80824 -0.22037,-5.80706 -1.61525,-7.51835 -6.12828,-7.51835 -3.49794,0 -17.79886,4.4595 -19.63066,6.12149 -0.56822,0.51554 -0.11644,2.52086 1.15198,5.11334 1.14774,2.34584 2.40884,5.84017 2.80243,7.76517 0.39359,1.925 0.91425,3.8375 1.15703,4.25 0.89204,1.51563 4.67991,0.67898 9.05477,-2 z M 429.06538,346.9154 c 2.83079,-8.98032 3.07228,-15.4287 0.68908,-18.40023 -1.71445,-2.13769 -2.26473,-2.31675 -3.79702,-1.23558 -8.09232,5.7099 -10.08812,6.20871 -16.39276,4.09706 -3.51673,-1.17789 -7.89923,-4.55315 -7.89923,-6.08376 0,-0.48051 -1.15016,-1.86457 -2.5559,-3.07569 -1.78923,-1.5415 -3.06408,-4.30176 -4.25,-9.20203 l -1.6941,-7 -9.62581,0.35543 c -6.31374,0.23314 -9.8609,-0.0249 -10.30902,-0.75 -0.37577,-0.60799 -1.58696,-1.10543 -2.69156,-1.10543 -1.62309,0 -1.87437,0.43165 -1.3098,2.25 0.38423,1.2375 1.47587,3.375 2.42589,4.75 3.47716,5.03265 6.1276,14.03497 5.45421,18.52546 -0.75818,5.05589 0.0835,5.80726 5.24204,4.6798 2.09773,-0.45848 5.38905,-0.44115 7.31405,0.0385 1.925,0.47965 5.525,1.25547 8,1.72404 2.475,0.46857 7.875,1.98207 12,3.36333 6.37163,2.13354 8.16904,3.27548 11.94694,7.59012 2.44582,2.79331 4.72614,5.07875 5.06738,5.07875 0.34124,0 1.41476,-2.5199 2.38561,-5.59977 z m -68.96772,-63.65023 c 0.54485,-5.71972 1.19898,-7.77768 3.09906,-9.75 1.32465,-1.375 3.734,-4.09112 5.35413,-6.03582 1.62013,-1.9447 4.22119,-4.19457 5.78015,-4.99972 7.86095,-4.05993 17.65111,-9.96888 24.83445,-14.98908 17.31993,-12.10431 19.04121,-13.3726 20.21821,-14.8973 1.5987,-2.071 1.60503,-4.07808 0.0129,-4.07808 -1.05529,0 -7.88884,2.60772 -18.23106,6.95707 -1.10001,0.4626 -3.575,1.40064 -5.5,2.08453 -1.92501,0.6839 -5.525,2.12783 -8,3.20875 -2.47501,1.08092 -5.85001,2.55535 -7.5,3.27651 -4.34823,1.90048 -8.71052,2.43084 -10.79931,1.31296 -1.40526,-0.75208 -1.74989,-1.92857 -1.51065,-5.15709 0.30559,-4.12377 0.26061,-4.18704 -3.19004,-4.4887 -4.46405,-0.39024 -6,-2.45109 -6,-8.05041 0,-4.14529 0.44097,-4.9083 6,-10.38177 5.1209,-5.04213 7.44214,-8.76185 5.46769,-8.76185 -1.03537,0 -17.07459,6.1898 -24.80203,9.57152 -4.30885,1.88566 -8.35886,3.43288 -9,3.43825 -0.64114,0.005 -3.64071,1.18396 -6.66571,2.61908 -8.90141,4.22301 -14.21314,4.9843 -10.77283,1.54398 0.96263,-0.96263 0.4776,-0.96012 -2.25,0.0117 -2.38434,0.84947 -2.92716,1.35248 -1.72717,1.60049 0.9625,0.19893 1.75,0.66832 1.75,1.0431 0,0.92807 -18.2303,9.47054 -24.84132,11.64029 -5.08706,1.6696 -5.52595,1.66978 -9.22036,0.004 -4.80078,-2.16502 -6.17384,-3.75614 -8.17392,-9.47235 -2.87967,-8.23006 -2.98478,-9.90437 -0.7964,-12.68645 1.1176,-1.4208 2.032,-3.18175 2.032,-3.91322 0,-1.63443 3.12428,-3.40033 6.01597,-3.40033 1.1811,0 4.06952,-1.575 6.41874,-3.5 2.37705,-1.94782 5.39087,-3.5 6.79584,-3.5 1.38851,0 3.04327,-0.625 3.67724,-1.3889 0.63398,-0.76389 3.05158,-1.89011 5.37245,-2.50271 3.71037,-0.97936 9.71976,-5.03544 9.71976,-6.56042 0,-1.51897 -7.41115,-0.30386 -10.0511,1.64794 -1.64088,1.21314 -4.64367,2.26711 -6.70952,2.35501 -4.73462,0.20146 -8.06515,1.56276 -14.86341,6.07519 -5.05831,3.35752 -5.77861,3.55403 -10.75047,2.93284 l -5.32889,-0.6658 -3.85379,5.05342 c -2.11959,2.77939 -4.1259,5.05343 -4.45846,5.05343 -0.33258,0 -1.97839,1.34306 -3.65737,2.98458 -1.67899,1.64151 -7.95191,5.51583 -13.93984,8.6096 -5.98793,3.09376 -14.82679,7.88287 -19.64191,10.64246 -7.86913,4.50988 -9.17159,4.9508 -12.87524,4.35856 -2.26626,-0.36239 -4.96619,-1.1115 -5.99985,-1.6647 -2.5733,-1.37719 -7.53322,-11.50096 -8.37068,-17.08554 -0.91091,-6.07435 0.26483,-8.06349 11.97781,-20.26433 5.23749,-5.45566 9.52272,-10.34194 9.52272,-10.85841 0,-1.39907 -5.1383,0.0866 -8,2.31313 -1.375,1.06981 -4.525,3.1647 -7,4.65531 -2.47499,1.49061 -6.83045,4.41052 -9.67876,6.48869 -2.84832,2.07817 -6.99468,4.725 -9.21412,5.88184 -2.21944,1.15684 -5.7104,3.63763 -7.75769,5.51287 -2.04728,1.87524 -4.59351,3.68602 -5.65827,4.02396 -2.24876,0.71373 -13.25286,9.19455 -19.49648,15.02588 -4.78928,4.47301 -9.11555,12.36799 -9.1634,16.72219 -0.0172,1.56535 0.60445,5.16535 1.38144,8 0.777,2.83465 1.67311,6.34177 1.99137,7.79361 1.08973,4.97111 3.03391,4.60403 15.09592,-2.85021 4.56963,-2.824 8.31495,-4.13342 13.74973,-4.80712 4.60084,-0.57033 6.27185,-0.37064 8.36277,0.99939 2.8771,1.88514 2.28937,1.94117 20.3875,-1.94333 6.875,-1.47562 14.527,-3.00557 17.00444,-3.3999 2.47744,-0.39433 5.01304,-1.0313 5.63466,-1.41548 1.0821,-0.66878 7.2946,-1.74623 21.36089,-3.7047 11.10723,-1.54647 22.75046,-1.82214 43.5,-1.02992 18.48469,0.70575 20.37883,0.9525 25,3.25687 2.75,1.37129 8.55023,3.55098 12.88939,4.84375 8.98825,2.67788 17.99661,8.1061 21.86147,13.1732 1.45038,1.90153 4.07791,6.33293 5.83898,9.84754 5.64913,11.27416 6.40849,11.4438 7.34237,1.64021 z m 9.56779,-3.21862 c 0,-0.89459 -0.58629,-1.24363 -1.5,-0.89301 -0.82499,0.31659 -1.5,0.97746 -1.5,1.46862 0,0.49115 0.67501,0.89301 1.5,0.89301 0.825,0 1.5,-0.66088 1.5,-1.46862 z m -17.98478,-80.35964 c -0.6664,-0.22214 -1.95495,0.35534 -2.86342,1.28329 -1.54627,1.57938 -1.46885,1.60519 1.21163,0.40388 1.57488,-0.70581 2.31819,-1.46504 1.65179,-1.68717 z"
       id="path42"
       sodipodi:nodetypes="ssssssscsssssssssssssssssssssssssssssssssssssssssssssssssssssssssssssscsssssssscccssssssssssssssssssscssssssssssccscssscssssssssssssssssssssssscscsssssscssssscssssssssssssccsssssssssssssssssssssssssssssssssssssssssssssssssssssssssssssssssssssssssssssssssssssssssssssssssssssssssssssssssssssssssssssssssssssssssssssssssssssssssssssssssssssscsssssssssssssssssssssssssssssssssssssssssssssssssscccssssssssssssssscssssssssssssssssssssssssssssssssscscssssssssssssssssccssssssssssssssssssssssssscssssssssssssssscscsssssssssssssssssscssssssssssssssscsssssssssssssssssssssssssssssssssssssssssssssssssssssssssssssssscsssssssssssssssssssssssssssssssscssssssssssssssssssssssssssssssssssssssssssssssssssssssssssssssssssssssssscsssssssssssssssssssssssssssssssscssssssssssssssssssscsssssssssssssssssssssssscsssssssssscssssssssssssssssssssssssssssscssssssssssssssssssssssssscsssssssssssssscssssssssssssssssssscssssssssssssssssssssssssssssssscsssssscssssssssssssscsssssssssssssssssssssssssssssssssssssssssss" />
    <path
       style="fill:#ff0000;fill-opacity:1;stroke-width:0.930918;stroke-dashoffset:0.5"
       d="m 143.18524,466.89683 c -8.30135,-2.86779 -10.61857,-5.05474 -15.18581,-14.33213 -4.34263,-8.82113 -8.89335,-25.34227 -7.39359,-26.84203 0.56652,-0.56652 2.90054,-1.6925 5.1867,-2.50215 3.87766,-1.3733 16.62363,-8.1043 25.09262,-13.25111 7.70169,-4.68051 18.12966,-9.8611 18.70043,-9.29033 0.32673,0.32673 -0.56802,3.22109 -1.98832,6.43193 -1.42031,3.21082 -2.90881,7.87927 -3.30778,10.37431 -0.67408,4.21548 -0.40943,4.72286 3.74051,7.17139 3.72725,2.19913 4.34131,3.13146 3.71253,5.6367 -1.06157,4.22962 2.55176,5.82512 14.94281,6.59818 9.61062,0.59958 10.32734,0.46723 13.23943,-2.44485 1.98497,-1.98498 3.65502,-2.72261 4.70081,-2.07628 0.98283,0.60741 2.48244,0.22383 3.80534,-0.97339 5.75717,-5.21016 -1.55838,-22.53007 -9.5162,-22.53007 -1.69335,0 -3.07282,-0.13855 -3.06549,-0.30789 0.007,-0.16933 0.81611,-2.95358 1.79729,-6.18721 1.95135,-6.431 1.56049,-8.71397 -2.20881,-12.90146 -1.84308,-2.04756 -3.86042,-2.77093 -7.72763,-2.77093 h -5.23342 l -0.4918,-9.54434 c -0.9356,-18.15716 -8.48259,-36.03264 -18.06819,-42.79556 -4.61275,-3.25444 -6.43451,-3.74017 -15.29169,-4.07723 -8.25536,-0.31415 -11.6918,0.18181 -19.19937,2.77094 -12.03952,4.15206 -12.97301,4.12493 -10.67946,-0.31029 2.59973,-5.02733 12.74281,-15.97698 15.65683,-16.90185 2.38168,-0.75592 14.28328,2.15951 36.55278,8.954 9.24467,2.82058 10.43506,3.54218 12.49211,7.57257 3.12636,6.1255 5.97785,8.4194 12.20523,9.8186 6.87825,1.54544 10.03502,-1.10311 10.03502,-8.41942 0,-4.34846 -0.91507,-5.87305 -8.09027,-13.47914 -6.56001,-6.95395 -10.22883,-9.61386 -19.39655,-14.06256 -6.21846,-3.01755 -13.10104,-5.86157 -15.29463,-6.32005 -2.19359,-0.45848 -4.28319,-1.31068 -4.64357,-1.89377 -0.69747,-1.12854 9.40225,-8.60254 11.62474,-8.60254 0.72463,0 1.31752,-0.51016 1.31752,-1.13368 0,-1.58871 4.39893,-2.32784 22.85099,-3.83954 8.84267,-0.72445 19.64932,-2.1222 24.01478,-3.10611 24.5567,-5.53476 31.56977,-6.7872 36.13421,-6.45314 l 5.0542,0.36991 -9.23645,4.57529 c -10.05401,4.98028 -31.26787,22.71301 -35.64553,29.79622 -5.26016,8.51111 -2.43054,13.46551 8.88531,15.55736 l 6.90499,1.27646 7.77245,-7.51274 c 4.27484,-4.132 13.31431,-11.20361 20.08771,-15.71468 10.81672,-7.20392 13.43917,-8.39214 21.55172,-9.76502 7.21035,-1.2202 9.84429,-2.25617 12.00739,-4.72267 1.52402,-1.73778 2.77094,-3.91745 2.77094,-4.84372 0,-3.46302 -6.83552,-9.61289 -15.0419,-13.53308 -8.13001,-3.88372 -8.84686,-4.00864 -17.34735,-3.02305 -12.36435,1.43358 -23.30623,1.34008 -25.49253,-0.21784 -1.42499,-1.01544 -1.0027,-1.17364 1.84729,-0.69207 2.07754,0.35106 4.65673,-0.081 5.89286,-0.98724 1.60425,-1.17606 3.53102,-1.3121 7.13015,-0.50343 3.14638,0.70695 5.77655,0.65605 7.26508,-0.14059 5.80087,-3.10453 22.32218,-0.17755 34.51487,6.11478 2.37069,1.22345 9.75839,3.52465 16.41709,5.11378 18.07765,4.31429 24.50308,8.25724 32.44121,19.90749 3.5982,5.28083 6.91619,11.09165 7.37331,12.91294 0.45711,1.82128 2.39089,5.81342 4.29727,8.8714 1.90638,3.05798 3.96888,6.66834 4.58332,8.02302 1.69268,3.73184 7.19853,9.23645 9.23854,9.23645 1.00597,0 2.16662,1.63172 2.61601,3.67777 0.44497,2.02593 2.42613,4.83014 4.41102,6.2435 1.98179,1.41116 5.00017,4.3972 6.70752,6.63566 2.58376,3.38747 2.89815,4.61208 1.87496,7.30329 -0.7885,2.0739 -2.15706,3.23338 -3.81642,3.23338 -4.83908,0 -28.26206,20.24605 -28.26206,24.42879 0,2.74798 10.54883,12.35768 14.46657,13.17864 8.04404,1.68563 23.23776,11.30564 21.1513,13.39211 -1.33229,1.33229 -16.6946,-4.4891 -19.86691,-7.52836 -2.79354,-2.67639 -3.65928,-2.94681 -5.23844,-1.63622 -1.04051,0.86355 -1.89183,3.39052 -1.89183,5.6155 0,3.31757 -1.16329,5.09621 -6.46551,9.88564 -8.52233,7.69812 -30.70459,21.72115 -43.41133,27.44349 -21.01855,9.46545 -63.61254,19.95118 -89.14532,21.94565 -12.85443,1.00412 -12.83365,0.081 0.21969,-9.75891 5.1786,-3.90374 12.42906,-10.03976 16.11215,-13.6356 12.1761,-11.88768 14.22877,-18.09305 9.0293,-27.29625 -2.62089,-4.63904 -3.15304,-4.94764 -9.13196,-5.29543 l -6.34889,-0.36933 -5.05857,6.84754 c -5.58028,7.55375 -17.11169,17.6329 -29.93986,26.16925 -6.98288,4.64668 -11.96807,10.16051 -11.96807,13.23718 0,0.37778 2.21675,1.57385 4.92611,2.65793 5.54472,2.21856 6.65798,5.87831 2.15517,7.08501 -1.52402,0.40843 -11.36084,0.73206 -21.85961,0.7192 -15.19552,-0.0186 -20.4079,-0.47913 -25.55706,-2.25797 z m 103.65079,-62.25772 c 3.44624,-0.97065 16.79544,-3.51485 29.66489,-5.65375 12.86946,-2.13892 27.43045,-5.22471 32.35775,-6.85729 21.04453,-6.97281 39.02438,-19.32959 46.37411,-31.87096 4.47279,-7.63223 4.51236,-19.28198 0.0859,-25.28174 -1.69335,-2.29521 -3.07882,-4.96102 -3.07882,-5.92402 0,-4.92551 -20.11315,-26.13445 -28.60613,-30.16464 -5.73572,-2.72177 -23.15188,-2.83649 -30.6197,-0.20169 -11.17028,3.94111 -46.91195,26.42788 -51.11162,32.15675 -1.41836,1.93481 -5.81655,9.87469 -9.77375,17.64417 l -7.19492,14.12634 -0.0785,14.81455 c -0.0898,16.95503 1.1744,20.65307 8.84146,25.86297 5.37205,3.65041 5.07705,3.62011 13.13932,1.34931 z"
       id="path45" />
    <path
       style="fill:#ff0000;fill-opacity:1;stroke-width:0.930918;stroke-dashoffset:0.5"
       d="m 295.45976,509.38892 c -9.33669,-2.51633 -25.59662,-15.84044 -24.09765,-19.74668 0.39765,-1.03626 2.27075,-2.18176 4.16243,-2.54556 1.89169,-0.36379 7.04165,-1.49333 11.44436,-2.51009 11.04003,-2.54958 11.51007,-2.45366 14.55887,2.97095 2.80791,4.99601 8.84015,20.22837 8.84015,22.32279 0,1.63684 -7.98846,1.37352 -14.90816,-0.49141 z"
       id="path47" />
    <path
       style="fill:#ff0000;fill-opacity:1;stroke-width:0.930918;stroke-dashoffset:0.5"
       d="m 386.10932,388.70091 c -2.17503,-1.59043 -1.98641,-1.90808 3.10801,-5.23399 2.98297,-1.94745 8.27366,-6.46657 11.75708,-10.04251 5.77337,-5.92669 6.62034,-6.39263 9.57695,-5.26853 3.9793,1.51293 6.95942,0.51997 6.95942,-2.31884 0,-1.16932 0.36084,-2.48688 0.80187,-2.92791 1.22975,-1.22975 4.04102,3.11603 4.08507,6.31484 0.0522,3.79005 -10.6022,14.97143 -17.59228,18.46245 -6.17283,3.08286 -15.19773,3.57257 -18.69612,1.01449 z"
       id="path49" />
    <path
       style="fill:#ff0000;fill-opacity:1;stroke-width:0.930918;stroke-dashoffset:0.5"
       d="m 422.23956,347.28713 c -1.50377,-2.03395 -4.98403,-4.78463 -7.73392,-6.11261 -7.20314,-3.47856 -26.40495,-7.77299 -31.62749,-7.07339 l -4.46022,0.59748 -0.69669,-6.75031 c -0.38318,-3.71266 -2.34769,-10.16209 -4.36558,-14.33206 -2.01788,-4.16997 -3.57658,-7.61101 -3.46378,-7.64676 0.11281,-0.0358 5.28891,0.15635 11.50245,0.42689 l 11.29734,0.49191 1.44357,6.01745 c 1.54402,6.4362 6.69677,13.86989 12.07082,17.41412 4.51694,2.97896 11.92193,2.77301 17.18195,-0.47786 4.24103,-2.62109 4.35332,-2.62677 6.09151,-0.30788 1.86786,2.49187 1.56024,8.14462 -0.91604,16.83289 -1.59181,5.585 -2.7504,5.75358 -6.32392,0.92013 z"
       id="path51" />
    <path
       style="fill:#ff0000;fill-opacity:1;stroke-width:0.930918;stroke-dashoffset:0.5"
       d="m 600.77488,626.43793 c -1.01415,-1.01415 -2.5654,-3.58574 -3.44721,-5.71463 -1.42373,-3.43719 -1.32825,-4.24277 0.85254,-7.19244 2.24824,-3.0409 2.31273,-3.73514 0.76287,-8.21181 -0.93115,-2.68955 -2.23286,-5.42995 -2.8927,-6.08979 -1.58613,-1.58614 -1.52654,-6.41594 0.11705,-9.48703 1.25219,-2.33974 1.58297,-2.215 6.74589,2.54401 7.83419,7.22132 11.45232,6.92192 22.13114,-1.83133 12.26554,-10.05386 13.0666,-9.60025 15.07462,8.53615 2.00161,18.07859 2.26374,17.68455 -15.59477,23.4427 -17.50894,5.64545 -21.44459,6.309 -23.74943,4.00417 z"
       id="path53" />
    <path
       style="fill:#ff0000;fill-opacity:1;stroke-width:0.930918;stroke-dashoffset:0.5"
       d="m 556.84479,624.34326 c -2.38992,-1.991 -4.77302,-2.42208 -13.38971,-2.42208 -9.03603,0 -10.27707,-0.24734 -8.99457,-1.79266 2.6093,-3.14402 19.56226,-10.85891 22.29269,-10.14489 3.42697,0.89617 9.77235,-1.42645 9.77235,-3.57701 0,-2.55336 3.41053,-2.09566 4.88278,0.65527 2.05146,3.83319 1.63076,5.28421 -1.10723,3.81888 -3.52704,-1.88762 -5.25537,-1.55195 -4.53278,0.88031 2.22164,7.47813 2.1229,8.45856 -1.18496,11.76643 -3.9244,3.9244 -3.9978,3.93213 -7.73857,0.81575 z"
       id="path55" />
    <path
       style="fill:#ff0000;fill-opacity:1;stroke-width:0.930918;stroke-dashoffset:0.5"
       d="m 514.9451,613.56896 c -2.04797,-3.82666 -3.16635,-28.28269 -1.39119,-30.42163 3.36219,-4.05118 4.62434,-2.19259 3.38723,4.98789 -0.93528,5.42863 -0.7782,7.92632 0.75514,12.00739 1.25543,3.34138 1.67932,6.99303 1.20574,10.38695 -0.78075,5.5953 -2.06224,6.57965 -3.95692,3.0394 z"
       id="path57" />
    <path
       style="fill:#ff0000;fill-opacity:1;stroke-width:0.930918;stroke-dashoffset:0.5"
       d="m 95.101281,714.09284 c -4.821659,-8.93466 -9.398633,-10.81539 -11.518886,-4.73323 -1.127945,3.23563 -1.872396,3.69458 -5.992848,3.69458 -6.809272,0 -8.600939,-1.0213 -8.600939,-4.90276 0,-8.85313 13.584481,-24.99595 24.173941,-28.72656 3.474239,-1.22396 7.570651,-3.56005 9.103151,-5.19131 2.44124,-2.59858 2.68934,-3.79126 2.00317,-9.6295 -0.77843,-6.62326 -0.7612,-6.66797 2.84836,-7.38988 7.7848,-1.55696 10.07956,-12.25999 4.38911,-20.47132 -1.70988,-2.46735 -3.10886,-4.82791 -3.10886,-5.24569 0,-1.64682 7.45005,-2.26536 12.12459,-1.00664 4.08668,1.10043 5.18907,2.08066 6.37245,5.66635 0.787,2.38465 3.45883,6.30641 5.93738,8.71501 4.22501,4.10576 4.50646,4.85262 4.50646,11.95812 0,7.0087 0.19841,7.55857 2.63729,7.30917 2.90471,-0.29702 2.82919,-0.47072 6.54234,15.04801 1.29653,5.41872 2.69438,10.72846 3.10633,11.79943 0.53639,1.3945 -1.62531,3.68877 -7.61578,8.08283 -11.58244,8.49583 -16.05916,10.90782 -28.19576,15.19151 -13.6103,4.80384 -16.040126,4.78201 -18.711499,-0.16812 z"
       id="path59" />
    <path
       style="fill:#ffffff;fill-opacity:1;stroke-width:0.930918;stroke-dashoffset:0.5"
       d="m 274.81392,367.91872 c -0.55565,-1.52402 -2.03356,-6.78621 -3.28424,-11.69377 l -2.27397,-8.92283 3.5783,-3.73494 c 1.96806,-2.05422 9.9343,-6.89685 17.70274,-10.76142 12.73375,-6.33464 14.90328,-7.02846 22.03463,-7.04666 l 7.91018,-0.0202 6.01484,6.53827 6.01483,6.53827 -2.36178,4.62948 c -5.09419,9.98542 -15.76912,16.90329 -36.11399,23.40358 -14.54645,4.64767 -17.85014,4.83161 -19.22154,1.0702 z"
       id="path61" />
    <path
       style="fill:#ffffff;fill-opacity:1;stroke-width:0.930918;stroke-dashoffset:0.5"
       d="m 134.42574,372.75801 c -1.44609,-4.28112 -2.62925,-8.13817 -2.62925,-8.57121 0,-1.05048 15.54324,-5.81242 18.97209,-5.81242 3.75552,0 5.65845,2.28324 5.65845,6.7893 0,4.17098 -3.55486,8.27147 -11.08374,12.78497 -6.78997,4.07052 -7.98047,3.50451 -10.91755,-5.19064 z"
       id="path63" />
    <path
       style="fill:#00ff00;fill-opacity:1;stroke-width:0.930918;stroke-dashoffset:0.5"
       d="m 353.59504,282.0653 c -7.76048,-14.56016 -11.83233,-17.73333 -33.3749,-26.00896 l -14.16257,-5.44058 -32.63546,0.0539 c -24.95105,0.0412 -34.81031,0.51452 -41.87193,2.01005 -45.90516,9.7219 -47.95734,10.05326 -52.67956,8.50605 -6.08057,-1.99227 -14.4192,-0.11608 -24.49098,5.51046 -4.1741,2.33184 -8.40935,4.2397 -9.41168,4.2397 -1.23637,0 -2.51078,-2.80896 -3.96304,-8.73503 -1.80172,-7.35208 -1.90054,-9.53637 -0.62415,-13.79655 1.7983,-6.0022 12.4756,-16.9864 24.00302,-24.69293 4.20837,-2.81346 14.25363,-9.59379 22.32279,-15.06739 16.60963,-11.26691 26.3707,-17.15801 26.3707,-15.91551 0,0.46441 -3.92637,5.08911 -8.72527,10.27712 -10.79215,11.66723 -12.6936,15.09318 -11.60312,20.90597 1.37262,7.31666 6.51903,16.19537 10.21312,17.61992 5.70139,2.19862 11.34307,0.38308 29.8197,-9.59622 13.9505,-7.53471 19.65227,-11.41195 26.06259,-17.72275 7.50729,-7.39073 8.57772,-8.03459 12.58064,-7.56727 3.31832,0.3874 6.2447,-0.52353 12.11474,-3.77108 4.25676,-2.35502 9.93717,-4.67768 12.62312,-5.16146 2.68596,-0.48378 6.46423,-1.697 8.39617,-2.69605 1.93193,-0.99904 4.72202,-1.64187 6.20018,-1.42851 1.98761,0.28689 0.27915,1.58934 -6.55978,5.00084 -5.08604,2.5371 -9.82751,4.61291 -10.5366,4.61291 -0.70908,0 -3.12779,1.35644 -5.37491,3.01431 -2.24712,1.65788 -5.72021,3.37332 -7.718,3.81211 -2.23607,0.49112 -4.5429,2.29114 -6.00119,4.68273 -6.37172,10.44956 1.49195,26.66819 12.93018,26.66819 4.29232,0 29.0267,-10.98583 29.0267,-12.89227 0,-0.92989 1.10266,-1.34411 2.77094,-1.04094 1.5736,0.28597 12.85597,-3.49437 26.11016,-8.74863 12.83658,-5.0887 23.57546,-9.01596 23.86416,-8.72725 0.28872,0.28872 -2.03966,3.37741 -5.1742,6.86376 -4.67719,5.20217 -5.69913,7.18248 -5.69913,11.04376 0,5.14101 2.50134,8.57546 6.2456,8.57546 1.69098,0 2.37509,0.85779 2.37509,2.9781 0,9.20847 3.22751,9.01669 30.30855,-1.80096 11.94454,-4.77129 22.01548,-8.3769 22.37992,-8.01247 0.36443,0.36443 -0.35371,1.78561 -1.59588,3.15818 -2.95763,3.26815 -33.3098,23.6732 -41.04097,27.59088 -8.56973,4.34262 -16.07512,13.70765 -17.32566,21.61853 -0.54275,3.43341 -1.26239,6.51813 -1.59922,6.85495 -0.33681,0.33681 -2.38426,-2.71199 -4.54987,-6.77511 z"
       id="path65" />
    <path
       style="fill:#afe9af;fill-opacity:1;stroke-width:0.930918;stroke-dashoffset:0.5"
       d="m 185.58292,935.03695 c -7.05213,-11.25094 -11.08156,-19.66036 -10.34283,-21.58546 0.43047,-1.12177 4.19394,-4.68868 8.36328,-7.92647 5.51951,-4.28629 9.26908,-8.64996 13.7907,-16.04931 7.59529,-12.42923 28.05488,-34.02133 66.74195,-70.4363 15.30204,-14.40336 32.87288,-31.81166 39.0463,-38.6851 6.17342,-6.87344 20.4245,-21.80524 31.6691,-33.18178 l 20.44469,-20.6846 -0.40956,-7.96405 -0.40955,-7.96404 4.1154,-1.70816 c 5.13134,-2.12983 17.78645,-6.21947 27.51443,-8.89161 4.06404,-1.11633 9.60592,-2.99024 12.31528,-4.16423 2.70936,-1.174 11.57635,-4.24914 19.70443,-6.83364 8.12808,-2.58451 16.16379,-5.35533 17.85714,-6.15739 6.55668,-3.10559 8.62069,-3.31646 8.62069,-0.88071 0,4.14959 -7.55475,26.68811 -11.34715,33.85261 -4.34401,8.20655 -16.80467,20.67649 -20.66114,20.67649 -1.57304,0 -5.20724,2.66741 -9.02,6.62044 -3.51203,3.64124 -11.09609,9.74317 -16.85348,13.55985 -9.43521,6.25479 -12.60836,8.42197 -21.8458,14.92015 -1.51642,1.06674 -4.17868,4.94445 -5.91613,8.61712 -3.65558,7.72726 -33.67968,39.61742 -48.17332,51.16739 -22.48622,17.91926 -45.03942,38.09015 -69.38495,62.05577 -33.46445,32.94223 -48.40504,46.26125 -51.89346,46.26125 -0.56722,0 -2.33393,-2.0782 -3.92602,-4.61822 z"
       id="path67" />
    <path
       style="fill:#afe9af;fill-opacity:1;stroke-width:0.930918;stroke-dashoffset:0.5"
       d="m 507.76977,879.00246 c -6.92585,-7.76582 -15.71423,-16.0747 -27.4653,-25.96675 -5.7652,-4.85314 -17.31931,-16.02832 -25.6758,-24.83374 -8.35649,-8.80542 -21.85719,-22.44917 -30.00155,-30.31944 -11.24216,-10.8638 -14.54911,-14.75455 -13.73308,-16.15743 0.59118,-1.01632 5.23127,-5.20227 10.31132,-9.3021 5.08005,-4.09984 13.37898,-11.6535 18.44208,-16.78591 5.0631,-5.13242 9.8677,-9.33167 10.67689,-9.33167 0.80919,0 2.42509,2.87173 3.59089,6.38163 1.65234,4.97472 4.66062,9.06611 13.64529,18.5582 12.50225,13.20831 16.33283,18.32947 22.6266,30.24984 4.19879,7.95249 8.31415,11.31279 13.85476,11.31279 1.66773,0 4.4534,1.64458 6.52668,3.85317 10.05836,10.7148 19.06274,13.77508 23.9925,8.15422 1.33663,-1.52401 5.01432,-5.70119 8.17263,-9.28262 3.15832,-3.58143 9.51313,-9.01847 14.12182,-12.08232 9.86801,-6.56024 36.22133,-19.28695 52.7735,-25.48571 6.43473,-2.40979 15.64637,-6.02473 20.47032,-8.0332 4.82394,-2.00847 10.92,-3.98925 13.5468,-4.40172 l 4.77599,-0.74996 5.93064,9.90037 c 3.26186,5.4452 5.7557,10.78881 5.54187,11.87468 -0.46137,2.343 -0.62873,2.44156 -16.38281,9.648 -22.86326,10.45843 -32.65128,18.89852 -32.65128,28.15481 0,1.66494 -0.34745,3.93261 -0.77212,5.03928 -0.91618,2.38753 -13.09682,10.67666 -22.6269,15.39798 -3.72536,1.8456 -10.6527,5.5656 -15.39408,8.26668 -4.74138,2.70107 -15.80461,8.64998 -24.58497,13.21979 -8.78034,4.5698 -17.37024,9.29844 -19.08866,10.50805 -4.043,2.84595 -13.14089,7.44707 -14.72521,7.44707 -0.67702,0 -3.33149,-2.35529 -5.89882,-5.23399 z"
       id="path69" />
    <path
       style="fill:#008080;fill-opacity:1;stroke-width:0.930918;stroke-dashoffset:0.5"
       d="m 172.39141,685.65271 c -0.75457,-2.8787 -2.19861,-8.1362 -3.20897,-11.68333 -1.01037,-3.54713 -1.51994,-6.96238 -1.13239,-7.58947 0.38755,-0.62707 5.46642,-2.65638 11.28637,-4.50957 19.2748,-6.13747 30.84532,-17.73773 40.79979,-40.90467 3.41222,-7.94122 6.82306,-16.38951 7.57965,-18.77399 3.50944,-11.06043 28.05938,-47.98865 36.17727,-54.41814 9.08902,-7.19863 15.55934,-8.82904 35.3546,-8.90871 17.53473,-0.0706 17.84429,-0.11903 19.29042,-3.01955 0.80835,-1.6213 1.17147,-4.78575 0.80694,-7.03211 l -0.6628,-4.0843 3.66613,1.38381 c 4.95942,1.87197 7.15261,0.77113 10.14343,-5.09134 3.51297,-6.88599 7.67673,-8.70607 19.91671,-8.70607 9.43518,0 11.00839,0.39522 22.53653,5.66161 8.749,3.9968 13.84181,7.19925 17.31938,10.89077 7.18537,7.62741 17.45307,28.01213 19.006,37.73307 0.69622,4.35814 3.17921,12.66894 5.51776,18.46846 2.33856,5.79951 5.15194,15.21682 6.25197,20.92735 1.10003,5.71053 3.45655,16.93695 5.2367,24.94759 3.02714,13.62207 3.10875,14.77792 1.26093,17.85715 -3.44367,5.73855 -9.9635,9.99208 -19.26816,12.57053 -4.94288,1.36974 -11.64148,3.83553 -14.88575,5.47953 -7.1104,3.60312 -30.90052,11.55727 -46.40356,15.51489 -9.21678,2.35287 -11.60716,2.59114 -13.14988,1.31079 -2.96887,-2.46393 -7.9492,-26.23143 -9.45676,-45.13021 -3.22516,-40.43052 -3.34023,-41.22142 -6.74607,-46.36799 -3.37521,-5.10029 -8.20456,-7.76664 -12.18281,-6.72631 -1.30922,0.34237 -3.87544,-0.15061 -5.70268,-1.09552 -2.87434,-1.48637 -3.67913,-1.46807 -5.96896,0.13578 -1.45566,1.01959 -2.64666,2.89341 -2.64666,4.16403 0,1.27063 -1.11361,2.66368 -2.47468,3.09567 -3.53947,1.12338 -9.81725,9.38571 -12.81427,16.86515 -2.6969,6.73046 -12.01571,15.76337 -36.31374,35.19967 -5.6906,4.55197 -15.94306,12.8808 -22.78326,18.50851 -17.04905,14.02696 -39.30938,28.56091 -43.74412,28.56091 -0.67822,0 -1.8505,-2.3553 -2.60506,-5.23399 z"
       id="path71" />
    <path
       style="fill:#008080;fill-opacity:1;stroke-width:0.930918;stroke-dashoffset:0.5"
       d="m 532.81901,542.79557 c -0.40842,-1.52402 -0.75016,-3.97534 -0.7594,-5.44739 -0.0241,-3.84444 -5.71915,-10.06852 -10.27902,-11.23395 -2.93311,-0.74966 -5.33478,-3.07524 -9.68463,-9.37783 -9.69049,-14.04075 -25.50834,-32.63763 -30.66041,-36.04711 -9.691,-6.4132 -22.80076,-5.26536 -53.93726,4.72257 -16.98674,5.44899 -33.6849,8.93679 -41.85225,8.74182 -1.60812,-0.0384 -4.0174,-1.16335 -5.35397,-2.49992 -2.41914,-2.41914 -2.39995,-2.45167 4.24788,-7.20204 12.737,-9.10152 36.15361,-19.71232 58.83289,-26.65905 17.64005,-5.40319 18.31948,-5.51434 43.22146,-7.07082 11.24101,-0.70262 22.21601,-1.78735 24.38888,-2.41052 3.65298,-1.04766 4.57207,-0.63308 12.19726,5.50194 6.9049,5.5555 9.31497,8.58669 14.8133,18.63103 3.75981,6.86837 7.03133,14.66349 7.65366,18.23646 0.59782,3.43223 3.27266,14.83032 5.94409,25.32909 3.69849,14.53511 4.51672,19.44343 3.43009,20.57581 -1.36942,1.42708 -18.64681,8.98084 -20.54148,8.98084 -0.50517,0 -1.25267,-1.24692 -1.66109,-2.77093 z"
       id="path73" />
    <path
       style="fill:#008080;fill-opacity:1;stroke-width:0.930918;stroke-dashoffset:0.5"
       d="m 139.86645,956.50936 c -2.61291,-3.51241 -5.51192,-8.20388 -6.44225,-10.42547 -2.35265,-5.61803 -9.26759,-34.43809 -8.79153,-36.64131 0.71741,-3.32021 7.77077,2.3805 12.86834,10.40053 3.6548,5.75013 6.05329,8.08306 10.30533,10.0237 10.76078,4.91123 11.72603,5.61879 14.48551,10.6184 3.29539,5.97059 2.92829,7.3414 -3.13275,11.69803 -2.51865,1.81038 -6.82093,4.96127 -9.56064,7.00197 l -4.98128,3.71037 z"
       id="path75" />
    <path
       style="fill:#008080;fill-opacity:1;stroke-width:0.930918;stroke-dashoffset:0.5"
       d="m 689.65387,813.26656 c -0.0134,-5.33232 -0.5895,-13.57444 -1.28019,-18.31582 -0.69068,-4.74138 -1.37244,-13.05718 -1.51501,-18.47957 -0.31221,-11.87396 1.1659,-14.78136 12.57225,-24.72918 7.21299,-6.29067 8.01965,-6.6681 14.25125,-6.6681 5.57904,0 6.98184,-0.47843 9.0273,-3.07882 3.10832,-3.95158 6.73909,-3.92693 8.87296,0.0602 1.3648,2.55015 1.4122,4.70057 0.25269,11.46233 -2.87893,16.78863 -12.89866,35.60543 -29.93193,56.21141 -12.47346,15.08977 -12.22044,15.0167 -12.24932,3.5375 z"
       id="path77" />
  </g>
</svg>
