<?xml version="1.0" encoding="UTF-8" standalone="no"?>
<svg
   xmlns:dc="http://purl.org/dc/elements/1.1/"
   xmlns:cc="http://creativecommons.org/ns#"
   xmlns:rdf="http://www.w3.org/1999/02/22-rdf-syntax-ns#"
   xmlns:svg="http://www.w3.org/2000/svg"
   xmlns="http://www.w3.org/2000/svg"
   width="600px"
   height="1000px"
   viewBox="0 0 600 1000"
   version="1.1"
   id="SVGRoot">
  <defs
     id="defs1847" />
  <metadata
     id="metadata3">
    <rdf:RDF>
      <cc:Work
         rdf:about="">
        <dc:format>image/svg+xml</dc:format>
        <dc:type
           rdf:resource="http://purl.org/dc/dcmitype/StillImage" />
        <dc:title>Garçon joie</dc:title>
        <cc:license
           rdf:resource="http://creativecommons.org/licenses/by/4.0/" />
        <dc:creator>
          <cc:Agent>
            <dc:title>Frédéric Wang</dc:title>
          </cc:Agent>
        </dc:creator>
      </cc:Work>
      <cc:License
         rdf:about="http://creativecommons.org/licenses/by/4.0/">
        <cc:permits
           rdf:resource="http://creativecommons.org/ns#Reproduction" />
        <cc:permits
           rdf:resource="http://creativecommons.org/ns#Distribution" />
        <cc:requires
           rdf:resource="http://creativecommons.org/ns#Notice" />
        <cc:requires
           rdf:resource="http://creativecommons.org/ns#Attribution" />
        <cc:permits
           rdf:resource="http://creativecommons.org/ns#DerivativeWorks" />
      </cc:License>
    </rdf:RDF>
  </metadata>
  <title
     id="title5">Garçon joie</title>
  <g
     id="g96">
    <path
       style="fill:#000000;stroke-width:0.793738"
       d="m 360.08672,995.34832 c -3.83579,-3.04208 -5.00589,-5.07937 -5.04187,-8.77866 -0.0315,-3.24361 -0.4733,-3.54365 -6.36836,-4.32571 -2.1881,-0.29027 -3.97836,-0.8347 -3.97836,-1.20982 0,-0.3752 -1.42198,-0.90946 -3.15997,-1.18743 -1.73798,-0.27789 -3.54573,-0.97011 -4.01724,-1.53826 -0.4715,-0.56808 -2.79992,-1.64399 -5.17428,-2.39082 -2.37435,-0.74683 -4.317,-1.68717 -4.317,-2.08975 0,-0.40259 -0.32,-0.53419 -0.71113,-0.29242 -0.39112,0.2417 -1.73055,-0.0922 -2.97651,-0.74198 -1.24596,-0.64984 -2.70101,-1.18378 -3.23342,-1.1864 -0.53242,0 -2.2399,-0.71929 -3.7944,-1.5924 -1.5545,-0.87311 -3.14411,-1.58747 -3.53247,-1.58747 -1.84671,0 -21.13593,-14.46222 -27.05011,-20.28103 -1.58023,-1.55478 -2.21434,-1.76932 -2.97651,-1.00718 -0.76217,0.76223 -0.9685,-2.19357 -0.9685,-13.87437 v -14.8429 l -3.77025,-0.008 h -3.77026 l -0.14615,-10.51314 c -0.0804,-5.78214 -0.31963,-12.12037 -0.53164,-14.08487 -0.67377,-6.24291 -2.87604,-20.19507 -3.38276,-21.43092 -0.26849,-0.65483 -0.62517,-2.22961 -0.79263,-3.49943 -0.57462,-4.35746 -3.01557,-10.9077 -4.32617,-11.60905 -2.9714,-1.59025 -4.93679,-7.89173 -6.67559,-21.40345 -0.14045,-1.09139 -0.46302,-3.59166 -0.71685,-5.55616 -0.25381,-1.9645 -0.65264,-5.35773 -0.88629,-7.54051 -0.23365,-2.18278 -0.77354,-6.46896 -1.19976,-9.52485 -0.77473,-5.55466 -2.08946,-27.30657 -2.93808,-48.60989 -0.27038,-6.78771 -0.80308,-11.5961 -1.33325,-12.03476 -0.55715,-0.46097 -2.93316,-0.041 -6.43912,1.1381 l -5.55616,1.86864 -2.55349,9.71427 c -1.40441,5.34284 -2.73108,10.81055 -2.94814,12.15046 -0.21705,1.33991 -1.29424,6.54379 -2.39375,11.56418 -1.98624,9.06932 -3.51207,16.24559 -5.23173,24.60587 -0.49388,2.40105 -1.25331,6.68723 -1.68761,9.52485 -0.43431,2.83761 -1.07735,6.9452 -1.42897,9.12798 -0.35164,2.18278 -1.37231,8.79064 -2.26819,14.68415 -0.89587,5.8935 -2.36858,14.46586 -3.27271,19.0497 -2.93178,14.86385 -3.16058,16.20066 -3.66783,21.43092 -0.82163,8.47156 -2.6115,18.09317 -3.69489,19.86217 -0.85964,1.40357 -0.81185,1.77218 0.31261,2.41145 1.67091,0.94995 4.6257,5.6684 4.6257,7.38676 0,0.9821 -0.76782,1.29538 -3.17495,1.29538 -3.15788,0 -3.17495,0.0167 -3.17495,3.07574 0,2.80515 -0.21669,3.11907 -2.46274,3.56825 -1.3545,0.2709 -2.77584,0.29908 -3.15855,0.0627 -1.29264,-0.7989 -3.90357,1.27014 -3.90357,3.09343 0,2.01515 -2.65877,5.28106 -4.29928,5.28106 -0.58438,0 -1.51432,0.54442 -2.06654,1.20981 -0.55222,0.66539 -1.18585,1.02797 -1.40807,0.80573 -0.49092,-0.49093 -2.5447,3.32234 -2.5447,4.7248 0,0.55141 -0.53577,1.4473 -1.1906,1.99077 -0.65484,0.54347 -1.19061,1.49977 -1.19061,2.12508 0,0.6253 -0.74483,2.77197 -1.65519,4.77036 -0.91035,1.99831 -2.00826,5.81841 -2.43978,8.4891 -2.13575,13.21804 -2.943,14.12464 -12.42183,13.95058 -3.79415,-0.0698 -7.43423,0.0778 -8.08907,0.32718 -0.65483,0.24963 -2.08356,0.63475 -3.17495,0.85588 -6.42277,1.30142 -10.01176,2.27716 -10.67577,2.90246 -0.41473,0.39052 -1.5503,0.71008 -2.52351,0.71008 -0.9732,0 -5.50023,1.23514 -10.06006,2.74467 -9.03967,2.99271 -16.15836,4.38365 -22.48207,4.39294 -4.15431,0.008 -9.50731,1.74344 -10.98334,3.56467 -0.77613,0.95765 -4.104419,1.54716 -13.730597,2.43209 -5.343771,0.49125 -11.276476,-1.39975 -14.00743,-4.46477 -1.130043,-1.26831 -2.054625,-2.66632 -2.054625,-3.10661 0,-0.44036 -0.328802,-0.80064 -0.730671,-0.80064 -1.109218,0 -1.813261,-4.27849 -1.222354,-7.42828 0.297566,-1.5862 1.780253,-4.15878 3.421835,-5.93731 1.593211,-1.72606 4.121185,-4.69337 5.61772,-6.59398 3.069517,-3.89836 4.052027,-5.07404 6.370167,-7.62282 0.893375,-0.98225 1.624319,-1.99656 1.624319,-2.25397 0,-0.79811 3.514688,-3.44633 4.610835,-3.47419 0.571459,-0.0143 0.857373,-0.32035 0.635364,-0.67952 -0.350623,-0.56736 2.630028,-3.49372 13.315287,-13.0727 1.35991,-1.2191 4.43706,-3.99774 6.83812,-6.17472 7.47401,-6.77654 8.77836,-7.87928 9.35875,-7.91254 0.30963,-0.0175 1.69974,-1.0059 3.08913,-2.19595 3.16346,-2.7095 4.89006,-7.7876 4.85476,-14.27807 -0.033,-6.0744 0.99172,-24.55285 1.48361,-26.75245 0.52093,-2.32954 1.01992,-5.63451 1.83124,-12.12887 0.39706,-3.17844 0.93573,-6.45261 1.19703,-7.27595 0.26131,-0.82327 0.98853,-6.79511 1.61606,-13.27066 0.62753,-6.47563 1.68599,-16.59579 2.35214,-22.48929 0.66615,-5.8935 1.58104,-15.14805 2.0331,-20.56566 0.45206,-5.41761 1.02536,-10.17936 1.274,-10.58167 0.59524,-0.96312 0.81563,-4.09032 2.28,-32.35168 1.18691,-22.90656 5.13018,-57.32832 8.22904,-71.83326 1.4607,-6.83709 3.38863,-19.44305 4.46216,-29.17613 0.36192,-3.28134 1.2351,-5.65655 3.09612,-8.42201 2.32928,-3.46129 2.47639,-4.00375 1.45132,-5.35145 -0.62738,-0.82484 -1.508,-2.51178 -1.95693,-3.74874 -0.80716,-2.22405 -0.87018,-2.24314 -5.67635,-1.71966 -2.67306,0.29115 -6.82462,1.0084 -9.22567,1.59389 -8.94906,2.18223 -18.45772,-0.13758 -22.29031,-5.4381 -4.21377,-5.82772 -6.28425,-9.29301 -6.28425,-10.51774 0,-0.65713 -0.56969,-2.29642 -1.26597,-3.6429 -1.66258,-3.21507 -1.52749,-8.52729 0.38422,-15.10844 l 1.54899,-5.33246 -2.29095,-3.39865 c -1.34487,-1.99514 -2.83212,-5.85703 -3.6014,-9.35168 -0.72074,-3.27417 -1.60648,-6.6674 -1.96831,-7.54051 -0.36183,-0.87311 -0.81172,-3.19479 -0.99977,-5.15929 -0.4235,-4.42414 -1.16055,-6.40388 -2.95508,-7.93738 -0.7663,-0.65483 -2.44097,-3.15511 -3.72151,-5.55616 -3.57102,-6.69582 -5.225767,-9.4734 -9.02005,-15.1406 -10.203146,-15.23957 -12.622103,-18.94468 -12.622103,-19.33322 0,-0.75308 -5.073481,-8.77508 -5.723302,-9.04946 -0.344629,-0.14553 -0.626599,-0.86971 -0.626599,-1.60931 0,-0.73959 -0.553558,-2.13503 -1.230129,-3.10097 -0.676572,-0.96594 -2.080024,-4.52794 -3.118784,-7.91555 -1.038759,-3.38762 -2.597119,-8.1238 -3.463021,-10.52486 -1.737573,-4.8181 -1.551647,-11.18678 0.373221,-12.78428 0.598847,-0.497 1.088812,-1.33225 1.088812,-1.8561 0,-1.73253 4.922667,-10.0768 6.243758,-10.58361 2.221853,-0.85239 7.97332,-4.96689 9.025033,-6.45635 2.12009,-3.00253 5.725143,-4.03785 14.060085,-4.03785 6.015119,0 7.976789,-0.25371 7.976789,-1.03166 0,-1.01353 6.14945,-2.72028 16.10817,-4.47075 2.52943,-0.44461 7.1728,-2.02649 10.31859,-3.51531 6.35089,-3.0057 16.71905,-6.4488 21.59437,-7.17116 1.74623,-0.25872 5.49664,-0.81462 8.33425,-1.23532 2.83761,-0.4207 8.37393,-1.15821 12.30293,-1.63893 17.85,-2.18392 22.31287,-2.92058 34.52759,-5.69926 9.66589,-2.19886 9.41762,-2.01586 5.89578,-4.34578 -1.71473,-1.13441 -4.36783,-3.21477 -5.89578,-4.62302 -3.00092,-2.76585 -6.50034,-4.77546 -13.76175,-7.90297 -5.50286,-2.37009 -13.50109,-8.54997 -17.8056,-13.75759 -5.74688,-6.95261 -13.507,-18.986 -17.27575,-26.78897 -2.82387,-5.84667 -8.25858,-21.75092 -9.75445,-28.54568 -1.97434,-8.96805 -3.4381,-18.77198 -2.9807,-19.96396 0.26831,-0.69922 0.059,-1.7881 -0.46527,-2.41973 -0.67764,-0.81651 -0.96836,-6.46529 -1.00587,-19.5444 -0.0596,-20.78423 0.44556,-23.78502 5.90284,-35.06446 1.68973,-3.49245 4.03644,-9.02877 5.21492,-12.30294 4.89517,-13.60029 6.68351,-15.87475 12.48189,-15.87475 2.21135,0 2.79557,-0.47485 4.47184,-3.63464 1.24946,-2.35526 1.63426,-3.82208 1.09318,-4.16713 -0.45924,-0.29286 -1.9526,-2.75468 -3.31857,-5.4707 -2.51375,-4.99819 -3.13836,-8.45383 -1.68985,-9.34905 0.43655,-0.26981 0.79373,-1.37431 0.79373,-2.45445 0,-1.08014 0.89722,-3.73446 1.99382,-5.89849 1.3333,-2.63115 2.14654,-5.84355 2.45483,-9.6969 l 0.46101,-5.76229 -2.45255,-1.58748 c -1.3489,-0.87311 -2.45357,-2.07461 -2.45482,-2.67001 -0.002,-0.59539 -0.76155,-2.55989 -1.68955,-4.36556 -0.92799,-1.80566 -1.99954,-3.90324 -2.38121,-4.66129 -0.38167,-0.75805 -0.69395,-2.11171 -0.69395,-3.00814 0,-0.89642 -0.67607,-2.95506 -1.50237,-4.57476 -0.82631,-1.61969 -1.51762,-3.12348 -1.53624,-3.34176 -0.10717,-1.2558 -1.38771,-3.87604 -2.90932,-5.95303 -0.95947,-1.30967 -2.40305,-3.80994 -3.20795,-5.55617 -0.8049,-1.74622 -3.271,-5.80192 -5.48021,-9.01266 -2.20921,-3.21075 -5.08829,-7.54646 -6.39796,-9.63492 -3.12001,-4.97531 -5.28909,-8.08218 -6.59272,-9.44304 -0.58142,-0.60694 -1.64502,-2.03567 -2.36354,-3.17495 -2.59043,-4.10733 -10.36997,-13.2394 -13.49235,-15.83811 -1.98519,-1.65224 -3.70972,-4.04958 -4.5678,-6.3499 -0.7582,-2.03254 -1.8807,-4.27629 -2.49444,-4.98612 -2.01128,-2.326136 -2.13483,-6.465039 -0.319,-10.686051 l 1.68569,-3.918498 8.51592,0.129607 c 4.70217,0.07156 8.94973,-0.225271 9.48461,-0.662819 1.70499,-1.394727 9.10828,0.165501 15.69979,3.308696 11.00083,5.245795 14.03079,6.497086 14.52816,5.999717 0.26578,-0.26578 -0.0952,-1.629976 -0.80221,-3.031548 -4.94665,-9.8064 -8.56665,-19.21502 -8.56665,-22.265286 0,-2.088385 3.40346,-7.019756 5.38992,-7.809622 1.98677,-0.789989 5.54009,-0.757133 7.12222,0.06586 0.75805,0.394322 3.25347,1.550191 5.54539,2.568599 2.29192,1.018409 4.16712,2.12451 4.16712,2.458003 0,0.333493 0.423,0.606352 0.94001,0.606352 0.517,0 2.5708,0.736734 4.56399,1.637188 13.37553,6.042587 15.82028,7.59358 22.03506,13.979424 3.84612,3.951989 4.802,3.40217 3.45506,-1.987344 -0.50962,-2.039151 -1.40941,-5.672048 -1.99954,-8.073105 -0.59012,-2.401056 -1.85386,-7.278294 -2.80831,-10.838306 -1.86323,-6.949709 -1.72851,-8.455861 1.04507,-11.683679 1.69003,-1.966801 2.08478,-2.056018 7.31939,-1.654209 4.89163,0.375483 9.79563,1.772856 16.24848,4.629935 1.09139,0.483226 3.67729,2.042771 5.74646,3.465656 2.06916,1.422885 3.98227,2.587063 4.25134,2.587063 0.26906,0 1.84216,1.071546 3.49574,2.381213 1.65359,1.309667 3.25718,2.381213 3.56351,2.381213 0.30635,0 1.67865,0.80366 3.04956,1.78591 2.80984,2.013228 2.75855,1.984103 13.62724,7.737752 4.36556,2.311029 9.18114,5.042628 10.70128,6.070219 1.52015,1.027591 3.09375,1.868347 3.4969,1.868347 0.40314,0 1.90372,0.892955 3.33461,1.984344 4.18889,3.195027 4.59544,2.782918 4.01608,-4.070979 -0.3301,-3.905029 -1.5419,-8.908092 -3.41248,-14.088843 -4.13883,-11.462904 -4.18227,-12.775128 -0.54621,-16.4988 2.52357,-2.584372 3.48089,-3.043916 6.34104,-3.043916 3.21906,0 9.23291,2.524725 12.14658,5.099358 1.37614,1.216012 8.09178,3.622265 10.18516,3.649406 0.74872,0.0097 2.25426,0.716128 3.34565,1.569826 1.09139,0.853697 2.63818,1.560118 3.4373,1.569825 0.79914,0.0097 3.41163,1.357082 5.80555,2.994166 2.39393,1.637084 4.98962,3.339511 5.76821,3.783171 6.49258,3.699627 18.40541,14.798243 23.97228,22.333831 1.72415,2.333904 3.48074,4.243463 3.90353,4.243463 0.42278,0 0.7687,0.31648 0.7687,0.703289 0,0.386809 1.37226,2.797787 3.04947,5.357729 1.67721,2.559943 3.8874,6.797523 4.91154,9.416863 1.02415,2.61933 2.09733,4.94102 2.38484,5.15929 0.70657,0.5364 5.5289,14.62563 5.5289,16.15354 0,2.98403 2.15799,1.83569 8.32663,-4.43087 6.88313,-6.99241 13.40455,-12.7133 17.46985,-15.32535 11.51103,-7.39614 29.11873,-11.054412 36.51193,-7.58593 3.91636,1.83734 5.63137,3.7284 6.18788,6.82306 0.23553,1.30966 0.77927,3.72986 1.20833,5.37821 0.61237,2.35264 0.45707,4.05921 -0.72235,7.93738 -0.82634,2.71721 -1.50517,5.494 -1.5085,6.17067 -0.003,0.67666 -0.42954,1.65376 -0.94712,2.17134 -0.84086,0.84086 -3.78019,9.1198 -3.80968,10.73035 -0.006,0.35114 2.29865,-0.63111 5.12239,-2.18278 2.82374,-1.55167 5.65143,-2.82122 6.28375,-2.82122 0.63233,0 1.26874,-0.26789 1.41426,-0.59531 0.32425,-0.72956 7.92449,-3.37338 9.69752,-3.37338 0.70539,0 1.28557,-0.26789 1.2893,-0.59531 0.017,-1.49028 15.2126,-4.83188 24.87899,-5.47103 7.1073,-0.46994 10.83242,0.38643 10.83242,2.49029 0,0.50496 0.84974,1.7164 1.8883,2.69208 1.03857,0.97568 2.10006,2.91315 2.35887,4.30548 0.25881,1.39234 0.81555,3.93906 1.23719,5.65939 0.72587,2.96155 0.62226,3.26404 -1.94853,5.68859 -1.49333,1.4084 -3.97136,2.97532 -5.50671,3.48203 -1.53535,0.50671 -2.79154,1.37203 -2.79154,1.92294 0,0.5509 -0.80366,1.36845 -1.78591,1.81678 -2.84358,1.29789 -14.70107,11.25773 -20.26196,17.01927 -5.09243,5.27617 -6.64585,7.66889 -11.26081,17.34486 -1.35339,2.83761 -2.79931,5.69507 -3.21314,6.3499 -0.41383,0.65483 -1.6476,3.06581 -2.74172,5.35773 -1.09412,2.29192 -2.26822,4.16712 -2.6091,4.16712 -0.3409,0 -1.48257,2.23239 -2.53706,4.96086 -1.05449,2.72848 -2.16877,5.31805 -2.47616,5.7546 -0.3074,0.43656 -0.81422,2.34096 -1.12626,4.232 -0.31204,1.89104 -1.06458,4.39132 -1.67233,5.55616 -0.60774,1.16485 -1.10718,2.72617 -1.10987,3.4696 -0.006,1.613 -1.6778,5.59246 -2.63798,6.27866 -0.37457,0.2677 -0.73902,1.68242 -0.80989,3.14382 -0.11937,2.46159 0.0799,2.69233 2.70802,3.13589 3.40757,0.57511 13.54056,5.61028 16.78592,8.34105 1.27974,1.07684 2.63003,1.95788 3.00065,1.95788 0.37062,0 2.41496,1.69662 4.54297,3.77026 2.12802,2.07364 5.63709,5.4008 7.79793,7.3937 7.49777,6.91503 11.46932,14.14509 11.46932,20.87951 0,1.87559 0.2468,3.65696 0.54846,3.9586 0.30164,0.30165 0.65633,2.41498 0.78819,4.69628 0.13186,2.28131 0.64126,5.12648 1.132,6.32259 1.50278,3.66286 0.0238,16.13355 -2.1058,17.75618 -0.63613,0.48469 -1.15659,1.28835 -1.15659,1.78591 0,0.49757 -0.31229,0.90467 -0.69397,0.90467 -0.38168,0 -2.0588,1.25014 -3.72692,2.77809 -1.66814,1.52794 -3.40965,2.78769 -3.87003,2.79943 -0.46038,0.0118 -2.0872,1.11337 -3.61514,2.44804 -1.52795,1.33468 -2.27642,2.16284 -1.66327,1.84036 0.73482,-0.38648 0.92177,-0.27399 0.54846,0.33003 -0.3115,0.50401 -1.03732,0.91638 -1.61293,0.91638 -0.57562,0 -1.49839,0.5444 -2.05061,1.20979 -0.55222,0.66538 -1.15232,1.06151 -1.33355,0.88027 -0.18124,-0.18123 -1.46977,0.71828 -2.86341,1.99892 -1.39364,1.28063 -4.3198,3.46849 -6.50258,4.8619 -4.7815,3.05233 -4.95167,3.17605 -7.85484,5.71071 -1.26428,1.10379 -2.71797,2.0069 -3.23043,2.0069 -0.51246,0 -2.13195,1.07155 -3.59887,2.38121 -1.46693,1.30967 -3.13858,2.38122 -3.71478,2.38122 -0.57621,0 -1.04765,0.4854 -1.04765,1.07867 0,0.59326 -1.42925,2.28988 -3.17612,3.77025 -1.74686,1.48037 -4.48448,4.83468 -6.08359,7.45401 -1.59911,2.61934 -5.34899,7.24007 -8.33308,10.26831 -2.98408,3.02823 -5.43748,6.06428 -5.45201,6.74677 -0.0554,2.60362 -5.97571,7.19392 -9.27829,7.19392 -0.83559,0 -2.92239,-1.2483 -4.63733,-2.77401 l -3.11807,-2.774 -0.93442,2.57556 c -0.51393,1.41657 -0.96159,3.68657 -0.9948,5.04446 -0.0332,1.35789 -0.88135,3.67957 -1.88475,5.1593 -1.76964,2.60969 -2.56605,4.22331 -2.89491,5.86536 -0.0874,0.43656 -0.84726,1.90745 -1.68853,3.26864 -0.84127,1.36119 -1.52957,3.09199 -1.52957,3.84622 0,0.75422 -0.62507,2.43896 -1.38904,3.74385 -2.27912,3.89283 -11.3621,12.45038 -14.21373,13.3915 -1.45926,0.4816 -2.6532,1.18006 -2.6532,1.55214 0,0.37207 -1.69661,1.50488 -3.77025,2.51735 -2.07364,1.01248 -3.98442,2.13253 -4.24617,2.489 -0.26175,0.35649 -1.40886,1.13216 -2.54911,1.72373 -1.14025,0.59158 -3.06918,1.62174 -4.28651,2.28925 -5.96628,3.27158 -13.16868,5.95285 -18.3283,6.82312 -3.93043,0.66296 -5.7128,1.31269 -5.7128,2.08248 0,0.74009 0.90044,1.1189 2.65964,1.1189 2.97081,0 6.98172,1.11993 10.17497,2.84107 2.22388,1.19865 14.96975,5.10215 17.76287,5.43998 0.89433,0.10817 3.21601,0.75252 5.15929,1.43189 1.94328,0.67938 5.14056,1.66825 7.10506,2.1975 7.36617,1.98452 14.93305,4.73674 20.95756,7.62269 1.2676,0.60723 2.64119,1.10405 3.05242,1.10405 0.41123,0 1.69579,0.652 2.85457,1.44888 1.15878,0.7969 3.35701,1.93717 4.88496,2.53395 1.52794,0.59677 5.48368,2.92345 8.79052,5.17038 6.21443,4.22259 10.71006,6.72154 12.09212,6.72154 0.43741,0 1.96602,0.89295 3.39691,1.98434 1.43089,1.09139 3.31004,1.98435 4.17589,1.98435 0.86587,0 1.69336,0.26788 1.83888,0.5953 0.35387,0.79621 5.96023,4.96086 6.67821,4.96086 0.31158,0 2.04995,1.21557 3.86304,2.70126 1.81309,1.4857 5.60029,3.66579 8.416,4.84465 9.89427,4.14247 12.30693,5.37539 17.26198,8.82121 2.74939,1.91198 5.33073,3.47632 5.73631,3.47632 0.40557,0 1.32249,0.89296 2.0376,1.98435 0.7151,1.09139 1.76512,1.98434 2.33337,1.98434 0.56824,0 1.15223,0.32228 1.29775,0.71617 0.14552,0.3939 3.30062,2.54319 7.01135,4.7762 3.71072,2.23301 8.12602,5.30396 9.81177,6.82433 1.68575,1.52038 3.47166,2.76501 3.96869,2.76585 0.49703,7.9e-4 2.1019,1.7596 3.56638,3.90835 1.46448,2.14875 3.51828,4.7106 4.56399,5.69299 1.04572,0.98239 1.9013,2.27089 1.9013,2.86333 0,0.59244 0.53577,1.28275 1.1906,1.53403 0.65484,0.25129 1.19061,0.95444 1.19061,1.56257 0,0.60812 0.5266,1.10569 1.17022,1.10569 0.64363,0 1.7148,1.05308 2.38039,2.34019 0.66559,1.28711 2.28208,3.92848 3.5922,5.86971 1.93781,2.87129 2.38204,4.35222 2.38204,7.94105 0,2.42634 -0.40165,5.41059 -0.89256,6.63166 -1.72486,4.29031 -2.11552,5.42436 -3.02059,8.76846 -0.50215,1.85536 -1.2209,3.37338 -1.59723,3.37338 -0.37632,0 -1.05777,1.07155 -1.51432,2.38122 -0.45655,1.30966 -1.12464,2.38121 -1.48463,2.38121 -0.35999,0 -1.35121,1.33943 -2.20271,2.97651 -0.8515,1.63709 -2.54005,4.21874 -3.75232,5.73701 -1.21228,1.51828 -2.20413,3.09564 -2.20413,3.50524 0,0.4096 -0.51919,1.31047 -1.15376,2.00193 -0.63457,0.69146 -1.88471,2.06085 -2.77808,3.0431 -0.89338,0.98225 -1.62432,2.34277 -1.62432,3.02336 0,0.6806 -0.29017,1.05812 -0.64481,0.83894 -0.97604,-0.60322 -5.13428,3.27066 -4.54106,4.23052 0.28442,0.4602 0.22817,0.84011 -0.12502,0.84425 -0.35318,0.004 -1.34726,1.61145 -2.20908,3.57182 -0.86182,1.96036 -1.79942,3.5643 -2.08356,3.5643 -0.28414,0 -0.72402,0.98225 -0.97749,2.18278 -0.62074,2.94007 -5.14101,5.7546 -9.24214,5.7546 -2.99826,0 -3.71543,0.53564 -12.75258,9.52485 -5.2666,5.23867 -9.76231,9.52485 -9.99047,9.52485 -0.22815,0 -5.12493,4.73266 -10.88173,10.51702 -13.72777,13.79351 -17.2389,16.47006 -21.60561,16.47006 -3.78603,0 -3.99755,0.28826 -4.79762,6.53867 -0.95626,7.47053 -4.2799,11.72267 -11.66569,14.92467 -4.12142,1.78678 -9.28783,6.38715 -9.28783,8.27025 0,0.72373 -0.35718,1.09512 -0.79373,0.82531 -0.43656,-0.26981 -0.79374,-0.0585 -0.79374,0.46961 0,1.78421 -13.80851,14.21453 -15.79054,14.21453 -0.48288,0 -0.87795,0.33312 -0.87795,0.74025 0,0.40714 -0.80366,0.98817 -1.78591,1.29119 -1.7452,0.53838 -2.22225,0.8828 -6.01177,4.34036 -5.35376,4.88477 -19.83991,5.11256 -29.47694,0.46349 -2.23584,-1.0786 -5.21129,-2.20971 -6.61211,-2.51357 -1.40081,-0.30385 -2.72552,-0.8199 -2.9438,-1.14676 -0.21827,-0.32687 -1.53396,-0.84093 -2.92373,-1.14237 l -2.52687,-0.54806 0.22921,5.40921 c 0.12606,2.97506 0.63689,7.55229 1.13518,10.17162 0.79606,4.18461 0.98677,17.13336 0.61959,42.0681 -0.11081,7.52476 0.8944,34.04035 1.44436,38.09941 0.17744,1.30966 0.5456,6.08296 0.81813,10.60732 0.27253,4.52433 0.98354,9.52488 1.58,11.11235 1.34765,3.58659 1.90899,9.09441 2.47833,24.31711 0.24491,6.54834 0.79805,13.51338 1.2292,15.47788 1.27447,5.80691 2.29499,24.71168 1.4926,27.64993 -0.58701,2.14952 -0.51239,2.5664 0.39695,2.21739 0.61592,-0.2363 1.33097,-0.0881 1.58899,0.3294 0.25802,0.41751 1.07312,0.76318 1.81133,0.76826 1.62915,0.0111 8.22677,6.61422 9.90441,9.91251 1.63182,3.20821 9.94753,11.07574 17.23426,16.30536 3.27416,2.34986 6.14414,4.53978 6.37772,4.86664 0.23357,0.32678 1.84089,1.17807 3.57182,1.89172 1.73092,0.71357 3.86149,1.95545 4.7346,2.75974 1.0613,0.97765 3.77591,1.73654 8.18998,2.2897 6.08617,0.76262 10.99543,2.82086 11.91804,4.99674 0.14553,0.34313 0.6813,0.64388 1.19061,0.66824 1.79839,0.086 7.41906,8.2663 8.45319,12.3027 0.91307,3.56388 0.86765,4.36294 -0.4061,7.14364 -2.05622,4.4889 -3.49516,5.90898 -5.98733,5.90898 -1.20563,0 -2.31111,0.30186 -2.45663,0.67078 -0.14552,0.36901 -2.27206,0.26424 -4.72565,-0.23272 -2.45359,-0.49696 -4.86457,-0.76905 -5.35773,-0.60467 -0.49316,0.16438 -0.89666,1.89997 -0.89666,3.85677 0,7.63084 -5.70806,12.24579 -12.45006,10.06579 -2.61958,-0.84708 -5.8059,-0.49403 -5.8059,0.64324 0,0.43735 -0.44648,1.23077 -0.99217,1.76321 -4.61791,4.50518 -9.88766,4.95134 -14.57501,1.23387 z M 126.0234,961.3619 c 1.74623,-0.54046 3.88932,-1.26951 4.76243,-1.6201 0.87311,-0.35059 4.44493,-1.55684 7.93738,-2.68061 9.3939,-3.02271 14.12016,-4.65726 15.66554,-5.41782 0.75805,-0.37313 2.20925,-0.6784 3.22489,-0.6784 1.86287,0 5.2616,-3.02232 6.69448,-5.95304 1.92606,-3.93947 6.62271,-18.9358 6.24153,-19.92916 -0.23319,-0.60769 -1.06026,-1.10853 -1.83794,-1.1129 -1.8271,-0.0103 -10.82063,2.89889 -14.90749,4.82243 -1.74622,0.82184 -4.78227,1.73972 -6.74677,2.03959 -1.9645,0.29995 -4.52841,0.94479 -5.69757,1.43309 -2.75493,1.15045 -12.31341,9.18911 -22.2354,18.69999 -8.48708,8.13541 -12.07696,12.32873 -11.43873,13.36138 0.43361,0.70158 13.11879,-1.34912 18.33765,-2.96445 z m 247.02529,0.71539 c 0.10276,-0.65745 -2.02696,-2.8819 -4.75582,-4.96744 -2.71805,-2.07722 -7.89849,-6.09551 -11.51209,-8.92955 -3.6136,-2.83396 -6.70116,-5.15271 -6.86124,-5.15271 -0.16007,0 -2.20403,-1.77964 -4.54214,-3.9548 -2.33809,-2.17516 -4.69757,-3.96107 -5.24326,-3.96869 -0.5457,-0.008 -0.99217,-0.37107 -0.99217,-0.80762 0,-0.43656 -1.07155,-0.79374 -2.38122,-0.79374 -1.30966,0 -2.38121,-0.33329 -2.38121,-0.74064 0,-1.04678 -5.76336,-0.39282 -8.88807,1.00853 -1.44162,0.64657 -4.94281,1.40682 -7.78042,1.68955 -7.24022,0.72134 -12.6998,2.24238 -12.6998,3.538 0,0.95074 3.44807,3.80955 5.25305,4.35532 0.92467,0.27955 2.31946,1.21362 3.09953,2.07554 0.78007,0.862 1.75415,1.56724 2.16461,1.56724 0.41048,0 3.30187,1.23331 6.42533,2.74062 3.12345,1.50738 8.65702,3.84558 12.29684,5.19596 3.6398,1.35047 7.21162,2.76126 7.93737,3.13503 2.41932,1.24624 7.5951,2.37073 15.20995,3.30464 4.14728,0.50871 8.07628,1.23085 8.73112,1.60478 1.89735,1.08361 6.70741,0.45799 6.91964,-0.90002 z M 310.02414,914.3816 c 4.80474,-1.17783 6.05184,-3.022 6.15115,-9.09623 0.0977,-5.97415 -0.55619,-21.48331 -1.16924,-27.73312 -0.25736,-2.62378 -0.66007,-10.66394 -0.8949,-17.86711 -0.25105,-7.70077 -1.23905,-18.46496 -2.39804,-26.12635 -1.18282,-7.81908 -2.14811,-18.44343 -2.41379,-26.56737 -0.2435,-7.44572 -0.61088,-13.80973 -0.81638,-14.14225 -0.2055,-0.33251 -0.53507,-5.87911 -0.73237,-12.32578 -0.9783,-31.96513 -1.42585,-43.33931 -1.80993,-45.99688 -0.18201,-1.25942 -1.62462,-1.63415 -10.27159,-2.66812 -11.64643,-1.39264 -17.3764,-3.33968 -21.37378,-7.26281 -3.15818,-3.09952 -3.41474,-3.66207 -3.41474,-7.48729 0,-2.27478 0.50487,-5.14717 1.12193,-6.38307 2.34921,-4.7052 4.48471,-14.97329 4.5642,-21.94597 0.0439,-3.84949 -0.23528,-7.28811 -0.62039,-7.64138 -0.3851,-0.35327 -2.57119,-1.24929 -4.85797,-1.99117 -2.28679,-0.74187 -4.34813,-1.65684 -4.58077,-2.03325 -0.46198,-0.7475 -8.60811,-5.54413 -9.4156,-5.54413 -0.27428,0 -0.49868,1.2064 -0.49868,2.68089 0,1.47449 -0.55641,3.14267 -1.23647,3.70707 -1.44929,1.2028 -3.44869,5.55049 -4.36277,9.48679 -0.35481,1.52794 -1.01753,4.20681 -1.47269,5.95303 -1.19356,4.57902 -1.05051,8.84895 0.38975,11.6341 1.45433,2.81237 1.03041,5.41322 -1.50543,9.23612 -2.55438,3.85085 -5.92186,5.24905 -9.99832,4.15138 -3.92568,-1.05708 -8.64702,-5.01226 -10.08155,-8.44556 -1.26713,-3.03269 -0.8299,-13.95828 0.90463,-22.60529 0.64837,-3.23225 1.56522,-7.84131 2.03745,-10.24237 0.47223,-2.40106 1.36309,-4.92945 1.97967,-5.61866 0.61659,-0.68921 1.11973,-2.11794 1.1181,-3.17495 -0.002,-1.54174 -0.74807,-2.23238 -3.77026,-3.49194 -2.072,-0.86356 -3.94586,-1.60876 -4.16414,-1.65603 -1.16189,-0.25158 -3.80762,-1.55757 -5.55617,-2.74263 -2.17325,-1.47291 -8.73111,-2.62468 -8.73111,-1.53347 0,0.37454 1.26796,1.28265 2.81767,2.01804 4.80189,2.27865 7.33297,9.30788 4.77144,13.25105 -0.62811,0.96689 -2.30369,6.40135 -3.72351,12.07657 -2.24391,8.96917 -2.58012,11.64206 -2.5709,20.43875 0.006,5.56608 -0.19379,10.12099 -0.44361,10.12202 -0.24983,7.9e-4 -1.66857,1.03973 -3.15277,2.30825 -2.76058,2.3594 -6.75734,3.3609 -9.34464,2.34156 -0.79769,-0.31428 -2.7687,-0.59652 -4.38002,-0.6272 -1.61132,-0.0307 -3.15043,-0.41297 -3.42023,-0.84953 -0.26981,-0.43655 -1.1603,-0.79374 -1.97887,-0.79374 -1.92446,0 -11.1178,-3.97962 -11.1178,-4.81268 0,-0.35008 -0.72331,-0.86607 -1.60734,-1.14665 -0.88403,-0.28059 -2.86953,-1.80979 -4.4122,-3.39824 -3.24799,-3.34434 -4.26376,-2.71266 -4.18819,2.60453 0.0249,1.74967 -0.50131,6.39586 -1.16929,10.32486 -0.66798,3.92901 -1.4103,9.10814 -1.64961,11.5092 -1.60344,16.08803 -2.11593,22.99098 -2.85799,38.49628 -0.78524,16.40734 -1.98144,33.50781 -2.72064,38.89314 -0.17976,1.30967 -0.53072,5.59585 -0.7799,9.52485 -1.15896,18.27407 -3.80319,44.86317 -5.40709,54.37103 -0.55233,3.27417 -1.00423,11.28044 -1.00423,17.79179 v 11.83868 l 15.06155,-0.18241 c 8.28386,-0.10032 15.47794,-0.52799 15.98685,-0.95042 0.50891,-0.42234 1.10881,-1.73868 1.33311,-2.92516 0.2243,-1.18648 0.96472,-3.64317 1.64538,-5.45941 0.68066,-1.81623 1.41272,-4.26808 1.62679,-5.44861 0.21407,-1.18052 2.15007,-5.94525 4.30221,-10.58822 2.32983,-5.02634 4.41808,-11.01089 5.1614,-14.7917 2.21481,-11.26528 4.41865,-23.71886 4.846,-27.38395 0.39271,-3.36806 2.14141,-13.19275 3.60257,-20.24031 0.36204,-1.74622 1.08155,-5.31804 1.59891,-7.93737 0.51736,-2.61934 1.23198,-6.19116 1.58804,-7.93738 0.73894,-3.62395 3.33277,-17.42021 5.14844,-27.38395 1.6245,-8.91458 5.86812,-28.64329 7.34149,-34.13072 1.84419,-6.86854 3.37616,-10.57038 5.17356,-12.50136 1.7153,-1.84279 4.8873,-2.39 5.75121,-0.99218 0.2698,0.43656 1.5155,0.79374 2.76823,0.79374 2.389,0 4.77227,1.76585 4.77227,3.53594 0,1.31804 3.19435,2.19851 4.38655,1.20906 0.49353,-0.4096 1.59609,-0.85136 2.45012,-0.98169 0.85403,-0.13033 2.66704,-1.0304 4.02892,-2.00014 3.5279,-2.51208 11.10268,-2.50003 14.28096,0.0227 1.23748,0.98225 2.91114,2.15026 3.71926,2.59557 0.80811,0.44531 2.36816,2.40981 3.46679,4.36556 1.6032,2.85398 1.94678,4.41763 1.74063,7.92145 -0.49895,8.48025 0.14317,26.69873 1.24492,35.32133 0.61358,4.80211 1.35594,12.48152 1.64967,17.06536 0.55202,8.61453 1.13299,10.31859 3.51792,10.31859 1.69556,0 9.39202,7.57256 10.4317,10.26376 1.30372,3.37466 2.13793,25.13686 1.82031,47.48629 -0.1736,12.21498 0.013,22.47793 0.42859,23.57099 0.53929,1.41841 1.5414,2.07229 3.74846,2.44582 4.77654,0.80826 10.97871,4.08973 12.01065,6.35458 1.62413,3.5646 1.15529,8.14232 -1.06088,10.35852 -1.09139,1.09139 -1.98434,2.23969 -1.98434,2.55171 0,0.31201 -0.89296,1.53032 -1.98434,2.70736 -2.30978,2.49098 -2.58119,4.08179 -0.59531,3.48927 0.76397,-0.22796 3.10907,-0.83613 5.21133,-1.35142 z m -5.6567,-204.0445 c -0.44834,-1.459 -1.04659,-4.363 -1.32947,-6.45334 -0.55729,-4.11821 -2.03491,-7.97694 -4.01564,-10.48666 -1.2231,-1.54974 -1.27924,-1.55191 -2.36184,-0.0913 -0.60993,0.82291 -1.33113,3.14459 -1.60266,5.15929 -0.27153,2.01469 -0.87917,4.91321 -1.3503,6.44116 -1.29656,4.20483 -1.45904,7.01104 -0.44234,7.6394 1.36263,0.84214 10.44976,1.65611 11.23643,1.00648 0.37509,-0.30976 0.31482,-1.75392 -0.13418,-3.21508 z m 48.8352,-4.8355 c 1.60538,-1.94232 4.44421,-3.77025 5.85532,-3.77025 0.48831,0 2.47556,-1.07155 4.41612,-2.38122 1.94055,-1.30966 3.84349,-2.38121 4.22874,-2.38121 0.38526,0 0.92719,-0.71436 1.20431,-1.58747 0.27712,-0.87312 1.10484,-1.59016 1.8394,-1.59345 0.73455,-0.003 2.91149,-1.6106 4.83764,-3.57182 1.92615,-1.96121 3.76188,-3.56585 4.07939,-3.56585 0.31751,0 2.31339,-2.30538 4.43528,-5.12307 2.1219,-2.81768 4.42818,-5.13936 5.12508,-5.15929 1.96784,-0.0563 5.76686,-2.1728 7.81695,-4.35502 1.60577,-1.70925 1.79534,-2.51407 1.3928,-5.91291 -0.25628,-2.1639 -0.84326,-4.58671 -1.3044,-5.38401 -0.46113,-0.79731 -1.55461,-3.05697 -2.42995,-5.02147 -0.87534,-1.9645 -2.27791,-4.64336 -3.11682,-5.95303 -0.83892,-1.30967 -1.5514,-3.11344 -1.58331,-4.00837 -0.0319,-0.89494 -0.483,-2.05215 -1.00243,-2.57158 -0.60127,-0.60127 -1.14097,-5.57577 -1.48537,-13.69089 -0.48776,-11.49279 -0.70714,-12.92335 -2.23054,-14.54494 -0.92927,-0.98915 -1.68957,-2.15475 -1.68957,-2.59021 0,-1.70371 -5.16213,-4.61742 -8.05273,-4.54529 -5.8898,0.14698 -8.23081,1.05863 -12.00476,4.67494 -5.24637,5.02723 -5.04179,6.31848 1.01412,6.40075 4.14435,0.0563 5.08068,0.36709 7.15085,2.37352 4.62496,4.48253 5.80021,7.13596 5.24666,11.84575 -0.68425,5.82194 -1.72274,8.22353 -3.91665,9.05766 -1.02293,0.38892 -2.47674,1.64859 -3.2307,2.79928 -1.58531,2.41949 -4.69182,3.87811 -7.88148,3.70063 -2.7017,-0.15033 -10.05416,-3.87687 -10.63489,-5.39021 -0.22983,-0.59893 -2.38427,-2.39418 -4.78765,-3.98945 -5.03638,-3.34296 -11.34616,-4.41165 -14.05487,-2.38049 -1.37605,1.03185 -1.44342,1.49071 -0.62106,4.23007 1.02205,3.40448 5.98423,9.01166 8.00967,9.05078 1.64464,0.0317 4.95718,2.94733 6.2863,5.53293 0.5605,1.09038 1.90312,3.41123 2.98358,5.15745 3.56569,5.76276 0.75475,13.09667 -5.01969,13.09667 -2.28358,0 -2.63207,0.22486 -2.1528,1.38904 0.31451,0.76397 0.75157,2.01411 0.97123,2.77808 0.21967,0.76397 0.64316,1.38904 0.9411,1.38904 1.1213,0 2.54895,5.67818 2.05061,8.15593 -1.02279,5.08548 -1.20567,5.32136 -4.53891,5.85437 -1.78337,0.28517 -3.84051,1.11651 -4.57142,1.84741 -0.7309,0.73091 -1.9267,1.55831 -2.65732,1.83868 -0.73629,0.28254 -1.32841,1.36699 -1.32841,2.43297 0,1.43697 0.55186,2.06077 2.18278,2.46733 1.20053,0.29926 3.25433,1.01047 4.56399,1.58046 4.51684,1.96578 8.64799,3.25493 11.25316,3.5116 0.51401,0.0506 1.5988,-0.71159 2.41065,-1.69384 z m -161.99026,-7.32294 c 0.24724,-0.6443 1.10383,-3.94824 1.90353,-7.34207 0.7997,-3.39383 2.54453,-10.63538 3.8774,-16.09232 1.33286,-5.45695 2.42956,-10.86024 2.43711,-12.00732 0.0156,-2.38016 1.0635,-3.42528 4.18084,-4.16998 4.62551,-1.10498 1.55518,-2.84203 -5.05798,-2.86157 -2.01791,-0.006 -6.40443,-0.90379 -9.74781,-1.99518 -6.44739,-2.10464 -9.99851,-2.51609 -9.99851,-1.15847 0,0.45423 0.75405,1.84579 1.67567,3.09234 2.91146,3.93796 2.82057,10.35462 -0.3043,21.48139 -0.55171,1.9645 -2.00704,5.25848 -3.23405,7.31995 -2.51474,4.22496 -2.50583,6.45416 0.0272,6.81654 0.94609,0.13535 2.14702,0.76042 2.66872,1.38904 0.52172,0.62863 1.51853,1.14296 2.21516,1.14296 0.69661,0 1.99231,0.83216 2.87932,1.84926 1.61227,1.84871 4.23866,3.63726 5.40791,3.68277 0.34113,0.0132 0.82251,-0.50303 1.06975,-1.14734 z M 308.28019,668.5928 c 0.0517,-1.20053 0.0494,-2.45729 -0.005,-2.79281 -0.0544,-0.33552 0.29186,-3.19298 0.76946,-6.3499 0.90409,-5.97595 2.17346,-8.8028 4.94632,-11.01532 l 1.63771,-1.30676 -2.53253,-5.14431 c -4.50657,-9.15414 -4.4091,-17.54031 0.26398,-22.71285 2.4159,-2.67411 3.28119,-3.05855 8.87164,-3.94155 3.40706,-0.53814 8.06251,-0.7803 10.34545,-0.53814 l 4.15081,0.44029 -0.83008,-2.18327 c -1.01751,-2.67626 -0.25557,-7.28437 1.30337,-7.8826 0.63075,-0.24203 1.14682,-0.87028 1.14682,-1.39609 0,-0.5258 0.62507,-1.64843 1.38904,-2.49472 0.88909,-0.98489 1.42792,-2.96714 1.49707,-5.5074 0.0595,-2.18278 0.66718,-7.54051 1.35061,-11.90606 2.74819,-17.55488 1.14077,-37.83637 -4.17654,-52.69705 -1.77947,-4.97281 -3.23528,-9.69304 -3.23528,-10.48941 0,-0.79635 1.04275,-2.63555 2.31721,-4.08709 3.96013,-4.51033 9.62303,-3.66871 17.41513,2.58826 2.70106,2.16891 7.94077,4.40702 18.36707,7.84534 10.74371,3.543 14.93715,4.73851 18.46416,5.26393 2.079,0.30971 3.97529,0.87908 4.21396,1.26527 0.23868,0.38617 1.04704,0.70214 1.79636,0.70214 0.74932,0 3.4964,1.06034 6.10462,2.35631 2.60823,1.29597 4.99378,2.36751 5.30124,2.38121 0.30746,0.0137 3.66264,1.81082 7.45597,3.9936 3.79333,2.18278 7.36039,3.96869 7.92682,3.96869 0.56643,0 1.25119,0.35811 1.52171,0.79582 0.27052,0.43771 2.15137,1.55183 4.17967,2.47583 3.16057,1.43981 4.53711,1.60303 9.62829,1.14168 3.26726,-0.29607 6.3136,-0.76892 6.76965,-1.05077 2.88421,-1.78254 11.33836,2.17545 14.68471,6.87496 2.15311,3.02378 3.13272,7.87897 2.4364,12.07542 -0.81189,4.89294 -1.29768,5.74694 -3.93251,6.91322 -1.44026,0.63752 -2.6477,1.99006 -3.17945,3.56152 -0.7432,2.19634 -2.02371,3.95669 -7.32945,10.07603 -0.56867,0.65587 -4.16194,5.16695 -7.98503,10.02461 -3.8231,4.85767 -8.72518,10.57173 -10.89351,12.69792 -2.16833,2.12619 -3.95159,4.18941 -3.96281,4.58492 -0.0112,0.39552 -1.44911,2.11963 -3.19533,3.83135 -1.74622,1.71173 -3.17495,3.2778 -3.17495,3.48015 0,0.49413 -3.187,4.8784 -5.1593,7.09749 -2.78597,3.13458 -3.57182,4.23328 -3.57182,4.99377 0,0.40828 -0.53577,0.94792 -1.1906,1.19921 -1.63032,0.6256 -1.49356,3.27004 0.46973,9.08369 1.75783,5.20519 2.53397,5.6968 6.5708,4.16201 1.09152,-0.415 3.88293,-2.78316 6.20314,-5.2626 2.3202,-2.47943 4.57574,-4.8086 5.01229,-5.17593 0.43656,-0.36733 1.73818,-1.48169 2.89249,-2.47635 1.15432,-0.99466 3.63094,-3.05861 5.5036,-4.58655 3.53304,-2.88269 24.77806,-23.91364 32.57171,-32.24351 5.46098,-5.83671 6.25959,-7.27521 6.25959,-11.27496 0,-3.4592 0.82049,-4.14918 5.55617,-4.67239 2.76675,-0.30568 6.33747,-3.44814 6.34595,-5.58487 0.002,-0.54569 0.30682,-0.99217 0.67701,-0.99217 0.98056,0 8.05836,-14.38106 8.05819,-16.37312 -2.6e-4,-3.17176 -2.35313,-7.32581 -5.64333,-9.9634 -1.80776,-1.44919 -4.76011,-3.90937 -6.56077,-5.46704 -1.80066,-1.55768 -4.52406,-3.69106 -6.052,-4.74086 -1.52795,-1.04979 -3.4705,-2.54348 -4.31679,-3.31932 -0.84629,-0.77584 -2.01834,-1.41062 -2.60457,-1.41062 -0.58621,0 -1.27144,-0.53577 -1.52272,-1.1906 -0.25129,-0.65484 -0.91623,-1.19061 -1.47764,-1.19061 -0.56142,0 -1.22636,-0.53577 -1.47765,-1.19061 -0.25128,-0.65483 -0.80903,-1.1906 -1.23944,-1.1906 -0.43042,0 -1.65776,-0.80366 -2.72743,-1.78591 -4.44203,-4.079 -10.31469,-7.71296 -12.49107,-7.72938 -1.24793,-0.009 -4.76495,-1.44238 -8.65463,-3.52622 -1.09138,-0.5847 -4.30602,-2.26503 -7.14363,-3.73407 -2.83762,-1.46905 -5.95573,-3.60691 -6.92914,-4.75082 -0.97341,-1.1439 -2.93791,-2.52793 -4.36555,-3.07561 -5.62655,-2.1585 -17.00986,-7.98575 -19.26421,-9.86158 -5.56647,-4.63181 -7.41218,-5.82129 -12.30294,-7.9287 -2.83761,-1.22272 -8.73111,-3.94102 -13.09667,-6.04065 -6.9112,-3.32399 -13.5952,-5.60814 -28.17769,-9.62927 -4.15305,-1.14521 -4.04364,-1.12232 -12.18624,-2.54973 -5.3547,-0.93868 -6.62923,-1.48869 -9.04293,-3.90239 l -2.8097,-2.80971 -3.14415,1.63883 c -1.72928,0.90135 -6.02043,2.09936 -9.53588,2.66225 -3.51544,0.56288 -6.60363,1.31314 -6.86263,1.66724 -0.259,0.3541 -1.88695,1.70065 -3.61767,2.99233 -1.73072,1.29168 -3.71883,2.89697 -4.41801,3.56731 -0.69918,0.67033 -4.73016,4.48158 -8.95773,8.46944 -4.22757,3.98785 -7.6865,7.59361 -7.6865,8.01279 0,0.41918 -0.71436,1.40863 -1.58747,2.19879 -0.87311,0.79015 -1.58748,1.87332 -1.58748,2.40704 0,2.37802 -4.89381,3.69999 -9.6062,2.59494 -5.60378,-1.31408 -11.79991,-14.20109 -10.55902,-21.96117 0.4777,-2.98741 -1.39043,-8.83729 -2.82216,-8.83729 -0.92808,0 -4.01286,-2.8972 -3.56337,-3.3467 0.22409,-0.22409 -0.85394,-2.32278 -2.39565,-4.66374 -1.54171,-2.34096 -2.8031,-4.65666 -2.8031,-5.14599 0,-0.48933 -1.87521,-1.54476 -4.16713,-2.34539 -7.72675,-2.69917 -29.90067,-1.7067 -36.60616,1.63845 -1.28285,0.63996 -3.79559,1.16556 -5.58388,1.168 -1.78829,0.002 -4.50157,0.33854 -6.02952,0.74689 -1.52794,0.40835 -4.56399,0.88999 -6.74677,1.07028 -2.18278,0.1803 -4.50446,0.51722 -5.15929,0.74871 -0.65484,0.2315 -6.19116,1.02459 -12.30294,1.76243 -17.7107,2.1381 -20.35816,2.66381 -25.3996,5.04366 -10.24531,4.83636 -15.98974,6.54451 -26.19335,7.78876 -1.74622,0.21295 -3.88931,0.69169 -4.76242,1.06388 -3.10563,1.32388 -4.79522,1.80141 -7.29039,2.06048 -1.39038,0.14437 -3.97285,1.17461 -5.73882,2.28942 -1.76598,1.11481 -3.753739,2.02693 -4.417247,2.02693 -0.66351,0 -1.20638,0.348 -1.20638,0.77335 0,0.42535 -0.98225,1.2841 -2.182779,1.90835 -1.200528,0.62425 -3.516035,2.47269 -5.145571,4.10764 -3.375209,3.38643 -4.4951,7.31114 -3.006896,10.5378 2.217523,4.80795 3.117096,7.02963 3.966007,9.79488 0.491853,1.60216 1.430774,3.35827 2.086491,3.90247 0.655718,0.5442 2.575785,3.34093 4.266817,6.21496 1.691032,2.87403 3.632481,5.93987 4.314331,6.81299 2.689647,3.4441 6.853227,9.60976 7.526017,11.14495 0.39051,0.89105 1.30363,2.11275 2.02916,2.71489 0.72554,0.60214 1.80405,2.25532 2.39671,3.67374 0.59265,1.41843 1.90408,3.02129 2.91428,3.56193 1.0102,0.54065 2.31608,1.46235 2.90197,2.04824 1.50394,1.50394 2.20649,1.34191 3.985,-0.9191 0.93503,-1.18871 2.3715,-1.98434 3.58258,-1.98434 1.11194,0 2.20971,-0.3042 2.43949,-0.67601 0.22979,-0.3718 2.12608,-1.29845 4.21397,-2.05922 2.0879,-0.76078 4.9217,-1.8853 6.29735,-2.49895 1.37564,-0.61365 2.87258,-1.11573 3.32653,-1.11573 1.69627,0 1.65089,-1.5741 -0.20923,-7.25746 -1.81978,-5.56014 -6.25828,-14.87507 -7.50393,-15.74828 -0.79492,-0.55724 -3.86885,-7.27874 -4.52577,-9.8961 -0.52641,-2.09739 1.65775,-7.57878 3.0199,-7.57878 0.33728,0 0.61324,-0.78155 0.61324,-1.73679 0,-2.9208 3.16633,-6.49951 7.44709,-8.417 2.23416,-1.00076 5.07331,-2.34019 6.30921,-2.97652 1.23591,-0.63633 2.91144,-1.15696 3.72341,-1.15696 0.81197,0 1.69706,-0.35718 1.96687,-0.79374 0.2698,-0.43656 1.53379,-0.79374 2.80886,-0.79374 1.27507,0 3.66496,-0.51702 5.31088,-1.14893 7.86189,-3.01841 18.13133,-3.11897 34.74209,-0.34023 10.48653,1.75425 25.84722,0.63993 30.38136,-2.20397 0.99373,-0.6233 3.52449,-1.20817 5.6239,-1.29972 6.91675,-0.30161 12.66511,5.59272 14.07936,14.43687 0.68329,4.2731 -0.0853,6.89602 -2.79761,9.54741 -2.2964,2.2448 -7.20326,11.40995 -7.20326,13.45442 0,1.80565 -3.14799,12.11441 -4.8142,15.76506 -0.84463,1.85061 -1.5357,4.02979 -1.5357,4.84264 0,0.81285 -0.89295,3.15733 -1.98434,5.20995 -1.09139,2.05262 -1.98435,4.24891 -1.98435,4.88064 0,0.63174 -0.35718,1.14861 -0.79374,1.14861 -0.43655,0 -0.79373,0.87187 -0.79373,1.9375 0,1.06562 -0.32971,2.14126 -0.73267,2.39032 -0.40297,0.24905 -0.97616,1.60955 -1.27376,3.02336 -0.2976,1.4138 -2.66948,6.85672 -5.27085,12.09539 -8.94818,18.01992 -11.69774,23.81692 -12.23544,25.79648 -0.29644,1.09139 -1.16424,2.8773 -1.92842,3.96869 -0.76419,1.09138 -1.93847,3.60803 -2.60951,5.59254 -1.14275,3.37951 -1.75993,4.91436 -5.01226,12.46499 -0.70516,1.63708 -1.42091,4.58383 -1.59055,6.54833 -0.16965,1.9645 -0.47966,4.84736 -0.68893,6.40635 l -0.38047,2.83453 5.74128,1.34667 c 8.9586,2.10132 9.42051,2.20572 14.47238,3.27067 2.61934,0.55216 6.35813,1.44504 8.30843,1.98418 3.40376,0.94092 4.87398,1.54658 15.5037,6.3867 3.17975,1.44787 6.87265,2.36062 11.11233,2.74656 7.60087,0.69192 15.39966,2.54859 17.12786,4.07766 0.68921,0.60979 1.58216,1.11865 1.98434,1.13079 0.40218,0.0122 2.1343,1.08369 3.84915,2.38122 1.71486,1.29752 3.6844,2.35913 4.37677,2.35913 1.47872,0 7.5336,2.22619 13.1425,4.83209 2.18278,1.01412 4.19405,1.78467 4.46948,1.71234 0.27543,-0.0723 1.13446,0.56866 1.90893,1.42445 0.77447,0.85578 1.88855,1.55597 2.47572,1.55597 0.58717,0 1.06759,0.35718 1.06759,0.79374 0,0.43655 0.49204,0.79374 1.09342,0.79374 0.60138,0 1.53807,0.53577 2.08153,1.1906 0.60296,0.72652 2.34251,1.19061 4.46274,1.19061 3.23856,0 3.48103,-0.1483 3.56863,-2.18278 z M 139.91381,618.4266 c 0.21828,-0.28511 1.75293,-1.34259 3.41034,-2.34996 3.13939,-1.90811 3.49398,-3.46056 0.88944,-3.89404 -0.83693,-0.13929 -3.03583,-0.94295 -4.88643,-1.78591 -4.49204,-2.04614 -6.43773,-1.97459 -6.88644,0.25326 -1.32802,6.59351 -1.30178,6.76161 1.31356,8.41753 2.40634,1.52358 4.68385,1.28661 6.15953,-0.64088 z m 31.15421,-11.43559 c 1.63708,-1.19704 2.97651,-2.79315 2.97651,-3.54692 0,-0.75376 0.49684,-2.07981 1.1041,-2.94678 0.60725,-0.86698 1.64483,-3.39718 2.30574,-5.6227 0.6609,-2.2255 1.58116,-4.72097 2.04501,-5.54549 0.46385,-0.82452 2.11217,-4.1421 3.66292,-7.3724 2.66083,-5.54268 2.74442,-5.95628 1.48496,-7.34797 -1.44962,-1.6018 -5.53113,-3.84411 -6.99715,-3.84411 -0.50213,0 -2.12464,-1.25014 -3.60558,-2.77809 -1.48094,-1.52794 -3.10354,-2.77808 -3.60577,-2.77808 -0.50222,0 -2.22583,-1.27487 -3.83022,-2.83304 -2.85174,-2.76957 -3.01895,-2.82066 -7.46384,-2.2801 -2.50071,0.30412 -5.54833,1.0624 -6.7725,1.68505 -1.22417,0.62266 -2.83149,1.05615 -3.57182,0.96332 -1.85954,-0.23316 -5.71162,0.90933 -5.71162,1.69401 0,0.35455 -1.05477,0.8763 -2.34394,1.15945 -2.79125,0.61306 -6.38717,3.27659 -6.38717,4.73103 0,0.56969 -0.53495,1.47977 -1.18878,2.0224 -1.39605,1.15862 -1.00891,4.4939 0.7226,6.22542 1.16757,1.16757 5.53904,3.03428 9.05086,3.86492 1.01084,0.2391 2.59604,1.46015 3.52265,2.71345 0.92661,1.25332 2.07894,2.27875 2.56072,2.27875 1.68089,0 6.60702,5.42088 7.14277,7.86015 0.29699,1.35214 0.86877,2.45844 1.27064,2.45844 1.11631,0 0.88796,9.8438 -0.25487,10.98663 -0.78489,0.78489 -0.74449,1.13793 0.19844,1.73407 0.65118,0.41168 1.7653,0.754 2.47582,0.76068 0.71052,0.006 1.74923,0.56326 2.30826,1.23684 0.89813,1.08219 1.30197,0.96131 3.47057,-1.03889 1.34979,-1.24498 3.7936,-3.243 5.43069,-4.44004 z m 235.44908,-1.87708 c 1.55945,-1.18944 3.90896,-3.42183 5.22114,-4.96086 1.31217,-1.53902 3.68288,-4.13146 5.26822,-5.76098 1.58535,-1.62951 4.40284,-4.93344 6.26108,-7.34207 1.85824,-2.40863 3.61535,-4.37932 3.9047,-4.37932 0.28934,0 1.15138,-1.05855 1.91563,-2.35233 0.76425,-1.29378 1.82352,-2.82562 2.35391,-3.40408 0.5304,-0.57846 1.41774,-1.84781 1.97188,-2.82077 0.90948,-1.59689 0.80791,-1.84492 -1.04384,-2.54896 -1.12825,-0.42896 -2.21381,-0.77992 -2.41234,-0.77992 -0.19853,0 -1.87189,-0.98047 -3.71858,-2.17882 -3.68934,-2.39408 -7.06441,-4.22366 -14.86681,-8.05908 -9.1477,-4.49673 -21.08938,-9.60555 -22.45263,-9.60555 -1.0852,0 -15.46379,-4.39905 -22.16546,-6.7814 -2.93044,-1.04174 -5.48949,-1.63289 -5.68679,-1.31367 -0.19728,0.31921 -0.05,2.23268 0.32726,4.25215 1.17009,6.26317 1.966,18.93398 1.74751,27.81991 -0.24703,10.04604 -0.0911,10.23959 8.10735,10.06182 2.89763,-0.0629 5.66927,0.2884 6.28081,0.79593 0.602,0.49961 2.865,1.43416 5.0289,2.07677 2.1639,0.64261 4.93192,1.97643 6.15114,2.96405 4.41807,3.57877 9.96217,9.31178 9.96508,10.3046 0.005,1.57882 3.03967,6.17522 4.07756,6.17522 0.51091,0 2.20483,-0.97319 3.76428,-2.16264 z M 197.97766,552.7071 c 0.4815,-1.20052 1.68,-4.32587 2.66334,-6.9452 0.98334,-2.61933 3.11259,-7.79847 4.73168,-11.5092 3.03395,-6.95336 8.35873,-22.4688 8.35873,-24.35579 0,-0.58594 0.43296,-1.75863 0.96213,-2.60596 0.52917,-0.84733 0.68509,-1.81764 0.34649,-2.15623 -0.33859,-0.3386 -4.61125,-0.84191 -9.4948,-1.11848 -4.88355,-0.27657 -11.72513,-1.12954 -15.20352,-1.8955 -4.67558,-1.02959 -7.88296,-1.25268 -12.30293,-0.85576 -5.6672,0.50894 -16.50989,2.92137 -18.41105,4.09635 -0.48404,0.29916 -1.45658,0.59991 -2.16119,0.66834 -2.45046,0.23799 -7.23407,3.12532 -7.22259,4.35948 0.021,2.26329 2.16803,7.47818 7.12869,17.31522 4.49142,8.90654 5.08753,9.72328 7.09668,9.72328 2.41899,0 7.60385,3.41179 10.19941,6.71152 2.73461,3.47649 8.20025,6.75157 11.29415,6.76758 1.53469,0.008 4.39214,0.89156 6.3499,1.96359 4.50172,2.46508 4.61202,2.46191 5.66488,-0.16324 z m 81.89332,-87.23063 c 1.23401,-1.02653 2.80038,-1.86642 3.48079,-1.86642 0.68043,0 2.03717,-0.80366 3.01501,-1.78591 0.97783,-0.98225 3.09053,-2.67886 4.69491,-3.77025 4.62373,-3.14535 11.56834,-8.8675 11.56834,-9.53198 0,-1.06385 -4.84974,-1.74123 -16.66849,-2.32818 -6.33006,-0.31436 -12.31285,-0.85214 -13.2951,-1.19505 -1.47543,-0.51508 -1.78591,-0.33955 -1.78591,1.00972 0,0.89827 0.29078,1.81293 0.64619,2.03258 0.35541,0.21966 0.11744,3.13034 -0.52882,6.46818 l -1.17502,6.0688 2.2882,4.23005 c 2.52211,4.66245 2.91765,4.69652 7.7599,0.66846 z m 14.02794,-42.37271 c 1.52794,-0.41757 4.10411,-0.76121 5.72482,-0.76364 5.30874,-0.008 17.28422,-4.9976 20.79857,-8.66579 1.63444,-1.70598 2.77097,-2.2288 4.31756,-1.98611 6.41249,1.00625 7.66703,1.37717 9.67236,2.85977 l 2.19737,1.62459 4.31289,-2.04032 c 2.3721,-1.12218 4.77152,-2.59294 5.33206,-3.26834 0.56055,-0.67542 1.46747,-1.22803 2.0154,-1.22803 0.54792,0 1.44707,-0.54323 1.99811,-1.20718 0.55103,-0.66396 2.72068,-2.17339 4.82146,-3.35428 2.10077,-1.18091 4.27824,-3.04866 4.83882,-4.15055 0.56057,-1.10189 1.78886,-2.75388 2.72952,-3.6711 1.67802,-1.63618 7.21694,-12.3654 7.82901,-15.16526 0.39138,-1.7903 1.94148,-6.2403 3.2722,-9.3938 0.56041,-1.32803 1.37431,-3.8283 1.80867,-5.55617 0.43436,-1.72786 1.15869,-4.5703 1.60962,-6.31652 1.0706,-4.14586 1.07978,-16.94161 0.0176,-24.57814 -0.77894,-5.60035 -0.71643,-6.24032 0.85847,-8.78855 0.93423,-1.5116 2.17547,-2.74837 2.75831,-2.74837 0.58285,0 1.19937,-0.41894 1.37004,-0.93096 0.17956,-0.53867 2.01957,-0.95676 4.36664,-0.99218 3.28165,-0.0495 4.46212,0.31775 6.18114,1.92314 4.12237,3.84981 4.66165,5.86491 4.70863,17.59452 0.0239,5.96628 0.26747,11.07178 0.54127,11.34558 0.51874,0.51872 4.5351,-3.38333 11.56469,-11.23556 2.26883,-2.53433 4.94769,-5.50083 5.95303,-6.59222 2.10696,-2.28729 6.59346,-5.55616 7.62577,-5.55616 0.38658,0 1.34935,-0.71437 2.13951,-1.58748 0.79016,-0.87311 1.87885,-1.58747 2.41931,-1.58747 0.54046,0 1.19771,-0.5604 1.46055,-1.24534 0.28786,-0.75017 1.03174,-1.07289 1.87082,-0.81166 0.96339,0.29995 2.3098,-0.62612 4.36601,-3.00293 1.63519,-1.89013 4.58194,-4.45357 6.54834,-5.69653 1.96643,-1.24295 3.5753,-2.54586 3.5753,-2.89536 0,-0.34951 0.35718,-0.63546 0.79374,-0.63546 0.43656,0 1.46569,-0.62507 2.28697,-1.38904 2.96842,-2.76129 6.88302,-5.88225 8.89425,-7.09101 3.71517,-2.23287 4.88563,-5.59604 4.25799,-12.23481 -0.74437,-7.87349 -2.51121,-11.45921 -7.97943,-16.19394 -2.52093,-2.18278 -5.57224,-4.90785 -6.78068,-6.05571 -3.04086,-2.88841 -8.92119,-6.22822 -11.99911,-6.81505 -5.41569,-1.03254 -20.63174,-1.12805 -23.12105,-0.14512 -2.66204,1.05111 -5.24582,2.98316 -5.24582,3.92258 0,0.32031 1.29596,0.82551 2.87991,1.12266 2.13384,0.40031 4.45473,2.07502 8.95891,6.46456 6.01916,5.86598 9.9472,8.61763 11.19819,7.84447 0.35592,-0.21997 1.12978,0.0827 1.71968,0.67259 0.5899,0.5899 1.8398,1.48317 2.77755,1.98504 0.93776,0.50188 1.94368,1.99912 2.23538,3.32721 0.29169,1.32809 1.36555,2.96194 2.38633,3.63079 2.41134,1.57997 3.56224,5.01636 3.56224,10.63619 0,6.54886 -1.15754,9.29403 -4.2274,10.02552 -2.94395,0.70149 -6.88493,0.86657 -6.88493,0.2884 0,-0.22085 -1.09815,-0.88764 -2.44034,-1.48175 -1.3422,-0.59411 -3.35885,-1.93144 -4.48147,-2.97185 -1.12261,-1.04039 -2.22312,-1.89163 -2.44558,-1.89163 -0.70772,0 -6.08483,4.23615 -6.74523,5.31396 -0.34911,0.56977 -0.99969,1.03594 -1.44574,1.03594 -0.44604,0 -1.34677,0.53577 -2.0016,1.19061 -2.39533,2.39533 -9.00272,0.69616 -11.97207,-3.07877 -0.9001,-1.14429 -2.01905,-2.08053 -2.48656,-2.08053 -1.31086,0 -2.61904,-3.01226 -2.34384,-5.39698 0.18312,-1.58678 1.07201,-2.56277 3.42232,-3.75768 9.7663,-4.96521 11.81233,-6.83427 8.44527,-7.71478 -1.54477,-0.40397 -6.68449,-7.63427 -7.61538,-10.71294 -0.62658,-2.07226 -0.93522,-2.12319 -3.60797,-0.5953 -2.4536,1.4026 -4.84132,1.4685 -8.92097,0.24621 -3.35922,-1.00645 -3.79642,-1.68208 -7.73774,-11.95741 -1.71456,-4.46998 -1.72657,-4.74975 -0.56221,-13.09667 1.50597,-10.79582 0.90898,-15.89897 -2.48346,-21.22892 -4.47395,-7.02913 -5.98367,-10.90138 -6.34402,-16.27162 -0.32391,-4.8271 -1.8837,-8.83863 -3.08629,-7.93738 -0.29126,0.21828 -0.82822,-0.75572 -1.19326,-2.16445 -0.36504,-1.40873 -1.37,-2.93932 -2.23324,-3.40131 -0.86324,-0.462 -1.56953,-1.34502 -1.56953,-1.96227 0,-1.32833 -4.80415,-5.17177 -6.46451,-5.17177 -0.63546,0 -1.53311,0.37774 -1.99479,0.83942 -0.46168,0.46168 -2.88854,1.05091 -5.39304,1.3094 -3.806,0.39281 -5.19087,0.15725 -8.43497,-1.43473 -2.13474,-1.04758 -3.8869,-2.26939 -3.89369,-2.71512 -0.0209,-1.37001 -7.32882,-8.2428 -10.65965,-10.02492 -8.01423,-4.2879 -11.28731,-5.51432 -13.56169,-5.08155 -2.3637,0.44976 -13.89041,10.42379 -13.89041,12.01933 0,1.37935 -4.52751,3.5007 -7.47141,3.5007 -3.14108,0 -7.1777,-2.92632 -8.0987,-5.87109 -0.28717,-0.91818 -1.53971,-3.1552 -2.78343,-4.97116 -2.27311,-3.31895 -3.88335,-4.01274 -11.01475,-4.74582 -1.09139,-0.11218 -4.41618,-0.56845 -7.38842,-1.01392 -4.43369,-0.66451 -6.07274,-0.58138 -9.12798,0.46297 -2.04815,0.70009 -5.50982,1.39165 -7.6926,1.53679 -7.1911,0.47815 -15.30804,4.2684 -24.82614,11.59269 -5.76397,4.43545 -10.44552,9.28204 -10.96491,11.35148 -0.27286,1.08715 -0.84665,1.97665 -1.27509,1.97665 -0.80267,0 -2.90852,1.75939 -9.50044,7.93737 -3.60919,3.38256 -3.81179,3.79262 -3.82345,7.73894 -0.0123,4.16339 -0.01,4.16717 2.56733,4.22292 1.41881,0.0306 3.28343,0.33085 4.14362,0.66705 1.02712,0.40144 3.20679,-0.0748 6.3499,-1.38737 6.79379,-2.83711 15.56043,-2.65073 29.61519,0.62962 9.29734,2.16997 18.86107,5.57487 20.01692,7.12646 0.21828,0.29302 1.75395,1.35759 3.41259,2.36573 3.34637,2.03395 9.83291,8.6075 12.64655,12.81618 1.00353,1.5011 3.0028,5.40814 4.44283,8.68231 1.44003,3.27416 2.96446,6.5924 3.38764,7.37385 1.37973,2.54787 2.6458,9.58065 2.67349,14.8508 0.0214,4.08462 -0.41252,5.9955 -2.08347,9.17373 -5.98587,11.38544 -8.20792,14.36677 -13.64681,18.30995 l -3.85132,2.7922 -17.2182,0.0477 c -14.43611,0.04 -17.6229,-0.16156 -19.72295,-1.24754 -1.37762,-0.71237 -3.39437,-1.29523 -4.48167,-1.29523 -1.08731,0 -2.19767,-0.35719 -2.46748,-0.79374 -0.26981,-0.43656 -1.03029,-0.79374 -1.68996,-0.79374 -1.74296,0 -15.66729,-9.89797 -18.72354,-13.30944 -3.43807,-3.83767 -8.34131,-8.50048 -13.49628,-12.8345 -4.31898,-3.63117 -4.72698,-4.17147 -8.00358,-10.59904 l -1.9386,-3.80287 -2.01487,3.80287 c -3.00026,5.66268 -5.06209,9.82302 -6.40844,12.93085 -0.66191,1.52795 -1.97461,4.48034 -2.9171,6.56088 -1.60724,3.54794 -1.68851,4.65668 -1.30912,17.8591 0.22247,7.74196 0.61192,15.14784 0.86543,16.45751 0.25352,1.30967 0.80534,5.77444 1.22627,9.92172 0.84637,8.33899 2.45404,16.18475 4.31006,21.03405 0.66835,1.74622 1.23087,3.80487 1.25003,4.57476 0.0191,0.7699 0.3781,2.02003 0.79765,2.77808 0.41956,0.75805 1.67834,3.39551 2.7973,5.86102 1.11895,2.4655 2.56159,4.92021 3.20585,5.45491 0.64428,0.5347 1.17141,1.43681 1.17141,2.0047 0,0.56789 0.89295,2.09373 1.98434,3.39077 1.09139,1.29705 1.98435,2.61248 1.98435,2.9232 0,0.31071 1.07154,1.91787 2.38121,3.57146 1.30967,1.65358 2.38121,3.35611 2.38121,3.78338 0,2.50821 9.8224,9.04143 19.84345,13.19858 0.65483,0.27166 2.4269,1.2401 3.93793,2.15212 3.3057,1.99521 13.2917,5.68161 14.39478,5.31391 0.87202,-0.29067 -1.28028,-2.76279 -4.00885,-4.60455 -3.44065,-2.3224 -10.35518,-9.6823 -10.35518,-11.02216 0,-0.74808 -0.44647,-1.80663 -0.99217,-2.35232 -1.62074,-1.62074 -1.31964,-14.34053 0.39687,-16.76573 0.76397,-1.07938 1.38904,-2.88776 1.38904,-4.01862 0,-2.17561 2.79407,-5.21927 6.46854,-7.0464 2.04093,-1.01485 7.84711,-0.7464 27.9228,1.29101 4.5492,0.46168 10.85171,-0.35651 10.85171,-1.40877 0,-0.40981 -0.71437,-0.74511 -1.58748,-0.74511 -0.87311,0 -1.58747,-0.35718 -1.58747,-0.79373 0,-0.43656 -0.71922,-0.79374 -1.59825,-0.79374 -0.87903,0 -2.21846,-0.29931 -2.97651,-0.66514 -9.54718,-4.60733 -10.74952,-5.35739 -11.56285,-7.21329 -0.49249,-1.12381 -1.14297,-2.22589 -1.44551,-2.44906 -0.30253,-0.22317 -1.10826,-2.00908 -1.79051,-3.96869 -1.78169,-5.11751 -1.62203,-12.24291 0.36634,-16.35035 1.73592,-3.58592 10.50452,-12.2153 12.41239,-12.2153 0.62725,0 2.99277,-0.84567 5.25672,-1.87926 2.43744,-1.11279 7.00493,-2.21472 11.19896,-2.70181 5.3291,-0.6189 7.39256,-1.19845 8.33424,-2.34082 0.94106,-1.1416 2.43304,-1.56134 6.01398,-1.69191 4.20446,-0.15331 5.03021,0.0771 7.04807,1.96637 2.17413,2.0356 2.26295,2.38313 1.82038,7.12247 -0.45484,4.87087 -2.1709,8.25607 -4.18524,8.25607 -0.50436,0 -1.34175,0.51178 -1.86088,1.13729 -0.51913,0.62551 -1.54511,1.11543 -2.27997,1.08872 -0.73485,-0.0267 -4.19356,0.57696 -7.686,1.3415 -3.49245,0.76454 -7.06427,1.47061 -7.93738,1.56904 -2.56778,0.28947 -5.15929,1.34413 -5.15929,2.09966 0,0.38564 -0.62507,0.71472 -1.38904,0.73129 -1.32591,0.0287 -5.7546,5.49977 -5.7546,7.10899 0,0.42241 0.98225,1.00267 2.18278,1.28946 1.20052,0.28679 2.64083,0.88272 3.20069,1.32427 0.69051,0.54462 1.967,0.51383 3.96869,-0.0957 1.62292,-0.49423 3.66514,-0.94232 4.53825,-0.99576 1.97033,-0.12061 5.15929,0.86213 5.15929,1.58993 0,0.29769 1.39787,1.99603 3.10637,3.77407 1.70852,1.77805 3.22654,4.08239 3.37339,5.12076 0.22113,1.56358 0.74431,1.89804 3.04509,1.94673 1.52795,0.0323 3.13527,0.19546 3.57182,0.36249 0.97221,0.37199 8.95793,-2.28205 9.49857,-3.15684 0.21411,-0.34642 2.3614,-1.62764 4.77177,-2.84718 2.41038,-1.21954 4.3825,-2.51613 4.3825,-2.88129 0,-0.36517 0.45997,-0.66395 1.02215,-0.66395 0.56219,0 2.2588,-1.05703 3.77025,-2.34895 1.51146,-1.29193 3.06516,-2.36348 3.45267,-2.38122 1.25792,-0.0576 9.13578,-6.73829 9.63472,-8.17057 0.26661,-0.76535 2.27214,-3.1235 4.45672,-5.24035 l 3.97199,-3.84881 -3.8435,-0.4552 c -3.3394,-0.3955 -6.25974,-1.6214 -14.03744,-5.89266 -3.31343,-1.81961 -11.36319,-10.20848 -12.81065,-13.35031 -0.80023,-1.73696 -2.05162,-4.05106 -2.78086,-5.14245 -2.53987,-3.80119 -3.24629,-8.83947 -1.94167,-13.84824 0.65004,-2.49568 1.51689,-5.16354 1.92632,-5.92858 0.42471,-0.79357 0.54301,-5.65388 0.27545,-11.31658 l -0.46898,-9.9256 2.50557,-4.69168 c 2.42978,-4.54976 3.89999,-5.85372 10.42342,-9.24475 1.52795,-0.79427 4.92118,-2.68883 7.54051,-4.21014 4.85438,-2.81943 7.79384,-4.2351 9.92172,-4.77839 0.65483,-0.1672 2.79793,-0.67978 4.76243,-1.13907 4.6047,-1.07657 7.93737,-2.41482 7.93737,-3.18729 0,-0.33552 -1.51802,-1.32586 -3.37338,-2.20076 -1.85536,-0.87489 -4.37404,-2.52154 -5.59706,-3.65922 -2.57261,-2.3931 -7.94351,-2.85407 -10.52286,-0.90315 -3.02769,2.29003 -11.11193,0.69154 -15.23272,-3.01197 -2.16707,-1.94763 -2.58268,-8.21606 -0.5953,-8.97868 0.65483,-0.25129 1.1906,-0.95134 1.1906,-1.55566 0,-1.48346 4.62119,-5.81151 7.42936,-6.95809 2.7493,-1.12255 15.59893,-0.35819 20.11239,1.19639 3.47065,1.1954 8.39574,4.07466 10.40247,6.08139 0.75805,0.75805 2.39796,3.11824 3.64424,5.24486 1.94348,3.3163 2.20465,4.44361 1.83505,7.92114 -0.23701,2.23 -0.66009,4.63516 -0.94017,5.3448 -0.42655,1.08069 0.23962,1.34665 4.10175,1.63761 5.68884,0.42859 9.63529,2.26323 13.99854,6.50774 7.7747,7.56309 10.90237,18.0592 10.90237,36.58702 0,13.4425 -0.46132,16.85235 -2.94121,21.73978 -1.02529,2.0207 -1.86567,4.12176 -1.8675,4.66903 -0.006,1.63629 -4.70429,9.72042 -5.6499,9.72042 -0.27626,0 -3.17648,1.60732 -6.44492,3.57182 -3.26845,1.9645 -6.35458,3.57182 -6.85806,3.57182 -0.50348,0 -1.53565,0.31875 -2.2937,0.70833 -0.75805,0.38958 -2.35348,1.09308 -3.5454,1.56333 -2.75903,1.08851 -2.19949,2.67819 1.40095,3.98012 1.51279,0.54704 2.75053,1.42134 2.75053,1.94291 0,0.52156 0.70781,1.39033 1.5729,1.93059 1.79343,1.12001 5.84323,8.63512 5.20759,9.6636 -0.23103,0.37381 0.14963,2.04309 0.84591,3.70952 0.69628,1.66642 1.41648,4.24347 1.60046,5.72677 0.18397,1.48331 0.68347,3.34896 1.10998,4.14591 1.19524,2.23333 0.91493,10.3952 -0.44668,13.00628 -0.66682,1.2787 -1.29828,2.88602 -1.40325,3.57182 -0.10498,0.68579 -1.34311,3.63537 -2.75141,6.55461 -1.40831,2.91924 -2.56055,5.68438 -2.56055,6.14474 0,0.46036 -0.71437,1.28315 -1.58748,1.82842 -0.87311,0.54526 -1.58747,1.4095 -1.58747,1.92051 0,0.51102 -1.07155,1.83076 -2.38122,2.93278 -1.30966,1.10201 -2.38121,2.3839 -2.38121,2.84864 0,0.46474 -0.50543,0.84498 -1.12318,0.84498 -1.13522,0 -2.68058,1.15159 -8.77285,6.53748 -1.84505,1.63112 -3.58786,2.73243 -3.87294,2.44736 -0.28507,-0.28506 -0.51831,-0.10159 -0.51831,0.40772 0,0.50932 -0.50682,0.92603 -1.12628,0.92603 -0.61945,0 -2.13748,0.51752 -3.37338,1.15004 -1.23591,0.63251 -2.78288,1.34995 -3.43771,1.59429 -0.65484,0.24435 -2.3943,1.17224 -3.86547,2.06199 -1.47118,0.88975 -2.8714,1.42119 -3.1116,1.181 -0.24019,-0.2402 -1.22091,0.0771 -2.17936,0.70509 -0.95845,0.62801 -5.35167,1.53896 -9.76271,2.02434 -4.41104,0.48538 -9.90605,1.35916 -12.21113,1.94175 -6.40366,1.61845 -9.07543,1.98497 -17.6846,2.42603 -10.6088,0.54349 -21.81618,1.2414 -23.9944,1.49418 -2.4547,0.28488 -3.11853,1.1628 -1.32038,1.7462 0.82646,0.26814 2.21701,0.77728 3.09013,1.13141 0.87311,0.35414 4.62352,1.45894 8.33424,2.4551 3.71073,0.99617 6.92536,2.01346 7.14364,2.26066 0.68968,0.78104 2.59141,1.09498 9.52485,1.57237 6.65949,0.45854 12.83627,-0.0644 18.25597,-1.54547 z M 272.63084,222.04027 c -1.00183,-0.55607 -2.51461,-2.15073 -3.36172,-3.5437 -0.84712,-1.39296 -2.02587,-2.53266 -2.61946,-2.53266 -0.59359,0 -1.68221,-0.66625 -2.41914,-1.48055 -0.90958,-1.00508 -2.96035,-1.64658 -6.38566,-1.99752 -5.40885,-0.55415 -8.06836,0.32585 -12.31046,4.07337 -3.11565,2.75241 -6.53001,2.35014 -11.16771,-1.31575 -2.15813,-1.70591 -4.29915,-3.22674 -4.75778,-3.37962 -0.45865,-0.15288 -1.05116,-1.61675 -1.3167,-3.25303 -0.3948,-2.4329 -0.0824,-3.55279 1.71414,-6.14523 1.20831,-1.74359 2.57529,-3.17016 3.03772,-3.17016 0.46244,0 1.78178,-0.90153 2.93188,-2.00339 2.8183,-2.7001 9.7863,-5.14159 14.65306,-5.13423 7.3062,0.011 17.0502,1.49552 20.85408,3.17703 4.66732,2.0632 8.33527,6.0593 11.41231,12.43328 2.16419,4.48306 2.28953,5.18445 1.47025,8.22706 -1.67646,6.22588 -6.72423,8.82621 -11.73481,6.0451 z m -24.76871,172.10166 c 1.52795,-0.18805 4.92118,-0.68659 7.54051,-1.10785 2.61934,-0.42127 7.93805,-1.13513 11.81937,-1.58636 3.88131,-0.45122 7.19861,-0.9621 7.37179,-1.13527 0.44992,-0.44993 -1.41442,-4.55058 -3.07555,-6.76476 -0.77541,-1.03356 -1.21502,-2.1944 -0.97693,-2.57965 0.65024,-1.05211 -2.23065,-0.84351 -5.81478,0.42104 -5.10603,1.80151 -11.32066,2.26491 -16.87827,1.25851 -2.82999,-0.51246 -5.50261,-1.1683 -5.93917,-1.45744 -0.76557,-0.50703 -2.09288,-0.54757 -8.56864,-0.26177 l -3.01249,0.13296 0.5408,2.97651 c 1.39811,7.69515 5.76723,11.86371 11.4372,10.91219 1.52795,-0.25641 4.02822,-0.62006 5.55616,-0.80811 z m 45.42536,-6.43429 c 3.61046,-0.7101 6.90378,-1.60306 7.31851,-1.98435 0.41473,-0.38129 1.70876,-0.69326 2.87562,-0.69326 2.4119,0 9.23284,-2.8274 10.94045,-4.53501 0.6253,-0.6253 2.99772,-2.18709 5.27206,-3.47064 4.50373,-2.54175 13.89167,-11.77888 13.89167,-13.66852 0,-0.64591 0.45053,-1.34727 1.00117,-1.55857 1.62155,-0.62224 4.555,-7.26538 4.555,-10.31531 0,-2.40932 -0.22527,-2.75635 -1.56222,-2.40674 -0.85923,0.22469 -3.52925,2.06646 -5.93337,4.09282 -8.13587,6.85742 -12.93829,10.0332 -19.61217,12.96926 -1.71105,0.75275 -2.28605,1.77912 -3.07227,5.48395 -1.07645,5.07249 -3.47544,7.85259 -6.77611,7.85259 -1.53935,0 -2.22101,-0.57779 -2.86664,-2.42983 -0.53834,-1.54431 -1.24294,-2.27791 -1.93338,-2.01296 -0.59749,0.22927 -2.9659,0.62992 -5.26313,0.89032 -8.09973,0.91814 -7.59198,0.45925 -7.88432,7.12551 -0.30371,6.92577 -0.90161,6.61782 9.04913,4.66074 z m 46.95918,-91.59533 c 1.44728,-1.38858 1.4532,-1.63328 0.16362,-6.76714 -1.04457,-4.15842 -1.16923,-6.21764 -0.56849,-9.39028 0.42322,-2.23508 0.98056,-6.98103 1.23854,-10.54655 0.25797,-3.56552 0.95366,-7.67311 1.54596,-9.12799 0.59229,-1.45486 1.32137,-4.00825 1.62018,-5.67417 0.50486,-2.81489 0.4352,-2.97113 -0.98566,-2.21071 -0.8409,0.45004 -1.75233,0.59483 -2.0254,0.32177 -0.27307,-0.27307 -1.65947,0.0739 -3.08088,0.77107 -3.38717,1.6613 -5.60688,2.44826 -6.40635,2.27126 -0.35585,-0.0788 -1.66113,0.57887 -2.90061,1.46146 -1.23949,0.88259 -2.5948,1.60471 -3.01182,1.60471 -1.64773,0 -11.29966,9.967 -11.29966,11.66852 0,0.95223 -0.35718,1.95208 -0.79374,2.22189 -1.03543,0.63993 -1.0129,5.17579 0.0465,9.3718 1.00965,3.99881 6.31108,11.95288 8.21471,12.32506 0.74814,0.14627 2.61892,-0.33133 4.15728,-1.06134 3.78301,-1.79516 6.35962,-1.01852 7.99439,2.40964 1.44633,3.03297 3.19125,3.13351 6.09139,0.351 z m -4.03932,-7.75295 c -0.52265,-0.33225 -0.68897,-1.0269 -0.36959,-1.54365 0.40738,-0.65916 0.87065,-0.47525 1.5523,0.61625 0.99857,1.59897 0.49492,1.99389 -1.18271,0.9274 z M 234.9729,285.61439 c -2.10617,-4.35124 -2.55642,-8.60713 -1.50875,-14.26102 1.45317,-7.8423 4.24752,-12.74458 10.81111,-18.9665 1.5262,-1.44675 2.08973,-2.50926 1.58747,-2.99307 -1.33346,-1.28449 -10.8217,-4.07728 -16.98974,-5.0008 l -5.89248,-0.88226 -2.23214,2.4982 c -1.86388,2.08603 -2.80915,2.49821 -5.72931,2.49821 -3.02708,0 -4.03118,0.48013 -7.46989,3.57182 -2.185,1.9645 -4.72287,3.57182 -5.63972,3.57182 -0.91685,0 -3.05076,-1.25014 -4.74201,-2.77808 -1.69125,-1.52795 -3.41783,-2.77808 -3.83685,-2.77808 -1.36077,0 -2.88225,3.87954 -2.87805,7.33864 0.006,4.48466 1.89433,7.89953 6.00694,10.85983 1.85984,1.33874 4.07367,3.46926 4.91962,4.73451 0.84595,1.26524 2.45327,2.84218 3.57182,3.5043 1.11855,0.66211 3.10527,2.31988 4.41494,3.68393 4.98519,5.19219 13.70932,8.46347 23.14479,8.67857 l 4.09509,0.0934 z m 168.35529,-45.43154 c 2.02309,-0.64936 5.0127,-1.37896 6.64358,-1.62133 1.63088,-0.24236 2.89954,-0.69331 2.81926,-1.00211 -0.16343,-0.62855 0.71075,-3.70529 1.73815,-6.11762 0.37186,-0.87311 1.07531,-3.19479 1.56323,-5.15929 0.48793,-1.9645 1.04069,-4.1076 1.22837,-4.76243 0.18768,-0.65483 1.07922,-4.04806 1.98119,-7.54051 2.01054,-7.7848 3.26691,-11.57207 4.30538,-12.97831 0.43551,-0.58973 0.86399,-1.48269 0.95219,-1.98434 0.15035,-0.85516 1.64511,-4.15501 3.73897,-8.25417 0.50174,-0.98225 1.18473,-1.78591 1.51777,-1.78591 0.33304,0 0.60552,-0.63489 0.60552,-1.41086 0,-0.77598 0.61924,-2.29401 1.37608,-3.37339 1.72765,-2.4639 4.18008,-7.23746 4.18008,-8.13634 0,-0.37338 0.89296,-1.84959 1.98435,-3.28048 1.09138,-1.43089 1.98434,-3.10704 1.98434,-3.7248 0,-0.61775 0.70312,-1.5623 1.5625,-2.09899 1.64554,-1.02765 4.38008,-5.63412 3.73032,-6.28389 -0.20923,-0.20922 -1.93218,0.62034 -3.82879,1.84346 -1.8966,1.22312 -4.0262,2.58833 -4.73243,3.03381 -4.185,2.63981 -6.25682,4.24652 -9.62984,7.468 -2.07364,1.98048 -3.77025,4.01704 -3.77025,4.52569 0,3.08976 -9.23393,4.11795 -13.01735,1.44947 -3.03665,-2.14177 -7.94903,-12.46839 -7.25862,-15.25877 0.2908,-1.17527 0.72017,-3.20841 0.95416,-4.51807 0.23399,-1.30967 1.1053,-3.83342 1.93625,-5.60833 0.83094,-1.77492 1.51081,-3.74924 1.51081,-4.38739 0,-0.63814 0.55602,-1.9541 1.23561,-2.92434 0.67959,-0.97025 0.98141,-1.76409 0.67072,-1.76409 -0.31069,0 0.0411,-0.66966 0.78184,-1.48813 0.74071,-0.81847 1.26157,-1.80072 1.15746,-2.18278 -0.10411,-0.38206 0.55835,-2.30197 1.47214,-4.26647 4.20239,-9.03453 4.40618,-9.79743 2.90938,-10.89191 -1.10418,-0.80741 -1.61087,-0.8038 -2.61554,0.0187 -0.68533,0.56102 -2.22831,1.51145 -3.42884,2.11209 -1.20052,0.60064 -2.18277,1.38889 -2.18277,1.75168 0,0.36278 -0.5847,0.65961 -1.29934,0.65961 -1.38874,0 -20.92157,18.90168 -20.92392,20.24781 -7.7e-4,0.44068 -0.71576,1.24737 -1.58887,1.79264 -0.87312,0.54527 -1.58748,1.52413 -1.58748,2.17527 0,0.65113 -0.33102,1.18388 -0.7356,1.18388 -0.97384,0 -3.23309,4.58917 -3.23309,6.56732 0,2.56941 -4.16972,8.36698 -6.66678,9.26946 -6.69394,2.41933 -11.78968,-1.18021 -16.80118,-11.86809 -1.09512,-2.33554 -1.16307,-3.48111 -0.42653,-7.19142 0.48186,-2.42735 0.8761,-6.24489 0.8761,-8.48344 0,-6.27999 -3.43059,-19.80536 -5.88911,-23.2183 -1.59753,-2.21769 -2.84201,-4.73639 -2.84201,-5.75194 0,-0.55608 -0.89295,-1.97406 -1.98434,-3.15108 -1.09139,-1.17701 -1.98434,-2.34185 -1.98434,-2.58854 0,-0.24668 -1.69662,-2.22462 -3.77026,-4.39541 -2.07364,-2.1708 -5.91334,-6.420089 -8.53268,-9.442867 -2.61933,-3.022779 -5.18864,-5.525205 -5.70959,-5.560947 -0.52094,-0.03574 -1.41389,-0.722663 -1.98434,-1.526494 -0.57045,-0.80383 -1.90764,-1.923692 -2.97153,-2.488582 -2.08619,-1.107697 -3.18663,-1.929497 -5.83453,-4.357203 -2.57827,-2.363859 -10.38351,-5.982821 -11.1896,-5.188147 -0.40724,0.401479 -0.34191,2.132037 0.15546,4.117484 0.47188,1.88371 1.25245,7.321666 1.73459,12.084349 0.48214,4.762682 1.1672,9.227457 1.52235,9.921717 0.35515,0.69427 0.84283,3.27406 1.08371,5.73288 0.42132,4.30056 0.3243,4.59998 -2.55136,7.87342 -3.12516,3.55746 -4.20531,4.05955 -8.78275,4.08254 -3.62135,0.0182 -6.24101,-1.4377 -9.58392,-5.32629 -1.49545,-1.73958 -3.32652,-3.61731 -4.06904,-4.17273 -0.74251,-0.55542 -1.93499,-1.59481 -2.64994,-2.30976 -2.0584,-2.0584 -20.38908,-13.558548 -25.76519,-16.164346 -9.39751,-4.554967 -14.94122,-7.48562 -16.07866,-8.499886 -0.76697,-0.683929 -2.05533,-1.632399 -2.86302,-2.107712 -0.80768,-0.475314 -2.98206,-1.872241 -4.83195,-3.104283 -1.84989,-1.232042 -3.54853,-2.05498 -3.77476,-1.828753 -0.22622,0.226227 0.0217,2.216246 0.55089,4.422265 0.52921,2.206017 1.05564,4.993457 1.16982,6.19431 0.41447,4.358749 4.41227,18.191225 6.82491,23.614285 0.77686,1.74622 1.65565,4.01544 1.95285,5.04271 0.2972,1.02727 1.38811,3.11699 2.42425,4.64383 1.03613,1.52683 2.12219,4.04634 2.41345,5.59889 0.29126,1.55257 1.01287,3.74903 1.60358,4.88104 2.27399,4.35778 0.44568,9.46549 -4.67359,13.05649 -3.04294,2.13453 -3.41097,2.20815 -6.28921,1.25825 -3.35173,-1.10617 -4.08294,-1.78185 -6.13794,-5.67191 -5.48446,-10.38186 -8.30252,-15.10344 -10.19348,-17.07885 -1.19949,-1.25306 -6.19919,-6.42717 -11.11044,-11.49803 -4.91125,-5.07086 -8.92955,-9.56104 -8.92955,-9.9782 0,-1.286073 -11.17622,-8.366914 -11.96351,-7.579631 -0.43275,0.432755 0.73068,3.249419 2.90753,7.039081 1.99592,3.4747 5.24913,9.51931 7.22936,13.43246 1.98021,3.91315 4.80861,8.69717 6.28533,10.63116 1.58525,2.07615 2.68493,4.43345 2.68493,5.7555 0,1.42679 0.57593,2.54737 1.58747,3.08873 0.87394,0.46772 1.58748,1.66195 1.58748,2.65692 0,2.50573 -2.62808,7.68248 -5.05077,9.94891 -1.73064,1.61902 -2.59669,1.83501 -6.03351,1.50478 -4.72838,-0.45434 -6.053,-1.5061 -10.73834,-8.52635 -1.90415,-2.85306 -4.82737,-6.4845 -6.49605,-8.06986 -4.4365,-4.21496 -16.14998,-13.38915 -17.0951,-13.38915 -0.44672,0 -2.82345,-1.21666 -5.28161,-2.70368 -5.33829,-3.22932 -9.36532,-4.02976 -8.98134,-1.7852 0.13777,0.80528 1.74508,3.36479 3.57182,5.6878 4.42862,5.63176 6.01364,7.88541 9.06715,12.89209 1.41399,2.31841 3.46778,5.18257 4.564,6.36479 1.09622,1.18223 1.99313,2.4643 1.99313,2.84907 0,0.38475 1.74896,3.78163 3.88657,7.54862 2.13763,3.76697 4.93024,8.81355 6.20583,11.2146 1.27559,2.40106 3.10095,4.75693 4.05638,5.23528 1.65462,0.8284 5.91891,4.59831 7.73493,6.83818 1.36217,1.68011 2.78808,6.21907 3.527,11.22723 0.77773,5.2712 1.35484,6.26614 2.4743,4.26575 0.75322,-1.34592 4.53477,-5.05319 8.62692,-8.45743 7.4766,-6.21977 7.31137,-6.1091 16.57404,-11.10145 1.14334,-0.61622 3.64818,-2.31284 5.56632,-3.77025 1.91814,-1.45741 4.13262,-2.64983 4.92107,-2.64983 0.78845,0 3.07008,-1.10449 5.0703,-2.45442 4.32782,-2.9208 7.14411,-3.48734 11.50218,-2.31384 1.77828,0.47885 3.62013,0.63151 4.093,0.33927 2.35422,-1.45499 16.94477,-0.17622 20.85583,1.82789 1.38149,0.70791 3.36407,1.0097 4.94631,0.75294 1.45237,-0.23569 2.8469,-0.0949 3.09893,0.31294 0.25205,0.40782 1.33812,0.74148 2.4135,0.74148 1.17788,0 3.32465,1.26229 5.39964,3.17495 1.89443,1.74623 3.77993,3.17495 4.19001,3.17495 0.41007,0 2.94434,-1.42872 5.63172,-3.17495 2.68738,-1.74622 5.31984,-3.17495 5.84992,-3.17495 0.53009,0 1.63779,-0.60996 2.46157,-1.35548 1.11709,-1.01094 2.86787,-1.34293 6.88812,-1.30612 5.26055,0.0482 8.42978,1.13206 12.17784,4.16489 0.76397,0.61817 1.38904,0.87593 1.38904,0.57278 0,-0.52474 0.755,-0.002 3.87836,2.68636 0.76085,0.65483 2.61046,1.83161 4.11023,2.61507 1.49978,0.78346 4.27548,2.83726 6.16824,4.56399 3.68518,3.36196 7.21312,4.1168 9.5928,2.0525 2.28167,-1.97928 5.61916,-2.58992 9.41316,-1.72226 3.06129,0.70009 4.32871,1.66584 8.3744,6.38111 2.62194,3.05589 5.55682,6.27052 6.52193,7.14364 0.96512,0.87311 2.6524,3.0162 3.74951,4.76242 1.09711,1.74622 2.67613,3.88932 3.50894,4.76243 0.8328,0.87311 2.19837,2.74831 3.0346,4.16712 1.23154,2.0895 2.02262,2.57965 4.16345,2.57965 1.70004,0 3.29472,0.6517 4.46962,1.82659 1.63019,1.63019 1.88798,2.87608 2.39749,11.58697 0.31401,5.36821 1.21241,12.31495 1.99645,15.4372 0.78406,3.12225 1.66025,6.65908 1.94711,7.8596 0.6102,2.55375 0.42528,2.51775 5.14721,1.00212 z M 178.41009,138.17762 c 0.26981,-0.43656 0.64807,-0.79374 0.84058,-0.79374 0.19252,0 0.35003,0.35718 0.35003,0.79374 0,0.43655 -0.37827,0.79374 -0.84059,0.79374 -0.46232,0 -0.61983,-0.35719 -0.35002,-0.79374 z m 98.42347,-29.36829 c -0.26981,-0.43656 -0.1123,-0.79374 0.35002,-0.79374 0.46232,0 0.84059,0.35718 0.84059,0.79374 0,0.43655 -0.15751,0.79373 -0.35003,0.79373 -0.19251,0 -0.57077,-0.35718 -0.84058,-0.79373 z m -125.80742,32.59009 c 0,-0.4108 -0.35718,-0.96765 -0.79374,-1.23746 -0.43655,-0.2698 -0.79374,0.0663 -0.79374,0.74689 0,0.6806 0.35719,1.23746 0.79374,1.23746 0.43656,0 0.79374,-0.3361 0.79374,-0.74689 z m -24.37588,-38.14626 c -0.48581,-1.85773 -1.46328,-2.06785 -2.08482,-0.44815 -0.38596,1.0058 0.39278,1.78218 1.97896,1.97296 0.28654,0.0345 0.33418,-0.6517 0.10586,-1.52481 z m -3.00908,-2.37958 c 0.53754,-0.86976 -1.9493,-5.557794 -2.94821,-5.557794 -0.34243,0 -0.6226,1.000109 -0.6226,2.222465 0,3.111959 2.35144,5.308319 3.57081,3.335329 z"
       id="path38" />
    <path
       style="fill:#00ff00;fill-opacity:1;stroke-width:0.930918;stroke-dashoffset:0.5"
       d="m 397.90961,235.52956 c -0.73927,-2.54003 -1.94041,-10.1601 -2.66923,-16.9335 -1.3673,-12.70733 -3.10384,-16.62562 -7.36826,-16.62562 -1.37627,0 -4.87377,-3.49948 -8.92354,-8.92857 -7.99746,-10.72136 -17.53961,-20.0537 -21.46379,-20.99186 -1.57303,-0.37607 -5.24542,0.20032 -8.16086,1.28086 l -5.30083,1.96463 -8.68846,-6.31945 c -18.04245,-13.12298 -24.16022,-14.2921 -37.33816,-7.13543 l -7.74315,4.20516 -3.47573,-2.92463 c -1.91165,-1.60854 -5.53761,-3.24621 -8.0577,-3.63927 -2.52008,-0.39306 -6.77821,-1.304 -9.46251,-2.02432 -2.6843,-0.72032 -10.44292,-1.48722 -17.24138,-1.70422 -10.5848,-0.33785 -13.15711,-0.0171 -17.90271,2.23221 -10.7502,5.09541 -29.01799,16.83924 -35.43493,22.78009 l -6.49404,6.01223 -0.71074,-3.17958 c -2.46387,-11.02243 -3.18323,-12.46125 -8.34458,-16.69059 -3.63279,-2.9768 -7.60019,-8.43629 -12.34614,-16.98938 -3.84625,-6.93168 -7.99768,-13.98852 -9.22539,-15.68187 -12.46287,-17.18968 -15.09712,-21.13195 -14.5117,-21.71737 0.37376,-0.37376 4.72999,1.44888 9.68051,4.0503 8.63349,4.53677 20.528,15.04344 30.10872,26.59564 3.27493,3.94884 4.55453,4.61823 8.82813,4.61823 4.34631,0 5.33232,-0.54086 7.56154,-4.14782 3.29631,-5.33355 3.22925,-8.06114 -0.35817,-14.5678 -1.60692,-2.91454 -6.37971,-11.56393 -10.60619,-19.22088 -4.22649,-7.65695 -7.37715,-14.229105 -7.00146,-14.604792 1.03044,-1.030433 8.09521,4.360429 13.05366,9.960752 2.41826,2.73131 7.74177,8.58014 11.83001,12.99742 4.08824,4.41727 9.50727,11.75173 12.04227,16.29881 7.11262,12.758 11.30934,14.68868 18.11321,8.33291 3.56321,-3.32854 3.91974,-4.27345 3.38901,-8.98202 -0.32621,-2.89418 -2.87308,-10.32564 -5.65971,-16.51434 -4.91476,-10.915 -8.82028,-23.604443 -10.67098,-34.671149 -0.99882,-5.972675 -1.32155,-5.968028 7.37273,-0.106173 2.70936,1.826702 8.52833,5.108762 12.93104,7.293466 12.05622,5.982515 28.32512,16.433826 28.32512,18.196346 0,0.85686 0.91235,1.55793 2.02746,1.55793 1.1151,0 4.69358,2.49384 7.95216,5.54187 7.79344,7.28984 12.60506,7.58138 18.28867,1.10811 2.98313,-3.3976 3.73089,-5.1964 3.19962,-7.69705 -1.08625,-5.11301 -4.35898,-27.650901 -4.36705,-30.074017 -0.006,-2.021866 0.32813,-1.995835 4.61096,0.358436 8.89119,4.887481 15.02758,9.983745 25.37968,21.077766 15.85209,16.988195 22.51695,33.096405 20.9133,50.545055 -0.6831,7.43244 -0.43937,8.76483 2.53021,13.83203 3.69071,6.29772 6.29794,8.11568 11.63908,8.11568 4.33605,0 9.38137,-5.26932 10.67207,-11.14589 1.5905,-7.2415 32.81628,-37.19957 36.43962,-34.96022 0.54694,0.33803 -0.96281,5.16977 -3.35501,10.7372 -9.88106,22.99651 -10.76531,27.88533 -6.51184,36.00291 3.32257,6.34104 5.54913,7.98669 10.80589,7.98669 3.4464,0 5.28588,-1.04347 9.38966,-5.32641 5.63191,-5.87779 16.44252,-13.75617 17.46835,-12.73032 0.35947,0.35947 -0.73952,2.49109 -2.4422,4.73693 -7.40288,9.76442 -18.7468,34.94582 -23.54798,52.2722 l -4.79212,17.29371 -5.36006,1.4336 c -7.46347,1.99617 -7.51339,1.97854 -9.01608,-3.18463 z m -217.9835,-97.59853 c 0,-0.67734 -0.24439,-1.23152 -0.54308,-1.23152 -0.2987,0 -0.88559,0.55418 -1.30421,1.23152 -0.41862,0.67734 -0.17423,1.23153 0.54308,1.23153 0.71731,0 1.30421,-0.55419 1.30421,-1.23153 z"
       id="path40" />
    <path
       style="fill:#008080;fill-opacity:1;stroke-width:0.930918;stroke-dashoffset:0.5"
       d="m 296.19932,666.38456 c -2.76772,-1.91859 -9.41797,-5.18344 -14.77832,-7.25524 -5.36037,-2.0718 -12.36504,-5.23499 -15.56595,-7.02928 -3.57636,-2.00478 -9.84604,-3.91414 -16.26429,-4.95312 -5.74445,-0.92991 -14.26984,-3.36972 -18.94529,-5.42178 -4.67546,-2.05207 -15.26487,-5.24851 -23.53202,-7.10319 l -15.03118,-3.37216 0.84252,-6.20371 c 1.04939,-7.72693 5.79747,-19.86406 16.15754,-41.30224 13.36848,-27.66353 22.48901,-50.32641 26.26785,-65.27093 0.77072,-3.04803 3.40781,-8.58991 5.86021,-12.31527 4.94191,-7.50714 5.57144,-13.06752 2.21446,-19.55922 -3.95277,-7.6438 -10.33202,-9.26469 -21.75625,-5.52801 -6.22459,2.03595 -11.91353,1.99532 -41.31139,-0.29507 -8.17501,-0.63692 -12.10614,-0.26473 -21.19168,2.00637 -15.81573,3.95343 -23.55429,8.08531 -26.82518,14.32288 -4.84327,9.23607 -4.81798,9.53936 1.91763,22.99363 3.45209,6.89549 6.60426,14.26459 7.00482,16.37579 0.65,3.42596 0.36016,3.93095 -2.69656,4.69813 -1.88366,0.47277 -5.64449,1.932 -8.3574,3.24274 -2.71291,1.31073 -5.59189,2.38315 -6.39774,2.38315 -0.80585,0 -2.13448,0.80646 -2.95252,1.79214 -2.5444,3.06581 -5.58977,-0.10961 -18.254,-19.03352 -11.46476,-17.13156 -17.48819,-28.74735 -17.500355,-33.74829 -0.0071,-2.92597 9.015998,-11.40666 14.772622,-13.88456 6.073393,-2.61425 13.969413,-4.90357 24.191763,-7.014 4.83872,-0.99897 12.95062,-3.47922 18.02645,-5.51168 7.10935,-2.84672 15.32795,-4.56707 35.78686,-7.49102 14.60694,-2.0876 28.10834,-4.39987 30.0031,-5.13837 5.1223,-1.99648 27.23881,-2.8558 33.0119,-1.28267 3.80625,1.03718 5.49788,2.40236 7.38916,5.96319 1.34907,2.53994 3.95657,6.34547 5.79446,8.45674 2.61159,3.00004 3.47948,5.49385 3.97264,11.41507 1.07734,12.93515 6.90454,21.14199 15.01172,21.14199 3.26642,0 4.62242,-0.97632 8.12461,-5.84975 3.50216,-4.87339 16.7412,-17.54859 24.48537,-23.44256 1.08916,-0.82895 6.31518,-2.61586 11.61338,-3.97091 9.47497,-2.42329 9.67495,-2.42523 12.18227,-0.11824 1.40204,1.29002 5.8743,2.9989 9.93834,3.7975 8.00582,1.57318 22.40255,5.48213 28.32512,7.69075 10.71048,3.99411 28.82941,12.71926 32.61953,15.70791 2.37945,1.87629 9.41008,5.95945 15.62359,9.0737 6.21352,3.11425 11.65607,6.24275 12.09454,6.95223 0.9478,1.53356 10.57777,6.62985 21.16937,11.20306 6.7346,2.90784 18.76792,11.22521 19.8887,13.74695 0.22578,0.50801 0.99577,0.92365 1.71109,0.92365 1.4819,0 17.39981,12.60507 21.5853,17.09296 3.59566,3.85545 3.49755,7.57748 -0.405,15.36366 -4.90059,9.77742 -8.82112,14.34141 -12.31948,14.34141 -3.14434,0 -3.48109,0.48062 -4.74587,6.7734 -0.54815,2.72731 -7.7431,10.57641 -27.48183,29.98048 -14.7066,14.45724 -28.21766,27.05041 -30.0246,27.98481 -4.03937,2.08883 -5.74692,0.55917 -6.83065,-6.11908 -0.82098,-5.05913 1.93639,-9.18968 20.63429,-30.91025 5.8308,-6.7734 13.98566,-16.74877 18.12193,-22.16749 4.13626,-5.41872 9.2732,-11.73091 11.41542,-14.02709 3.58134,-3.83872 3.85081,-4.70712 3.34676,-10.78533 -0.39654,-4.7817 -1.37169,-7.49196 -3.5249,-9.79682 -5.15777,-5.52103 -8.45643,-6.55482 -18.49324,-5.79574 l -9.17027,0.69355 -16.59749,-8.51567 c -11.48623,-5.89323 -20.57964,-9.57348 -29.52852,-11.95064 -15.43454,-4.10001 -26.81303,-8.49884 -34.35325,-13.28071 -6.50303,-4.1241 -11.48232,-4.47445 -14.90783,-1.04894 -3.12917,3.12916 -3.09961,3.92379 0.62367,16.77208 5.0364,17.37956 6.03976,30.33363 3.87535,50.0334 -1.43771,13.08557 -2.43858,17.73933 -4.41088,20.50917 -1.40316,1.97055 -2.5512,5.29837 -2.5512,7.39517 0,3.80587 -0.0123,3.81256 -7.08128,3.93511 -9.99457,0.17326 -12.80672,1.23559 -16.11366,6.08713 -2.39386,3.51198 -2.79479,5.33991 -2.28808,10.43215 0.3379,3.39573 1.59608,8.23275 2.79595,10.74892 1.98957,4.17216 2.01082,4.76696 0.24147,6.75698 -2.43809,2.74216 -4.63214,10.61454 -4.64112,16.65255 -0.006,4.22485 -0.29535,4.61492 -3.39357,4.57929 -1.86269,-0.0214 -5.6512,-1.60867 -8.41891,-3.52724 z"
       id="path43" />
    <path
       style="fill:#008080;fill-opacity:1;stroke-width:0.930918;stroke-dashoffset:0.5"
       d="m 109.54107,962.17394 c 1.42865,-2.66946 16.37271,-17.05681 25.19189,-24.25342 3.24431,-2.64741 8.50538,-5.51911 11.69126,-6.38155 3.18589,-0.86244 8.96526,-2.71424 12.84304,-4.1151 6.73608,-2.43343 10.80663,-3.18483 10.80663,-1.99483 0,3.12825 -6.70743,20.49958 -8.56409,22.17984 -2.67412,2.42004 -35.40207,13.56004 -43.55878,14.82661 -2.82873,0.43924 -6.16053,1.08768 -7.40401,1.44096 -1.89611,0.53871 -2.05841,0.26403 -1.00594,-1.70251 z"
       id="path45" />
    <path
       style="fill:#008080;fill-opacity:1;stroke-width:0.930918;stroke-dashoffset:0.5"
       d="m 355.41872,960.57906 c -10.18525,-2.02587 -22.00107,-6.11005 -34.48276,-11.91906 -6.8325,-3.17987 -15.76186,-9.04756 -14.97138,-9.83805 0.36048,-0.36048 6.79846,-1.89694 14.30663,-3.41435 14.58331,-2.94731 15.66133,-2.81942 22.83141,2.70859 18.53941,14.29359 28.94171,22.84324 28.94171,23.78719 0,1.55933 -3.54912,1.27662 -16.62561,-1.32432 z"
       id="path48" />
    <path
       style="fill:#afe9af;fill-opacity:1;stroke-width:0.930918;stroke-dashoffset:0.5"
       d="m 307.9972,909.91374 c 6.77408,-9.35134 4.13823,-16.21378 -7.57572,-19.72336 -3.18421,-0.95401 -4.97444,-2.29389 -5.34706,-4.00194 -0.30809,-1.41226 -0.71134,-17.74058 -0.89611,-36.28514 l -0.33595,-33.7174 -7.04059,-6.39695 -7.04058,-6.39695 -1.88373,-19.61472 c -1.03606,-10.7881 -1.88565,-25.32266 -1.88799,-32.29903 -0.005,-14.46658 -1.34792,-18.29733 -7.8168,-22.29532 -5.16368,-3.19133 -10.99078,-3.23107 -17.43375,-0.11889 -6.17568,2.98306 -6.99986,2.99758 -9.42435,0.16598 -1.08175,-1.26339 -4.03148,-2.68441 -6.55496,-3.15781 -5.91549,-1.10976 -8.64361,1.2472 -11.18039,9.65932 -2.31879,7.68923 -16.9202,80.57434 -20.37541,101.70689 -3.8401,23.48662 -5.7117,31.40648 -9.69822,41.0391 -2.01165,4.86077 -4.80388,12.57851 -6.20495,17.15056 l -2.54739,8.31281 h -11.49608 c -6.32285,0 -13.22792,0.34636 -15.34461,0.7697 l -3.84852,0.76971 v -9.11929 c 0,-5.0156 0.81462,-15.75298 1.81027,-23.86084 2.34808,-19.12114 6.3362,-66.35436 8.62753,-102.17997 0.99639,-15.57882 2.76686,-35.90262 3.93439,-45.164 l 2.12278,-16.83887 3.59966,3.02891 c 8.15961,6.86586 21.34295,11.32367 31.01374,10.48697 1.35468,-0.11721 3.84853,-1.27741 5.54188,-2.57823 2.85708,-2.1948 3.13855,-3.36799 3.90831,-16.29035 0.57168,-9.59715 1.79757,-16.96768 3.9442,-23.7141 2.89124,-9.08657 2.98171,-10.06914 1.26095,-13.69536 -1.01956,-2.14857 -3.07154,-4.49486 -4.55996,-5.21398 -1.48842,-0.71912 -1.98786,-1.345 -1.10986,-1.39084 0.87799,-0.0458 5.77924,1.87501 10.89167,4.26856 7.55583,3.53752 9.13071,4.74745 8.41571,6.46552 -3.92824,9.43917 -7.48288,31.02508 -6.2187,37.76372 0.98642,5.25806 8.06136,11.76367 12.79316,11.76367 7.49628,0 12.6274,-7.68565 10.14758,-15.19957 -1.73627,-5.26096 0.71772,-17.2226 5.3022,-25.84482 l 3.01982,-5.6795 4.2932,2.91344 c 2.36126,1.6024 6.36316,3.66195 8.8931,4.57679 l 4.5999,1.66334 -0.65596,9.24083 c -0.36078,5.08245 -1.61097,12.01176 -2.77822,15.39846 -5.69737,16.53065 -0.92661,22.34975 21.26902,25.94277 5.79048,0.93735 10.70993,1.88608 10.93214,2.10828 0.22219,0.2222 0.96937,14.50654 1.66039,31.74298 1.3576,33.86337 3.11929,59.54359 4.97077,72.45913 1.70218,11.87418 4.27346,66.69245 3.30766,70.51786 -0.55301,2.19043 -2.10175,3.70908 -4.70974,4.61823 -6.02741,2.10117 -6.26078,1.7191 -2.29443,-3.7563 z"
       id="path50" />
    <path
       style="fill:#afe9af;fill-opacity:1;stroke-width:0.930918;stroke-dashoffset:0.5"
       d="m 183.74325,694.55887 c -2.98062,-2.01969 -5.8901,-3.67217 -6.46552,-3.67217 -1.70848,0 -1.22635,-2.43526 2.15588,-10.88952 3.65249,-9.12978 4.54202,-20.81352 1.83313,-24.07754 -2.71913,-3.27635 -0.72873,-3.66537 7.79665,-1.52386 4.39699,1.10449 9.82029,2.04567 12.05178,2.09151 3.83792,0.0788 3.90601,0.15624 1.25954,1.43167 -1.53874,0.74157 -3.02779,2.50517 -3.309,3.91911 -2.62403,13.19366 -8.41406,36.43316 -9.07275,36.41538 -0.45672,-0.0123 -3.26909,-1.67489 -6.24971,-3.69458 z"
       id="path52" />
    <path
       style="fill:#afe9af;fill-opacity:1;stroke-width:0.930918;stroke-dashoffset:0.5"
       d="m 294.6099,711.94252 c -1.63606,-1.03628 -1.11662,-5.53215 1.90662,-16.50243 1.02341,-3.71359 3.72088,-0.22201 5.3301,6.89923 0.79599,3.52249 1.71331,7.37435 2.03848,8.55969 0.4775,1.74061 -0.19465,2.15155 -3.49423,2.13632 -2.247,-0.0104 -4.84844,-0.50214 -5.78097,-1.09281 z"
       id="path54" />
    <path
       style="fill:#ff0000;fill-opacity:1;stroke-width:0.930918;stroke-dashoffset:0.5"
       d="m 342.48768,704.21537 c -3.72536,-1.4001 -7.28678,-3.01907 -7.91425,-3.59771 -1.52652,-1.40773 2.73232,-6.03638 5.55411,-6.03638 5.48744,0 8.27258,-10.14377 4.2466,-15.46659 -2.32692,-3.07646 -2.33765,-4.23784 -0.0392,-4.23784 2.99201,0 6.77501,-4.6567 6.75314,-8.31281 -0.03,-5.01976 -4.88206,-12.68561 -10.40196,-16.43436 -4.84085,-3.28758 -9.76178,-10.42637 -8.54465,-12.39572 0.35162,-0.56895 2.43777,-1.03445 4.63587,-1.03445 3.67793,0 5.61513,1.02716 19.14946,10.15361 4.66336,3.1446 9.00366,2.65158 14.40874,-1.63669 6.08072,-4.82429 6.69874,-5.98885 6.83713,-12.88348 0.0968,-4.82079 -0.49242,-6.28352 -3.98051,-9.88233 -3.03618,-3.13253 -5.14545,-4.22402 -8.16285,-4.22402 -4.95287,0 -5.08775,-1.03299 -0.68206,-5.22363 6.80022,-6.46829 14.63867,-5.96199 19.26035,1.24405 2.42678,3.78378 3.06362,6.73896 3.606,16.73323 0.59521,10.96772 1.14238,13.14588 5.67574,22.59364 6.26038,13.04699 6.46812,16.95484 1.05363,19.82083 -2.17987,1.15384 -8.01469,5.9772 -12.96627,10.71858 -8.87076,8.49418 -23.58796,19.08383 -31.09989,22.37769 -0.33867,0.1485 -3.6638,-0.87553 -7.38917,-2.27562 z"
       id="path56" />
    <path
       style="fill:#ff0000;fill-opacity:1;stroke-width:0.930918;stroke-dashoffset:0.5"
       d="m 159.94881,611.22679 c -1.73806,-0.45618 -1.99076,-1.50055 -1.40217,-5.79482 1.31473,-9.59196 -6.16805,-19.19798 -19.56881,-25.12151 -12.1538,-5.37232 -4.47575,-14.36978 15.92742,-18.66442 l 7.6146,-1.60278 7.30792,5.55771 c 4.01936,3.05675 8.4399,5.917 9.82344,6.35612 5.48694,1.74148 5.65059,3.69369 1.16337,13.87812 -2.32833,5.28447 -4.95283,11.45608 -5.83223,13.71467 -1.66106,4.26615 -9.53075,12.59642 -11.68186,12.36554 -0.67734,-0.0727 -2.1856,-0.38258 -3.35168,-0.68863 z"
       id="path58" />
    <path
       style="fill:#ff0000;fill-opacity:1;stroke-width:0.930918;stroke-dashoffset:0.5"
       d=""
       id="path60" />
    <path
       style="fill:#ff0000;fill-opacity:1;stroke-width:0.930918;stroke-dashoffset:0.5"
       d="m 133.22584,617.72864 c -0.83536,-1.00655 -1.09011,-3.10503 -0.60944,-5.02018 0.8752,-3.48707 2.07073,-3.55844 9.87898,-0.58975 l 3.31829,1.26161 -4.119,3.03891 c -4.71623,3.47952 -6.44585,3.74694 -8.46883,1.30941 z"
       id="path64" />
    <path
       style="fill:#ff0000;fill-opacity:1;stroke-width:0.930918;stroke-dashoffset:0.5"
       d="m 272.90634,465.07421 c -1.37722,-2.1019 -1.83101,-5.29091 -1.58145,-11.11367 l 0.34999,-8.16592 12.93103,0.80377 c 18.8367,1.17085 18.85994,1.19564 8.50412,9.06854 -4.84371,3.68238 -9.77949,7.26658 -10.96841,7.9649 -1.18891,0.6983 -3.31865,1.97176 -4.73275,2.82989 -2.25433,1.36801 -2.80905,1.19707 -4.50253,-1.38751 z"
       id="path66" />
    <path
       style="fill:#ff0000;fill-opacity:1;stroke-width:0.930918;stroke-dashoffset:0.5"
       d="m 265.51724,422.37137 c -1.35468,-0.60898 -5.69072,-2.00822 -9.63565,-3.1094 -3.94493,-1.10118 -6.90847,-2.26629 -6.58564,-2.58913 0.32283,-0.32282 7.93134,-1.1077 16.9078,-1.74418 43.1639,-3.06053 62.47561,-9.86251 80.77823,-28.45178 6.32655,-6.42562 12.77143,-21.28731 12.75705,-29.41731 -0.0229,-12.95748 -7.70364,-31.926 -13.69775,-33.82845 -3.64023,-1.15537 -2.76462,-2.53044 3.01745,-4.73863 11.39929,-4.35343 16.6626,-8.81481 20.88129,-17.69974 3.87279,-8.15643 3.94343,-8.62466 3.94748,-26.16221 0.005,-20.12568 -1.57768,-26.9168 -8.12131,-34.85535 -4.31183,-5.231 -8.4039,-7.65635 -15.00826,-8.89534 -4.46364,-0.83738 -4.57566,-0.99222 -4.57566,-6.32437 0,-13.42268 -10.6592,-21.35351 -28.69959,-21.35351 -8.47848,0 -8.70944,0.0861 -13.36302,4.97796 -6.49987,6.83279 -6.31866,11.97612 0.54701,15.5265 2.91104,1.50535 5.66503,1.75201 12.28194,1.09999 6.60123,-0.65047 8.99049,-0.43826 10.56875,0.93867 1.12162,0.97853 3.6845,2.62023 5.69531,3.64822 l 3.65601,1.86907 -8.58212,2.59021 c -12.75199,3.84872 -27.62553,12.38075 -31.54902,18.09771 -2.89082,4.21225 -3.34304,6.30086 -3.96989,18.33523 -0.3891,7.4698 -1.04967,15.85559 -1.46793,18.63507 -0.90899,6.04054 3.04453,14.87019 10.20896,22.80037 4.67196,5.1713 16.8868,12.17066 21.23945,12.17066 1.374,0 2.49818,0.43299 2.49818,0.96219 0,1.81757 -14.16765,14.72766 -21.55173,19.63873 -10.7967,7.18078 -17.23414,10.18725 -21.81283,10.18725 -3.40415,0 -4.75143,-0.93747 -8.40688,-5.84975 -4.24797,-5.70852 -4.51553,-5.85148 -11.08146,-5.92096 -9.83967,-0.10414 -11.03873,-0.35714 -11.03873,-2.32918 0,-3.62961 7.80432,-7.80775 18.53956,-9.92538 14.07768,-2.77694 16.42441,-4.63692 16.50021,-13.07774 0.0542,-6.0317 -0.22173,-6.68013 -3.52296,-8.28026 -3.1903,-1.54637 -4.46886,-1.45838 -11.69951,0.8051 -4.46479,1.39766 -10.21847,2.88475 -12.78596,3.30466 -7.97869,1.30489 -14.82583,4.98752 -20.27026,10.90204 -4.99987,5.43157 -5.23399,6.03227 -5.23399,13.42967 0,11.53493 2.44451,15.30827 13.61059,21.0093 l 9.17266,4.68327 -18.6161,-0.81227 c -13.32047,-0.58119 -19.38663,-0.39989 -21.32475,0.63735 -5.86243,3.13748 -9.57135,20.22734 -6.27273,28.90335 0.66011,1.73623 4.12378,5.98636 7.69704,9.44473 8.09251,7.8323 5.84695,7.41222 -13.14158,-2.45846 -14.77221,-7.67894 -16.01088,-8.96155 -26.97521,-27.93213 -8.85986,-15.3294 -14.34696,-42.22074 -14.34696,-70.31199 0,-8.13698 0.55753,-10.21711 5.71909,-21.33783 3.1455,-6.77707 6.1263,-12.32194 6.62399,-12.32194 0.49769,0 1.56863,1.6024 2.37986,3.56088 1.93776,4.67816 23.34407,25.15875 32.48425,31.07946 10.64627,6.89632 17.50756,8.46311 37.06159,8.46311 h 16.77147 l 5.50189,-5.07146 c 3.19843,-2.94821 7.34896,-8.74869 9.9137,-13.85468 4.00991,-7.98307 4.33751,-9.40028 3.59601,-15.55662 -0.44871,-3.72537 -2.4939,-10.82434 -4.54489,-15.77549 -7.52706,-18.17063 -19.56003,-28.58612 -38.51887,-33.34113 -15.7722,-3.95578 -23.63071,-4.48862 -31.68172,-2.14813 -3.94016,1.14544 -8.49348,1.6692 -10.69076,1.22974 -6.9563,-1.39126 -5.20516,-5.24828 8.79572,-19.37327 12.40092,-12.51086 20.91532,-19.2587 27.42208,-21.73256 8.19459,-3.11558 22.0249,-5.06175 29.99759,-4.2212 11.16708,1.17734 13.22303,2.15869 16.02372,7.6485 3.17517,6.22385 5.6644,8.15689 10.50389,8.15689 3.18659,0 5.34739,-1.37167 10.8863,-6.91058 3.80082,-3.80081 8.06024,-7.27546 9.46538,-7.72144 3.93869,-1.25009 14.63399,4.36097 21.85048,11.46335 8.07202,7.9444 12.70279,9.16434 21.64943,5.70337 1.5608,-0.60379 3.37757,0.47776 6.46551,3.849 2.3621,2.57881 4.29473,5.17423 4.29473,5.76759 0,0.59335 0.76424,1.84307 1.69832,2.77714 0.93406,0.93407 2.0963,4.35235 2.58274,7.59618 0.48644,3.24383 2.84638,9.68906 5.24431,14.32274 l 4.35988,8.42486 -0.84306,12.2406 c -0.79615,11.55952 -0.65982,12.64889 2.45013,19.57879 2.88145,6.42072 3.81154,7.43544 7.43914,8.11598 2.28027,0.42778 5.41025,0.46046 6.95551,0.0726 2.3109,-0.58 3.64819,0.42338 7.5346,5.65324 5.27776,7.10219 5.25027,7.18581 -4.03547,12.27282 -5.78226,3.16772 -5.23942,6.34865 2.1148,12.39237 5.48955,4.51132 9.77137,4.29997 16.21679,-0.80046 l 5.26627,-4.16736 5.22443,3.68252 c 4.16922,2.93874 5.98387,3.51571 8.98451,2.85666 4.64838,-1.02095 6.08763,-2.69264 6.40633,-7.44092 0.5516,-8.21832 -0.0872,-11.78718 -2.47607,-13.83256 -1.35468,-1.15991 -2.46306,-2.72045 -2.46306,-3.46785 0,-1.8753 -4.97473,-6.25959 -8.21601,-7.24087 -1.47077,-0.44526 -6.06377,-3.83408 -10.20665,-7.5307 -4.14288,-3.69663 -8.4616,-6.72114 -9.59715,-6.72114 -1.89542,0 -1.88759,-0.17664 0.0956,-2.15517 3.08903,-3.08182 22.89522,-2.87259 29.60787,0.31277 5.8108,2.7574 17.5241,13.31951 19.92929,17.9706 1.85614,3.5894 2.42283,15.54524 0.84358,17.79782 -0.49763,0.7098 -5.61538,4.94425 -11.37277,9.40988 -5.75739,4.46563 -11.52369,9.28821 -12.81403,10.71683 -1.29032,1.42864 -2.8206,2.59752 -3.40063,2.59752 -2.82981,0 -16.81055,11.13706 -24.14086,19.23062 -4.53027,5.00197 -8.61091,9.0945 -9.06809,9.0945 -0.45719,0 -1.02329,-5.22116 -1.258,-11.60258 -0.37754,-10.26411 -0.77117,-11.96891 -3.41237,-14.77832 -3.79341,-4.03502 -11.19449,-4.38972 -14.87151,-0.7127 -1.35468,1.35468 -2.49403,2.8787 -2.53187,3.3867 -0.0378,0.50801 -0.18238,8.95936 -0.32117,18.78079 -0.24525,17.35622 -0.37845,18.17861 -4.74814,29.31672 -6.87279,17.51834 -11.3153,24.01408 -20.75488,30.34736 -10.97365,7.36252 -14.25078,8.78364 -16.31143,7.07346 -3.00672,-2.49536 -11.82666,-3.2154 -14.16936,-1.15675 -4.19287,3.68447 -12.96925,7.27022 -22.04411,9.00653 -10.17435,1.94667 -29.17138,2.23041 -33.0353,0.49341 z m 15.69491,-200.66878 c 5.99427,-4.71509 4.99305,-12.55664 -2.72572,-21.34783 -4.86084,-5.53619 -13.03471,-8.23653 -24.93177,-8.23653 -9.68149,0 -14.67008,1.74318 -21.07033,7.36268 -3.50017,3.07319 -4.52866,4.89979 -4.52866,8.04293 0,3.47708 0.83412,4.61921 5.75301,7.87735 3.16415,2.09585 6.35073,3.80779 7.08128,3.80432 0.73054,-0.003 3.54502,-1.37164 6.25437,-3.04038 8.39078,-5.16802 13.65579,-4.17077 23.74975,4.49847 4.7981,4.12086 6.3086,4.2715 10.41807,1.03899 z"
       id="path68" />
    <path
       style="fill:#ffffff;fill-opacity:1;stroke-width:0.930918;stroke-dashoffset:0.5"
       d="m 284.84298,382.70612 0.37869,-5.22491 6.12459,-0.86994 c 5.18599,-0.73663 6.46897,-0.5003 8.37176,1.54211 3.11105,3.33932 6.55176,1.30453 9.52568,-5.63335 1.55623,-3.63053 3.63682,-6.05423 6.38462,-7.43754 2.24186,-1.1286 8.01734,-5.03928 12.83438,-8.6904 4.81705,-3.65112 9.17208,-6.6384 9.67785,-6.6384 1.8415,0 -0.85369,6.92757 -5.11438,13.14573 -6.26311,9.14055 -19.37526,19.03482 -28.10006,21.20396 -2.70936,0.6736 -7.14286,1.79716 -9.85222,2.49681 -2.70936,0.69965 -6.20489,1.28531 -7.76785,1.30146 -2.58466,0.0267 -2.80749,-0.4433 -2.46306,-5.19553 z"
       id="path70" />
    <path
       style="fill:#ffffff;fill-opacity:1;stroke-width:0.930918;stroke-dashoffset:0.5"
       d="m 234.0998,390.08621 c -3.84646,-6.30867 -3.28991,-8.31281 2.30846,-8.31281 2.61691,0 7.6046,0.53984 11.08375,1.19965 5.80261,1.10044 14.49698,0.33529 19.88951,-1.75039 1.26121,-0.4878 2.61996,0.68218 4.20035,3.61679 1.28485,2.38581 2.10849,4.54093 1.83031,4.78917 -0.80843,0.72141 -28.42624,4.47817 -32.85146,4.46868 -3.20984,-0.007 -4.51265,-0.81571 -6.46092,-4.01109 z"
       id="path72" />
    <path
       style="fill:#ffffff;fill-opacity:1;stroke-width:0.930918;stroke-dashoffset:0.5"
       d="m 223.02158,287.02667 c -6.63842,-2.01931 -11.63987,-5.54443 -21.62483,-15.24158 -8.50781,-8.26257 -10.38349,-10.75571 -10.36804,-13.78112 0.0323,-6.32561 1.61559,-7.53018 5.89367,-4.48392 4.67463,3.32863 4.70538,3.32566 11.20629,-1.07941 2.98062,-2.01969 6.63549,-3.67217 8.12194,-3.67217 1.48644,0 3.68191,-1.08209 4.87881,-2.40466 1.6129,-1.78223 3.17646,-2.22911 6.04063,-1.72643 7.21087,1.26554 18.02699,4.45166 18.02699,5.31023 0,0.47002 -1.45881,2.1981 -3.2418,3.84018 -7.37706,6.79406 -11.27857,22.2717 -7.87242,31.23056 1.15935,3.04932 1.04177,3.15532 -3.3867,3.05314 -2.52326,-0.0582 -5.9768,-0.52839 -7.67454,-1.04482 z"
       id="path74" />
    <path
       style="fill:#ffffff;fill-opacity:1;stroke-width:0.930918;stroke-dashoffset:0.5"
       d="m 334.12796,294.72456 c -2.38317,-3.27157 -2.72167,-3.36211 -7.65086,-2.04644 l -5.15737,1.37658 -3.57858,-5.64284 c -8.38458,-13.2211 -1.55979,-26.24135 17.35737,-33.11419 8.05144,-2.92519 9.69684,-2.13086 7.50854,3.62479 -2.11041,5.5508 -3.89252,25.26587 -2.74537,30.37145 0.91296,4.06331 0.72699,5.26338 -1.06731,6.8872 -2.01212,1.82095 -2.35745,1.71316 -4.66642,-1.45655 z m 3.87897,-7.16298 c -0.7495,-1.95318 -2.90841,-2.56262 -2.90841,-0.82102 0,1.30236 1.34617,2.66831 2.62966,2.66831 0.54319,0 0.66863,-0.83128 0.27875,-1.84729 z"
       id="path76" />
  </g>
</svg>
