<?xml version="1.0" encoding="UTF-8" standalone="no"?>
<svg
   xmlns:dc="http://purl.org/dc/elements/1.1/"
   xmlns:cc="http://creativecommons.org/ns#"
   xmlns:rdf="http://www.w3.org/1999/02/22-rdf-syntax-ns#"
   xmlns:svg="http://www.w3.org/2000/svg"
   xmlns="http://www.w3.org/2000/svg"
   width="600px"
   height="1000px"
   viewBox="0 0 600 1000"
   version="1.1"
   id="SVGRoot">
  <defs
     id="defs1847" />
  <metadata
     id="metadata3">
    <rdf:RDF>
      <cc:Work
         rdf:about="">
        <dc:format>image/svg+xml</dc:format>
        <dc:type
           rdf:resource="http://purl.org/dc/dcmitype/StillImage" />
        <dc:title>Garçon grognon</dc:title>
        <cc:license
           rdf:resource="http://creativecommons.org/licenses/by/4.0/" />
        <dc:creator>
          <cc:Agent>
            <dc:title>Frédéric Wang</dc:title>
          </cc:Agent>
        </dc:creator>
      </cc:Work>
      <cc:License
         rdf:about="http://creativecommons.org/licenses/by/4.0/">
        <cc:permits
           rdf:resource="http://creativecommons.org/ns#Reproduction" />
        <cc:permits
           rdf:resource="http://creativecommons.org/ns#Distribution" />
        <cc:requires
           rdf:resource="http://creativecommons.org/ns#Notice" />
        <cc:requires
           rdf:resource="http://creativecommons.org/ns#Attribution" />
        <cc:permits
           rdf:resource="http://creativecommons.org/ns#DerivativeWorks" />
      </cc:License>
    </rdf:RDF>
  </metadata>
  <title
     id="title5">Garçon grognon</title>
  <g
     id="g945">
    <path
       style="fill:#000000;stroke-width:0.821881"
       d="m 113.90056,993.33893 c -3.40838,-1.52664 -7.48274,-7.70899 -8.07478,-12.25243 -0.49378,-3.78953 -0.39427,-4.02993 3.2309,-7.80787 2.05721,-2.14396 5.89956,-6.76079 8.53857,-10.25978 2.639,-3.49899 5.45788,-6.82761 6.26416,-7.39693 0.80629,-0.56932 2.08918,-2.24464 2.85087,-3.72287 0.76169,-1.47824 4.17734,-5.54655 7.59033,-9.04069 3.41299,-3.49415 6.60474,-7.09267 7.09276,-7.99674 1.88774,-3.4971 17.5927,-19.49254 20.23445,-20.60882 1.52432,-0.64403 5.32685,-1.17102 8.45008,-1.17102 6.62647,0 7.59882,-1.00787 4.78486,-4.95972 -1.55888,-2.18924 -1.74346,-3.21668 -1.29717,-7.22063 0.28617,-2.56748 0.66365,-13.54452 0.83884,-24.39334 0.1752,-10.84883 0.75368,-28.04669 1.28552,-38.21746 0.53184,-10.17077 1.21836,-38.2791 1.5256,-62.46294 0.30723,-24.18384 0.83091,-44.3947 1.16373,-44.91301 0.67059,-1.04434 -6.10732,-10.76689 -8.01677,-11.49961 -2.76086,-1.05945 -11.09523,-16.8275 -11.09523,-20.99144 0,-1.89081 -3.12278,-3.96214 -5.9734,-3.96214 -1.36537,0 -3.14748,-0.82735 -4.33066,-2.01053 -1.10579,-1.10579 -3.66681,-3.15008 -5.69116,-4.54288 -4.60122,-3.16572 -7.21132,-6.56233 -9.48418,-12.3421 -0.976,-2.48192 -2.17759,-4.76169 -2.6702,-5.06614 -0.49261,-0.30445 -1.0432,-2.13665 -1.22354,-4.07157 -0.18033,-1.93492 -0.6916,-4.19766 -1.13616,-5.02831 -1.02254,-1.91064 -3.1852,-14.07626 -3.18669,-17.92609 -0.001,-3.69032 4.56879,-14.74491 8.31189,-20.10507 1.57832,-2.26017 4.07757,-4.72242 5.55389,-5.47167 5.85734,-2.97266 6.93652,-5.59054 5.031,-12.20419 -0.45498,-1.57914 -0.90691,-4.66586 -1.00428,-6.85938 -0.16228,-3.6555 0.0793,-4.22313 2.89518,-6.80372 1.68972,-1.54852 4.1835,-3.03774 5.54173,-3.30938 1.35822,-0.27165 2.64713,-0.78132 2.86424,-1.13261 0.21711,-0.35129 -0.17352,-3.53967 -0.86806,-7.0853 -0.88416,-4.51358 -1.25716,-11.37542 -1.24395,-22.88421 0.0273,-23.80948 0.50826,-33.04196 3.29667,-63.28482 0.41678,-4.52035 1.15668,-12.65697 1.64423,-18.08138 0.48754,-5.42441 1.314,-11.7118 1.83658,-13.97197 0.52258,-2.26018 0.90641,-4.77201 0.85295,-5.58185 -0.0534,-0.80984 0.43575,-2.98296 1.08713,-4.82915 1.60743,-4.55594 1.48878,-6.95497 -0.43934,-8.8831 -0.89301,-0.89301 -3.33574,-5.2387 -5.42828,-9.6571 -2.09254,-4.41839 -4.30482,-8.9883 -4.91618,-10.15535 -0.61137,-1.16706 -1.47904,-3.57106 -1.92818,-5.34223 -0.44913,-1.77117 -1.58067,-5.35204 -2.51454,-7.95748 -3.88282,-10.83293 -5.11926,-23.53236 -3.2197,-33.06935 0.45018,-2.26017 1.02377,-5.31483 1.27464,-6.78813 0.25087,-1.4733 0.78511,-2.88205 1.1872,-3.13056 0.40209,-0.24851 0.73469,-1.26216 0.7391,-2.25255 0.004,-0.9904 0.93664,-3.79556 2.0716,-6.23367 l 2.06357,-4.43296 -4.94304,-5.42961 c -2.71867,-2.9863 -5.8732,-6.47315 -7.01008,-7.74856 -1.13688,-1.27541 -3.26581,-4.55265 -4.73096,-7.28275 -1.46515,-2.73009 -3.81375,-6.30965 -5.21911,-7.95457 -3.14354,-3.6794 -11.82771,-21.13601 -11.82771,-23.77566 0,-1.05869 -0.39829,-2.66909 -0.88508,-3.57866 -1.57629,-2.94533 -1.76832,-16.96416 -0.32196,-23.50454 1.12625,-5.09285 1.88657,-6.57604 5.26648,-10.27351 5.12006,-5.6011 14.6187,-11.06027 21.2884,-12.23511 2.78396,-0.49039 5.05146,-1.3144 5.03888,-1.83115 -0.0126,-0.51674 -1.12211,-2.39233 -2.46564,-4.16799 -1.34353,-1.77566 -2.44278,-3.91566 -2.44278,-4.75556 0,-1.99777 2.96363,-14.71845 4.65022,-19.95993 2.03412,-6.32156 3.27314,-18.15109 2.62553,-25.06736 -0.31745,-3.39026 -1.74834,-10.41734 -3.17976,-15.61574 -1.43143,-5.19839 -2.89773,-10.74609 -3.25845,-12.32821 -1.05903,-4.64483 -2.60321,-8.33266 -5.50624,-13.15009 -1.4982,-2.48619 -2.72495,-4.96944 -2.72611,-5.51835 -0.003,-1.64534 -9.10531,-18.56348 -11.20466,-20.82681 -1.07115,-1.15482 -1.94755,-2.48233 -1.94755,-2.95003 0,-0.4677 -1.47939,-2.21914 -3.28752,-3.89209 -1.80814,-1.67295 -3.28753,-3.32368 -3.28753,-3.66829 0,-0.3446 -1.40527,-2.08647 -3.12283,-3.8708 -5.95348,-6.18496 -9.11201,-11.86911 -9.1659,-16.49514 -0.0348,-2.982667 0.4011,-3.794435 3.64062,-6.780517 3.93969,-3.631479 4.53924,-3.884796 5.92194,-2.502096 0.48956,0.489556 4.35445,1.200769 8.58865,1.580473 15.68112,1.406211 37.12404,6.528673 50.02542,11.95049 7.9962,3.3604 14.74122,7.44984 20.68101,12.53868 4.58521,3.92832 6.08777,4.05412 5.91265,0.49504 -0.16228,-3.2979 -4.07001,-16.298944 -6.41884,-21.355483 -5.11056,-11.874906 -5.60267,-26.175765 9.34921,-24.18968 2.8408,0.401544 5.77404,1.246619 6.51832,1.877943 0.74427,0.631324 2.54297,1.618411 3.99709,2.193526 1.45413,0.575115 3.09715,1.591836 3.65115,2.259379 0.55402,0.667543 3.43259,2.463171 6.39683,3.990284 6.05936,3.12165 12.48644,7.332267 19.04294,12.475748 2.43538,1.910525 6.46213,5.045943 8.94832,6.967597 2.48619,1.921656 9.84725,8.788726 16.35791,15.260146 6.51066,6.47143 12.38564,11.65756 13.0555,11.52473 2.50835,-0.4974 0.19449,-28.724097 -3.03912,-37.074188 -1.51758,-3.918807 -1.11389,-13.351351 0.72573,-16.957297 1.3526,-2.651322 2.16069,-3.269874 4.86976,-3.727568 1.86409,-0.314936 3.95162,-0.172208 4.89929,0.334974 0.9082,0.48605 2.50773,0.885109 3.55453,0.886799 2.47831,0.004 5.86109,2.181732 10.94395,7.045393 2.26017,2.162699 5.82074,5.437383 7.91237,7.277076 2.09163,1.839693 5.86457,5.866445 8.38431,8.948339 2.51974,3.081893 5.46228,6.296381 6.53897,7.143302 1.07669,0.84693 3.38254,4.34718 5.12411,7.77835 1.74157,3.43116 3.64777,6.6379 4.23599,7.12609 1.91552,1.58974 3.42384,0.096 4.01315,-3.97424 0.31468,-2.17349 0.86225,-4.32165 1.21681,-4.77369 0.35456,-0.45203 0.91136,-2.30126 1.23733,-4.1094 0.32596,-1.80814 0.94092,-3.961062 1.36657,-4.784274 0.42564,-0.823212 1.30626,-3.59706 1.95694,-6.164106 0.65067,-2.567046 1.49877,-5.407049 1.88465,-6.311118 1.13258,-2.653385 2.56507,-9.280117 2.56507,-11.866007 0,-1.393349 0.91808,-3.481867 2.20058,-5.006023 2.08788,-2.481309 2.41082,-2.587343 6.30626,-2.070594 5.69282,0.755179 6.54543,1.326291 14.91676,9.991852 4.06831,4.211298 8.62662,8.562672 10.12957,9.669718 2.99614,2.206908 12.25267,12.981945 15.62162,18.184312 5.72044,8.83357 15.70498,29.46209 15.77993,32.60205 0.0144,0.60228 0.56915,1.81298 1.23282,2.69044 0.66368,0.87746 1.20669,2.56026 1.20669,3.73956 0,1.1793 0.39012,2.5343 0.86694,3.01111 1.32665,1.32666 3.30178,10.57934 3.9203,18.36508 l 0.55498,6.98599 2.87659,-0.081 c 1.58212,-0.0446 4.99396,-0.87669 7.58186,-1.84923 3.37568,-1.26859 6.5574,-1.76825 11.25967,-1.76825 5.87949,0 6.91966,0.24654 10.10215,2.39437 7.3002,4.92684 9.27094,9.05028 8.65066,18.10001 -0.24258,3.53914 -1.00149,7.68019 -1.68646,9.20235 -0.68498,1.52215 -2.26517,5.17156 -3.51153,8.10978 -1.24636,2.93823 -2.6794,5.71207 -3.18453,6.16411 -0.50514,0.45203 -1.98626,2.67111 -3.2914,4.93128 -1.30514,2.26018 -5.54454,8.8801 -9.42089,14.71094 -3.87635,5.83083 -8.03022,12.11822 -9.23084,13.97197 -1.20061,1.85375 -2.74056,3.92596 -3.42211,4.60492 -1.36089,1.35569 -8.77787,15.88842 -8.77787,17.19921 0,0.44942 1.41102,1.19708 3.13558,1.66146 1.72457,0.46438 3.90613,1.68063 4.84791,2.70278 2.66238,2.88963 9.27601,14.54696 9.27601,16.35011 0,0.88917 0.57154,2.72191 1.27009,4.07276 2.23443,4.32089 0.84337,10.98423 -4.61286,22.09632 -3.59815,7.32793 -6.16847,11.26373 -10.55094,16.15608 -3.18667,3.55741 -5.80256,6.65295 -5.81309,6.87897 -0.0105,0.22601 -2.51542,3.06383 -5.56643,6.30625 -4.66719,4.95999 -6.8044,6.4942 -13.47078,9.67008 -4.35791,2.07612 -8.40237,4.3518 -8.98768,5.05706 -1.68708,2.03281 0.86296,5.5143 4.60907,6.29263 1.65716,0.3443 4.17845,1.57966 5.60286,2.74525 1.4244,1.16557 4.70641,3.80423 7.29334,5.86368 2.58693,2.05945 4.5072,4.0621 4.26726,4.45033 -0.23994,0.38823 0.13994,1.52851 0.84418,2.53395 0.70424,1.00545 1.28044,2.68341 1.28044,3.72882 0,1.04541 0.53169,2.71988 1.18153,3.72106 2.01589,3.10574 3.52973,8.85443 4.80801,18.25793 1.58811,11.68267 1.53099,10.28312 1.49249,36.5737 -0.0336,22.96749 -0.55835,30.56782 -2.92219,42.32686 -0.72695,3.61627 -2.03915,12.42832 -2.91599,19.58234 -2.21442,18.06714 -4.40078,30.1726 -5.81492,32.19615 -0.3159,0.45203 -0.83416,2.48619 -1.15168,4.52034 -0.31752,2.03416 -1.24914,5.91754 -2.07026,8.62975 -0.82112,2.71221 -2.07672,6.96544 -2.79021,9.45163 -4.82844,16.8248 -8.59006,26.15398 -18.37137,45.56276 -5.67351,11.2578 -5.66776,11.17433 -1.0232,14.85334 7.34759,5.8201 9.16355,12.00291 7.23956,24.64856 -0.55021,3.61628 -1.82837,8.05443 -2.84036,9.86257 -7.58122,13.54554 -12.76584,20.39612 -17.7632,23.47103 -2.16156,1.33001 -4.25187,2.41822 -4.64512,2.41822 -0.63843,0 -2.09744,1.85893 -4.59256,5.8514 -0.45751,0.73208 -3.00784,4.36462 -5.66739,8.0723 -4.82144,6.72157 -8.12231,9.46766 -15.07964,12.54522 -3.43842,1.52097 -4.45885,3.4566 -2.74903,5.21458 1.02355,1.05239 3.99346,8.79093 5.48605,14.29473 0.6672,2.46029 1.53761,4.86429 1.93424,5.34222 0.39662,0.47794 1.54578,3.27298 2.55369,6.2112 1.00791,2.93823 2.33385,6.07175 2.94652,6.9634 0.61268,0.89163 1.11396,2.25719 1.11396,3.03457 0,0.77737 2.06531,5.78048 4.58957,11.11799 2.52427,5.33752 4.87879,10.44426 5.23226,11.34833 1.46289,3.74153 2.40838,5.9643 4.19516,9.86257 1.03596,2.26018 2.17616,4.8491 2.53378,5.75317 0.35762,0.90407 2.14189,5.1573 3.96505,9.45163 1.82317,4.29432 3.31572,8.38113 3.31679,9.08178 8.2e-4,0.70065 0.36524,1.63722 0.80929,2.08127 0.44403,0.44403 1.33437,2.4597 1.9785,4.47925 0.98155,3.07741 5.26862,13.94117 7.93566,20.10951 0.39089,0.90407 1.26933,3.60939 1.95208,6.01182 0.68275,2.40243 3.48632,8.84861 6.23013,14.32484 5.94844,11.87213 6.90731,15.31751 5.20992,18.72002 -0.66279,1.3286 -1.55149,2.62972 -1.9749,2.89141 -1.32094,0.81638 -0.84333,2.02253 0.80086,2.02253 1.41105,0 5.81437,-4.23466 5.83421,-5.61075 0.004,-0.30435 2.50085,-3.13413 5.54769,-6.28842 5.57126,-5.76773 6.16124,-6.49271 10.22107,-12.55995 3.05407,-4.56418 22.71374,-24.7402 25.52219,-26.1925 3.28996,-1.7013 8.18601,-0.24052 10.77124,3.2137 4.83837,6.46471 5.01913,8.55711 2.14566,24.8362 -0.97044,5.49779 -1.75377,11.58132 -4.12724,32.05335 -0.99676,8.59745 -2.59378,17.4496 -4.15169,23.01267 -1.39251,4.97237 -2.98198,11.62961 -3.53218,14.79385 -1.03638,5.96044 -2.73467,10.02966 -4.95495,11.87232 -0.70786,0.58748 -1.28702,1.50806 -1.28702,2.04574 0,1.59412 -3.95873,4.06494 -14.81931,9.2492 -11.27383,5.38151 -12.89041,6.03523 -20.11062,8.13185 -2.71221,0.78753 -8.2599,3.16728 -12.32822,5.28831 -9.56306,4.98561 -12.2036,5.15311 -16.1975,1.02727 -3.0317,-3.13186 -5.03049,-7.3426 -5.93052,-12.49341 -0.27127,-1.55245 -1.10323,-3.49669 -1.84879,-4.32055 -0.74555,-0.82377 -1.75824,-2.21127 -2.25041,-3.0832 -0.49216,-0.87193 -2.23411,-3.55077 -3.87098,-5.95296 -1.63687,-2.4022 -4.15379,-6.58467 -5.59315,-9.29432 -3.04706,-5.73632 -5.54903,-8.63436 -7.45424,-8.63436 -2.2706,0 -7.22205,-4.28923 -9.96212,-8.62974 -2.27014,-3.59614 -12.23181,-24.42692 -12.23181,-25.57788 0,-0.23618 -1.90781,-4.37871 -4.23957,-9.20561 -5.50763,-11.4012 -7.38215,-15.5843 -10.56207,-23.57005 -1.43999,-3.61628 -3.08164,-7.12982 -3.64811,-7.80787 -1.60564,-1.92196 -6.20691,-11.61883 -6.20465,-13.07589 0.002,-1.33079 -3.10704,-9.02765 -7.83186,-19.3884 -1.443,-3.16424 -4.23181,-9.82147 -6.19738,-14.79385 -1.96556,-4.97238 -4.53076,-10.705 -5.70043,-12.73916 -1.16967,-2.03415 -2.76696,-5.40081 -3.54953,-7.48146 -0.78256,-2.08065 -2.70749,-5.91638 -4.27762,-8.52385 -1.57014,-2.60747 -2.8548,-5.19349 -2.8548,-5.74672 0,-0.55323 -0.73578,-1.67174 -1.63506,-2.48558 -0.89929,-0.81385 -3.16213,-4.29224 -5.02855,-7.72978 -1.86641,-3.43754 -4.23837,-7.17468 -5.271,-8.30476 -1.03264,-1.13009 -2.01102,-2.7944 -2.17417,-3.69847 -0.56743,-3.14425 -2.70949,-1.82867 -3.34553,2.0547 -1.02477,6.25687 -2.22833,18.08658 -2.71759,26.71113 -0.25642,4.52034 -0.97475,10.06804 -1.59629,12.32821 -1.10026,4.00104 -3.15055,31.84404 -4.17567,56.70563 -0.27949,6.77823 -0.67316,12.59103 -0.87482,12.91732 -0.20166,0.32631 -0.37104,4.21156 -0.37639,8.6339 -0.006,4.42235 -0.76526,14.1431 -1.68867,21.60167 -1.93538,15.63233 -2.21649,23.08367 -1.2403,32.87523 0.67225,6.74296 0.62282,7.08609 -1.4207,9.86257 -2.50595,3.4048 -3.30238,5.04963 -4.57649,9.45163 -1.11652,3.8575 -1.35188,13.70922 -0.48155,20.15712 l 0.61299,4.54146 -3.76658,3.47188 c -2.07163,1.90955 -4.19579,3.47195 -4.72039,3.47195 -0.52459,0 -2.5181,1.44191 -4.43001,3.20427 -2.69593,2.48503 -4.56137,3.41466 -8.31071,4.14178 -2.65899,0.51557 -6.31391,1.31222 -8.12204,1.77033 -1.80814,0.45804 -4.95184,1.22584 -6.98599,1.70623 -2.03416,0.48047 -4.11679,1.20948 -4.62808,1.62001 -1.57188,1.26224 -10.0328,3.17246 -14.10981,3.18552 -4.01358,0.0131 -7.03943,0.90259 -13.31546,3.91544 -8.51826,4.08927 -14.52211,5.85771 -21.77985,6.41519 -5.95856,0.45779 -8.43575,1.08357 -12.73915,3.21824 -6.11797,3.03472 -13.85945,4.18518 -17.42277,2.58917 z m 41.25731,-30.72453 c 3.8423,-1.59823 7.35584,-3.15849 7.80787,-3.46727 1.38859,-0.94853 13.98545,-4.5459 27.91862,-7.97282 7.72557,-1.90019 15.48923,-5.43518 17.64701,-8.03511 1.17632,-1.41742 2.91638,-11.38683 2.27786,-13.05073 -0.40168,-1.04675 -1.16299,-1.0442 -6.07,0.0205 -3.0859,0.66975 -7.49844,1.75307 -9.80564,2.40745 -2.30721,0.6543 -5.82075,1.19501 -7.80787,1.20142 -1.98713,0.008 -7.09814,0.21328 -11.35782,0.4596 l -7.74487,0.44776 -4.25866,4.22751 c -2.34226,2.3251 -6.03808,6.81643 -8.21293,9.98067 -2.17485,3.16424 -5.74204,8.02468 -7.92709,10.801 -2.18504,2.77631 -3.97281,5.46476 -3.97281,5.97425 0,1.29454 3.19171,0.46395 11.50633,-2.99444 z m 237.52357,-28.25593 c 7.91802,-2.59764 11.68847,-4.1814 13.87734,-5.82919 1.07804,-0.81153 2.30813,-1.47552 2.73354,-1.47552 1.12298,0 9.59443,-6.71041 13.12889,-10.39976 2.74564,-2.86589 3.31378,-4.31331 6.0799,-15.48949 1.67818,-6.78052 3.32979,-13.0679 3.67025,-13.97197 0.84142,-2.23439 2.28589,-11.85639 2.86862,-19.10873 0.40344,-5.02084 0.27992,-5.95864 -0.78485,-5.95864 -0.695,0 -1.90247,1.01708 -2.68328,2.26018 -0.78079,1.24309 -2.54609,3.6073 -3.92288,5.2538 -1.37678,1.64651 -3.98263,5.0802 -5.79076,7.63045 -4.70539,6.63659 -8.63665,11.46372 -9.95535,12.22396 -0.62702,0.36146 -1.14004,1.0631 -1.14004,1.5591 0,0.49601 -1.38693,2.54504 -3.08206,4.55331 -1.69513,2.00834 -4.00667,5.33713 -5.13675,7.39733 -2.51719,4.58906 -5.17746,6.65469 -9.92797,7.70908 -4.766,1.05784 -9.22639,4.06133 -12.26914,8.26171 -2.93766,4.05533 -3.10029,6.64277 -0.61009,9.70666 1.01708,1.2514 2.47926,3.43144 3.2493,4.84449 1.66162,3.04918 2.67523,3.1363 9.69533,0.83323 z m -179.99191,-26.52234 3.69847,-1.74033 1.02349,-9.45163 c 0.56293,-5.1984 1.41842,-11.62104 1.9011,-14.27255 0.48268,-2.6515 1.05993,-7.43594 1.2828,-10.63209 0.22287,-3.19615 0.6297,-6.17442 0.90408,-6.61838 0.46702,-0.75565 1.12298,-9.702 2.20829,-30.11804 0.25232,-4.74636 0.63473,-9.55437 0.84981,-10.68445 0.21507,-1.13009 0.62661,-10.56117 0.91454,-20.95796 0.28793,-10.3968 0.86045,-21.67711 1.27226,-25.06737 3.15478,-25.97211 3.31969,-28.6481 1.89909,-30.81621 -1.21534,-1.85486 -1.26485,-3.24605 -0.46117,-12.9584 0.98242,-11.87218 3.06149,-25.76191 4.15463,-27.75599 0.37984,-0.6929 0.95097,-2.44515 1.26917,-3.89392 0.78951,-3.59457 3.987,-5.94168 8.09444,-5.94168 3.84855,0 12.04008,2.49592 12.13824,3.69847 0.0369,0.45203 1.98127,2.30645 4.32082,4.12092 3.25464,2.52419 4.96747,4.74413 7.29253,9.45163 1.67134,3.38392 3.05826,6.72911 3.08205,7.43376 0.0238,0.70464 1.36909,3.47849 2.98955,6.1641 1.62046,2.68561 3.45685,5.99248 4.08087,7.34858 0.62402,1.3561 2.07441,3.94503 3.22308,5.75317 1.14866,1.80813 2.6547,4.39706 3.34676,5.75316 0.69206,1.3561 2.26154,3.97934 3.48774,5.82942 1.22621,1.85008 3.06023,4.62393 4.07562,6.16411 1.01539,1.54018 1.84755,3.21247 1.84923,3.71619 0.002,0.50373 1.80752,4.40692 4.01296,8.67377 2.20544,4.26684 4.2685,9.28865 4.5846,11.15956 0.31608,1.87091 1.10056,3.83808 1.74327,4.37149 0.64272,0.5334 1.16858,1.82733 1.16858,2.87539 0,1.04806 0.31927,2.10289 0.70949,2.34406 0.84271,0.52082 7.50931,14.05215 7.50931,15.24179 0,0.78706 3.34022,8.25082 6.81905,15.23725 0.90035,1.80814 2.50823,4.46486 3.57308,5.9038 1.06485,1.43895 1.93763,3.10326 1.93953,3.69847 0.002,0.5952 0.92651,2.90164 2.0547,5.12541 1.12819,2.22377 2.05126,4.59865 2.05126,5.27751 0,0.67886 0.48538,1.81817 1.07861,2.53182 0.59324,0.71365 1.77881,2.96185 2.63459,4.996 0.85578,2.03416 2.40457,4.98632 3.44173,6.56036 1.03717,1.57405 1.88576,3.36243 1.88576,3.97418 0,0.61174 1.26928,3.68874 2.82063,6.83776 1.55134,3.14902 3.05169,6.77753 3.33411,8.06334 0.28241,1.28583 1.2322,2.9883 2.11065,3.78329 0.87845,0.79498 1.60207,2.03533 1.60805,2.75633 0.0152,1.83416 6.43729,13.22818 7.45589,13.22818 0.45975,0 1.34205,1.21137 1.96065,2.69183 0.82472,1.97391 1.70205,2.73966 3.28915,2.87099 1.19044,0.0986 2.88451,0.56455 3.76462,1.03557 2.08391,1.11521 3.99798,0.0824 8.11248,-4.37742 1.75249,-1.89961 4.15679,-4.49955 5.34287,-5.77774 1.94309,-2.0939 2.10418,-2.74467 1.62773,-6.57503 -0.70633,-5.67831 -3.22476,-16.35924 -4.35548,-18.472 -0.49972,-0.93374 -0.90859,-2.77049 -0.90859,-4.08165 0,-1.31117 -0.79305,-4.75657 -1.76234,-7.65643 -0.96928,-2.89988 -2.03606,-6.56696 -2.37061,-8.14908 -0.68202,-3.22524 -2.42503,-8.33496 -5.74734,-16.84856 -1.2348,-3.16424 -2.88387,-7.97224 -3.66461,-10.68445 -0.78072,-2.71221 -2.49066,-7.26863 -3.79987,-10.12538 -1.30921,-2.85675 -2.38037,-6.07109 -2.38037,-7.14295 0,-1.07187 -0.34591,-2.16264 -0.76868,-2.42392 -0.42277,-0.26129 -1.52045,-2.48437 -2.43928,-4.94018 -0.91884,-2.45581 -3.86346,-9.01356 -6.54361,-14.57276 -4.37625,-9.07731 -8.05398,-16.99171 -11.18952,-24.07963 -0.59992,-1.3561 -2.12431,-5.79426 -3.38756,-9.86257 -1.26323,-4.06831 -3.14462,-9.24616 -4.18084,-11.50633 -1.03623,-2.26017 -1.88766,-4.74003 -1.89207,-5.51079 -0.0148,-2.57816 -5.17982,-12.53492 -8.11977,-15.65264 -2.37975,-2.52365 -3.47912,-3.08205 -6.06785,-3.08205 -4.00694,0 -6.89181,-1.50286 -12.77105,-6.65299 -2.58048,-2.26045 -6.28005,-5.47918 -8.22128,-7.15275 -1.94122,-1.67355 -4.47283,-4.61467 -5.62579,-6.53581 -1.15296,-1.92115 -2.43099,-3.493 -2.84007,-3.493 -0.40909,0 -0.74379,-0.53363 -0.74379,-1.18584 0,-0.65221 -0.70459,-2.40898 -1.56576,-3.90393 -0.86117,-1.49496 -1.82874,-4.3824 -2.15014,-6.41656 -0.32142,-2.03415 -0.9553,-4.40362 -1.40864,-5.26548 -0.45333,-0.86186 -1.11748,-7.95044 -1.47588,-15.75242 -0.53168,-11.57399 -0.43075,-14.82651 0.54821,-17.668 0.65992,-1.91544 1.02329,-3.94273 0.8075,-4.50508 -0.2158,-0.56237 -3.09987,-1.47252 -6.40904,-2.02255 -3.30918,-0.55005 -6.38653,-1.26281 -6.83857,-1.58392 -3.61304,-2.56659 -26.51817,-4.09732 -35.13955,-2.34834 -4.26299,0.86481 -14.89455,8.43269 -15.78419,11.23569 -0.26717,0.84181 -1.21603,2.19143 -2.10856,2.99915 -0.89252,0.80773 -1.62277,2.18298 -1.62277,3.05612 0,1.69743 -8.38856,10.95384 -13.1501,14.51054 -1.58212,1.18179 -6.79597,6.23757 -11.58631,11.23505 -9.03776,9.42854 -10.99409,12.90796 -8.38493,14.91292 1.39452,1.0716 1.91384,1.87375 5.38286,8.31433 1.24309,2.30794 2.26017,4.76833 2.26017,5.46755 0,0.6992 0.31703,1.9135 0.70452,2.69843 4.5373,9.19112 6.04875,10.87877 9.74292,10.87877 5.51155,0 12.11671,-9.65088 19.96889,-29.17677 1.63895,-4.07555 3.54504,-16.31929 3.67614,-23.61359 0.15653,-8.70959 0.82324,-10.20425 5.66959,-12.71039 4.03627,-2.08724 12.14261,-0.0905 14.94734,3.68183 0.48191,0.64817 1.59145,1.03948 2.46564,0.86958 1.33185,-0.25885 1.60403,-1.0555 1.67948,-4.91575 0.14093,-7.21053 0.6993,-8.43954 4.79021,-10.54358 3.94429,-2.02862 4.14578,-2.00462 11.69933,1.39337 5.32117,2.39375 6.7059,10.8021 4.63884,28.16809 -0.6632,5.57175 -0.60734,7.31417 0.27588,8.60716 2.69738,3.94872 -0.48319,14.08933 -4.89458,15.60542 -1.6208,0.55703 -2.71699,0.49705 -3.69847,-0.20237 -0.76721,-0.54671 -3.614,-2.088 -6.3262,-3.42508 -2.71221,-1.33708 -5.47524,-3.1871 -6.14008,-4.11116 -2.06757,-2.87375 -2.32681,-2.49763 -5.35674,7.77151 -2.9065,9.85083 -5.43226,15.76784 -9.9987,23.42361 -7.7974,13.0726 -10.17621,15.75624 -17.06662,19.25363 -3.36561,1.7083 -6.35141,3.71086 -6.6351,4.45014 -1.3553,3.53187 -2.31413,21.58692 -2.23292,42.04669 0.0493,12.43095 -0.53901,37.02573 -1.30743,54.65507 -0.80813,18.53998 -1.17359,36.38457 -0.86689,42.32686 0.9791,18.97 1.7461,26.69724 2.8716,28.93046 0.61517,1.22065 1.11849,3.1007 1.11849,4.17794 0,1.07716 0.25059,2.20914 0.55687,2.51537 0.95985,0.95987 8.7289,-0.42269 12.59322,-2.24102 z M 317.97844,686.31002 c 6.96637,-0.89898 10.7569,-2.73544 15.28542,-7.40561 4.17685,-4.3075 6.31138,-7.9121 5.67199,-9.57835 -0.24325,-0.63389 -3.50616,-2.62686 -7.25092,-4.42884 -10.41483,-5.0116 -15.34799,-8.13075 -22.78465,-14.40635 -9.89365,-8.349 -12.28473,-9.41147 -13.99375,-6.21814 -1.85514,3.46637 -0.3761,24.14955 2.08462,29.1516 0.64569,1.31255 1.17487,3.3467 1.17595,4.52035 0.002,1.58191 1.11761,3.03609 4.31487,5.62163 4.72267,3.81908 5.75152,4.00124 15.49647,2.74371 z M 153.92916,658.29223 c 1.14369,-1.81172 3.25157,-4.30818 4.68419,-5.54769 5.06226,-4.37992 25.82706,-25.44047 29.02202,-29.43537 1.78135,-2.22737 4.35635,-5.03643 5.72222,-6.24234 1.98556,-1.75305 2.27927,-2.40201 1.46518,-3.23729 -0.8168,-0.83806 -3.24506,-0.85358 -12.27625,-0.0785 -6.19193,0.53144 -11.52238,1.24852 -11.84546,1.59352 -0.32307,0.34501 0.0909,3.19758 0.91992,6.33905 1.65247,6.2618 1.2751,11.08412 -1.15797,14.79747 -1.55996,2.38079 -3.03069,2.82516 -10.30983,3.11508 l -5.2782,0.21022 -2.94061,4.10941 c -2.72786,3.81213 -2.9406,4.54268 -2.9406,10.09814 0,4.42907 0.32106,6.19165 1.23282,6.76794 0.67805,0.42857 1.32064,0.78488 1.42798,0.7918 0.10734,0.007 1.1309,-1.46973 2.27459,-3.28145 z m 204.77381,-7.77344 c 2.78285,-1.12263 3.72479,-2.09371 5.07472,-5.23169 0.91168,-2.11926 1.77797,-4.95908 1.92511,-6.31071 0.23882,-2.19391 0.003,-2.48712 -2.19813,-2.73365 -1.70213,-0.19063 -4.15879,-1.90853 -7.93343,-5.54769 -3.00728,-2.89935 -5.88152,-5.27155 -6.3872,-5.27155 -1.53659,0 -2.76669,-3.81185 -2.20179,-6.823 0.29297,-1.56166 1.36014,-3.73224 2.37149,-4.82351 3.60038,-3.88487 15.38375,-25.09432 15.38375,-27.68994 0,-0.84475 0.73969,-2.47628 1.64376,-3.62561 0.90407,-1.14934 1.64376,-2.31278 1.64376,-2.58544 0,-0.27265 0.68407,-2.06355 1.52016,-3.97977 0.83609,-1.91622 2.34567,-5.70312 3.35461,-8.41532 1.00895,-2.71221 2.40417,-6.29374 3.10049,-7.95896 2.93861,-7.02759 9.13092,-33.7426 10.82375,-46.69611 2.79794,-21.40991 3.59408,-27.02274 4.1968,-29.58771 1.58164,-6.73096 3.46086,-18.28051 4.02163,-24.71662 0.82224,-9.43719 0.46244,-35.94392 -0.59045,-43.49949 -0.47245,-3.39026 -1.21113,-8.81949 -1.64151,-12.06498 -0.43039,-3.24547 -1.02716,-6.29671 -1.32617,-6.78052 -0.29901,-0.4838 -2.13991,-0.87964 -4.09088,-0.87964 -7.4303,0 -8.56152,0.62941 -17.60163,9.79348 -4.71964,4.78436 -10.00624,10.6241 -11.74799,12.97721 -4.89885,6.61833 -16.5719,17.97432 -22.70159,22.08499 -3.04407,2.04139 -6.79137,4.61906 -8.32733,5.72816 -1.53596,1.10909 -3.43933,2.01653 -4.22972,2.01653 -0.79039,0 -4.15677,1.1301 -7.48086,2.51133 -3.32408,1.38122 -9.18748,3.64114 -13.02978,5.02204 -3.84229,1.3809 -7.9106,2.96661 -9.04068,3.52381 -1.13009,0.55719 -5.38332,1.45603 -9.45163,1.99743 -9.97806,1.32784 -14.5568,2.35553 -21.36891,4.79625 -3.16424,1.13371 -9.2667,2.54072 -13.56103,3.12668 -8.94996,1.22122 -16.60715,2.79055 -17.37595,3.56118 -0.29007,0.29075 -0.029,2.37788 0.58013,4.63805 1.28051,4.7512 1.51284,19.92875 0.41518,27.12207 -0.41387,2.7122 -0.97852,10.84882 -1.25477,18.08137 -0.54044,14.14927 -0.49124,13.65858 -2.47202,24.65643 -1.98029,10.99515 -4.37356,21.86675 -7.14669,32.46429 -1.3603,5.1984 -2.45173,10.21442 -2.42539,11.14673 0.056,1.98558 3.09195,9.12567 4.16104,9.78641 0.79324,0.49024 8.96291,2.24767 10.31367,2.21863 17.29719,-0.3719 19.92501,-0.25806 22.90757,0.99234 1.75033,0.73381 4.89979,1.33419 6.99881,1.33419 2.16517,0 5.05544,0.66668 6.68014,1.54086 3.66761,1.97336 5.35778,1.35612 11.85976,-4.33112 8.34095,-7.29577 13.04285,-8.99312 23.78726,-8.58701 l 7.45774,0.28188 1.38033,-2.87658 c 1.80489,-3.76135 2.9374,-6.59898 3.44419,-8.62975 0.48775,-1.95445 3.04369,-8.70572 4.82287,-12.73915 5.21734,-11.82773 5.72803,-13.38185 5.24443,-15.95968 -0.38554,-2.0551 -0.0344,-3.31152 1.53072,-5.47638 4.77298,-6.60215 5.79287,-10.16497 8.33284,-29.10961 0.72727,-5.42441 1.46196,-10.60226 1.63265,-11.50633 3.62842,-19.21868 3.98385,-44.39612 0.79639,-56.41579 -0.69215,-2.61007 1.20581,-6.7063 3.9363,-8.49538 2.58744,-1.69536 7.47559,-1.12327 12.58837,1.4733 6.50923,3.30575 8.33167,7.22064 9.4151,20.22506 0.93538,11.22737 0.53592,20.9234 -1.44173,34.994 -2.10786,14.99709 -2.67988,20.06494 -3.52516,31.23147 -0.70963,9.37459 -1.3768,15.6305 -2.96738,27.82475 -0.67543,5.17824 -2.37473,7.52798 -6.83023,9.44469 -4.57282,1.96717 -3.84648,0.57737 -10.37471,19.85128 -4.95095,14.61711 -6.17397,19.16336 -6.17397,22.95002 0,5.36639 -0.9334,8.19542 -3.54701,10.75072 -2.11076,2.06366 -3.17609,2.46201 -6.58432,2.46201 -3.73885,0 -4.49229,-0.36381 -9.36133,-4.52034 -5.89548,-5.03276 -8.02111,-5.51848 -11.40649,-2.6065 -2.92777,2.51836 -2.26838,5.08421 2.13803,8.31964 1.81692,1.33408 5.61039,4.75345 8.42992,7.5986 2.81951,2.84514 5.5274,5.17469 6.0175,5.17678 0.49011,0.002 3.00299,1.48318 5.58419,3.29132 2.58121,1.80814 5.05387,3.28752 5.49482,3.28752 0.44093,0 2.2664,0.92462 4.05657,2.0547 1.79017,1.13009 3.4307,2.05471 3.64563,2.05471 0.21492,0 1.79413,0.96137 3.50933,2.13637 2.69233,1.84438 3.73636,2.0809 7.63889,1.73056 2.48619,-0.2232 6.05805,-1.02614 7.93746,-1.78431 z m -85.34049,-77.87534 c -1.66255,-1.03126 -4.93891,-3.69512 -7.2808,-5.9197 -3.97798,-3.77871 -4.23014,-4.25221 -3.83466,-7.20078 0.24051,-1.79306 1.43267,-4.34618 2.76046,-5.91174 1.28542,-1.51562 3.26175,-3.95608 4.39183,-5.42326 1.13009,-1.46717 6.26539,-7.71232 11.41178,-13.8781 5.14638,-6.1658 10.08902,-12.42208 10.98363,-13.90287 2.11247,-3.49665 3.73075,-4.29364 8.71814,-4.29364 5.83931,0 10.47494,3.61486 12.747,9.94012 1.55948,4.34148 1.5763,4.75655 0.30166,7.44268 -0.74247,1.56463 -3.4956,5.04327 -6.11808,7.73032 -2.62246,2.68704 -6.40998,7.10461 -8.4167,9.81681 -2.00672,2.71221 -4.51065,5.88633 -5.5643,7.0536 -1.05365,1.16727 -3.10796,4.47151 -4.56515,7.34274 -2.92115,5.75583 -5.29714,7.87635 -9.63541,8.59941 -2.15518,0.35921 -3.63466,0.009 -5.8994,-1.39559 z m -31.74743,-40.94813 c -3.35306,-2.82244 -6.12288,-5.85913 -6.41848,-7.03688 -0.75691,-3.01578 1.7834,-7.97781 6.19853,-12.10764 2.08604,-1.95125 4.39136,-4.46123 5.12293,-5.57775 0.73156,-1.11651 4.7922,-5.66084 9.02365,-10.09853 4.23143,-4.43768 8.06337,-8.72689 8.51541,-9.53158 0.45203,-0.80469 3.81613,-4.64639 7.47577,-8.53711 l 6.65388,-7.07403 h 4.17297 c 3.15917,0 4.7374,0.46569 6.49621,1.91687 1.27778,1.05427 3.49372,2.59479 4.92431,3.42335 6.25102,3.62045 5.63496,11.94319 -1.19721,16.17375 -3.00735,1.86219 -18.92725,20.7204 -32.12515,38.05443 -2.75897,3.6236 -5.85292,5.34868 -9.60384,5.35476 -2.89011,0.005 -4.13576,-0.664 -9.23898,-4.95964 z m -49.66935,56.39245 c 0.25966,-0.25967 0.7526,-2.539 1.09542,-5.06516 0.3772,-2.77962 1.45857,-5.79836 2.73892,-7.6459 1.1636,-1.67908 2.11791,-3.77268 2.1207,-4.65245 0.002,-0.87978 0.61254,-2.70913 1.35501,-4.06523 0.74247,-1.35611 1.63924,-4.12995 1.99283,-6.16411 0.35359,-2.03415 1.42435,-7.02708 2.37946,-11.09539 0.95511,-4.06831 2.27513,-9.69201 2.93339,-12.49712 0.65825,-2.80511 1.19514,-7.05834 1.19309,-9.45163 -0.002,-2.39329 0.78227,-11.74836 1.74295,-20.78905 1.43072,-13.46409 1.60042,-17.82439 0.93806,-24.10369 -0.48874,-4.63332 -1.27932,-8.13675 -1.99841,-8.85584 -0.65437,-0.65438 -3.57128,-1.57118 -6.48202,-2.03732 -2.91074,-0.46615 -6.40178,-1.48936 -7.75789,-2.27381 -4.48784,-2.59602 -10.35547,-4.48111 -11.22903,-3.60755 -1.18432,1.18433 -2.28829,6.55191 -2.32215,11.2905 -0.0161,2.26017 -0.57535,6.14356 -1.24267,8.62975 -0.66732,2.48619 -1.2177,7.3039 -1.22307,10.70601 -0.006,3.40212 -0.36373,9.13473 -0.79637,12.73915 -1.43931,11.9913 -1.81026,20.35338 -1.78902,40.3295 0.0182,17.1498 0.24238,20.64901 1.67237,26.10854 0.90822,3.46747 2.22269,7.12026 2.92104,8.11731 0.69836,0.99704 1.26975,2.59349 1.26975,3.54766 0,0.95416 0.18469,1.91954 0.41042,2.14527 0.50443,0.50443 9.42211,-0.65434 10.07722,-1.30944 z m 47.04402,-143.5504 c 5.55187,-0.75675 11.43181,-1.9546 19.72514,-4.01838 9.96207,-2.47905 13.18406,-3.18513 16.84856,-3.69227 4.72337,-0.65366 10.70135,-2.35498 16.02667,-4.56114 2.03416,-0.84271 5.17785,-1.97015 6.98599,-2.50544 7.02496,-2.07969 15.15808,-6.07982 21.13545,-10.39509 4.46473,-3.22324 19.67749,-18.98501 22.43659,-23.24629 1.02439,-1.58212 3.84468,-5.12464 6.26731,-7.87227 2.42263,-2.74763 4.95956,-5.65578 5.63761,-6.46256 0.67805,-0.80679 2.50992,-2.62704 4.07083,-4.04501 10.75029,-9.76582 10.33079,-9.2447 9.45253,-11.742 -0.6907,-1.96401 -1.40911,-2.41153 -4.60522,-2.86871 -2.08276,-0.29793 -4.53549,-0.94235 -5.4505,-1.43204 -3.39012,-1.81435 -9.22081,-11.21868 -9.22081,-14.8723 0,-0.86353 0.83216,-2.51185 1.84923,-3.66294 1.55758,-1.7628 2.95104,-2.22199 8.83522,-2.91146 8.01178,-0.93877 10.56729,-1.54377 18.3469,-4.34343 6.70038,-2.41129 8.74034,-4.10173 7.44518,-6.16957 -1.87062,-2.98664 -9.7978,-2.00877 -22.09361,2.72541 -16.64493,6.40868 -16.80674,6.44962 -19.81871,5.0133 -3.15258,-1.50335 -3.22324,-1.74591 -1.62196,-5.56822 1.65649,-3.95411 4.15034,-5.94123 11.16716,-8.8981 3.39025,-1.42864 6.51302,-2.94371 6.93947,-3.3668 0.48458,-0.48075 -0.0187,-1.61894 -1.3421,-3.03485 -7.16602,-7.66727 -3.30202,-16.6485 7.16269,-16.6485 5.27421,0 6.45781,-1.19381 6.264,-6.31801 -0.16088,-4.2531 2.1015,-8.47984 9.08431,-16.972 2.16974,-2.63872 3.94498,-5.12393 3.94498,-5.52269 0,-0.39876 -0.73969,-2.04197 -1.64376,-3.65159 -1.21529,-2.16372 -1.64812,-4.47328 -1.66049,-8.86022 -0.0147,-5.23022 -0.3801,-6.63347 -3.08205,-11.83699 -3.38052,-6.51037 -6.26998,-10.42688 -11.38724,-15.43486 -4.87289,-4.76882 -8.12033,-7.01667 -10.13687,-7.01667 -2.44721,0 -4.20538,4.5697 -4.39899,11.43349 -0.1755,6.22145 -1.63453,9.1708 -5.53443,11.18752 -2.32635,1.203 -2.62404,1.17889 -4.59598,-0.37224 -1.15968,-0.91221 -3.45791,-1.90004 -5.10719,-2.19519 -1.64927,-0.29516 -3.55344,-0.9872 -4.23149,-1.53787 -2.81246,-2.28412 -8.88219,-3.78672 -18.7311,-4.63701 -21.44544,-1.85147 -25.91655,-0.3032 -45.64521,15.80614 -1.90308,1.55395 -2.84899,2.8662 -2.39401,3.32117 1.03843,1.03843 3.22023,-0.0268 16.70521,-8.15607 2.44789,-1.47569 5.3387,-2.91671 6.42403,-3.20229 3.05741,-0.80448 7.60126,1.18849 10.76584,4.722 2.74554,3.06562 2.97019,3.15738 4.93129,2.01441 3.76531,-2.19451 4.41824,-2.39018 4.74135,-1.42086 0.87241,2.61722 3.68758,4.50891 10.029,6.7391 14.00644,4.92587 19.15032,8.77942 22.90065,17.15605 1.53236,3.42263 1.5337,3.61637 0.0567,8.17158 -2.36173,7.28367 -7.32641,19.94033 -8.56903,21.84532 -0.61844,0.94807 -2.60475,5.86121 -4.41405,10.91806 -4.89627,13.68479 -6.91294,16.36799 -15.61169,20.7715 -7.34663,3.71904 -17.23467,5.40996 -19.33774,3.30688 -0.44463,-0.44461 -4.81748,-0.80838 -9.71746,-0.80838 -10.49001,0 -13.43388,-1.10705 -18.10609,-6.80887 -6.11182,-7.45867 -6.58323,-8.80802 -6.53509,-18.70556 0.024,-4.93339 0.26791,-9.9947 0.54204,-11.24735 0.32638,-1.49145 -0.0753,-3.40133 -1.1637,-5.53339 -2.0042,-3.92595 -2.0319,-4.42493 -0.34878,-6.28477 1.6197,-1.78973 1.06347,-2.77358 -2.53294,-4.48018 -3.53253,-1.6763 -5.39278,-4.49951 -5.78449,-8.77883 -0.35288,-3.8551 0.3805,-5.54957 4.29756,-9.92944 2.25644,-2.52305 2.6177,-3.37233 1.83545,-4.31488 -0.53567,-0.64544 -1.39096,-1.18175 -1.90065,-1.19181 -1.61264,-0.0318 -4.71287,-2.87457 -4.9535,-4.54214 -0.1421,-0.98472 -0.99575,-1.70839 -2.21173,-1.87496 -2.76052,-0.37816 -8.84136,-6.52273 -9.88965,-9.99329 -0.47936,-1.58704 -2.48093,-4.73476 -4.44792,-6.99493 l -3.57635,-4.1094 H 215.8181 c -12.72854,0 -14.6128,0.18148 -17.92243,1.7262 -4.02562,1.87889 -8.0932,3.5017 -14.22268,5.67427 -4.25245,1.50728 -13.72127,9.56693 -13.72127,11.67924 0,0.78705 0.47066,1.05162 1.30275,0.73232 0.71651,-0.27495 3.29304,-0.73383 5.72563,-1.01974 3.73512,-0.43899 5.09812,-0.19089 8.76528,1.59553 2.38833,1.16344 5.39664,2.51232 6.68513,2.99754 3.45583,1.30137 12.40092,7.91727 18.99379,14.04806 3.18206,2.95904 7.26495,6.62985 9.07309,8.15736 1.80814,1.5275 3.98157,3.90793 4.82985,5.28983 0.84828,1.38192 2.04901,2.88896 2.6683,3.34899 0.88679,0.65873 0.94233,1.49638 0.26145,3.94319 -0.78424,2.81824 -0.58147,3.69526 2.18331,9.44347 4.64947,9.66665 4.04001,12.64656 -5.8335,28.5224 -5.39343,8.67222 -4.32539,8.18681 -19.03506,8.65114 l -13.0183,0.41094 -0.23422,8.42417 c -0.21631,7.77984 -0.38038,8.51994 -2.1452,9.67629 -1.05103,0.68866 -3.7524,1.38352 -6.00303,1.54413 -4.72748,0.33737 -7.23272,1.4744 -8.51095,3.8628 -0.49741,0.92943 -1.93407,2.04883 -3.19258,2.48754 -2.31936,0.80853 -6.62514,7.79352 -6.62514,10.74753 0,0.75789 -0.31699,1.57389 -0.70441,1.81334 -1.12284,0.69395 -2.09911,9.20826 -2.12871,18.56491 -0.0274,8.67182 0.34908,10.25316 4.13953,17.38631 0.63758,1.19983 1.15923,2.63123 1.15923,3.1809 0,0.54966 1.01708,2.60571 2.26017,4.56899 2.13433,3.37085 2.47457,3.57129 6.1106,3.59962 4.72086,0.0368 6.82609,0.82992 10.50613,3.95808 2.49886,2.12413 2.83289,2.85743 2.70963,5.94842 -0.18379,4.60906 0.92013,6.55997 3.71522,6.56571 1.22719,0.002 3.64393,0.39686 5.37053,0.87631 1.7266,0.47945 5.36115,0.98674 8.07678,1.12731 2.71562,0.14056 5.37126,0.7067 5.90141,1.25808 1.06739,1.11013 14.88064,0.64688 26.03128,-0.873 z m 13.49964,-9.69293 c -5.86832,-1.1802 -14.86838,-16.21982 -11.10003,-18.54879 0.41573,-0.25693 1.54472,-3.14507 2.50888,-6.41808 0.96415,-3.27302 2.05637,-6.51785 2.42716,-7.21073 0.37078,-0.6929 0.92987,-2.42411 1.24242,-3.84715 0.76605,-3.4878 1.66679,-4.03438 7.62533,-4.62718 l 5.10801,-0.50817 2.48874,3.61725 c 4.23408,6.15404 9.55454,6.63 15.23919,1.36327 3.13171,-2.90147 10.49883,-7.33982 14.56385,-8.77404 1.72303,-0.60792 4.3638,-2.04425 5.86838,-3.19185 1.50458,-1.1476 3.13098,-2.08654 3.61423,-2.08654 1.5251,0 9.0796,9.72823 9.68106,12.46668 0.50532,2.30068 0.23718,2.90738 -2.19299,4.96206 -4.3574,3.68412 -10.63535,7.63811 -19.61726,12.35538 -8.76485,4.60326 -18.44282,10.94571 -22.96217,15.04822 -6.44953,5.85467 -8.47695,6.60993 -14.4948,5.39967 z m -23.83454,-41.91592 c -5.86832,-1.1802 -14.86839,-16.21982 -11.10003,-18.54879 0.41572,-0.25693 1.55136,-3.14507 2.52362,-6.41809 0.97228,-3.27301 2.07657,-6.69062 2.45398,-7.59469 0.64496,-1.54494 3.39268,-10.65945 4.58374,-15.2048 1.21102,-4.62149 2.5958,-5.75316 7.03991,-5.75316 2.35019,0 5.14258,0.57504 6.40035,1.31802 3.24103,1.91452 6.65214,7.72315 6.65214,11.32763 0,1.91661 0.44714,3.19326 1.22268,3.49086 1.44768,0.55553 7.12921,-2.61203 13.98211,-7.79528 5.3127,-4.0183 9.27026,-5.78233 13.10087,-5.83952 1.90812,-0.0285 3.33808,0.95798 6.79817,4.68975 2.44974,2.64209 4.80651,6.12744 5.34508,7.90466 0.93705,3.09219 0.88616,3.24403 -1.86689,5.56994 -4.42259,3.73642 -10.66423,7.67117 -19.67876,12.40557 -8.76485,4.60327 -18.44283,10.94572 -22.96218,15.04823 -6.44953,5.85467 -8.47694,6.60993 -14.49479,5.39967 z m 4.17079,-110.65917 c -1.3561,-0.72794 -5.79426,-4.55752 -9.86257,-8.51021 -4.06831,-3.95268 -9.68681,-8.9259 -12.48554,-11.05159 -6.46377,-4.90932 -8.63751,-7.98111 -9.10725,-12.86977 -0.31475,-3.27575 -0.0764,-4.16223 1.51854,-5.64816 4.87927,-4.54574 14.05252,-1.1664 22.58009,8.3183 3.92347,4.36385 10.39811,9.64427 11.82541,9.64427 1.34209,0 7.2127,5.58841 9.13068,8.69176 2.53123,4.09562 1.88069,6.82475 -2.29329,9.62065 -4.39376,2.94312 -8.08703,3.53267 -11.30607,1.80475 z m -53.83319,58.85791 c 1.13009,-0.39124 4.38391,-1.37166 7.23072,-2.17871 2.84681,-0.80704 5.32544,-1.70912 5.50807,-2.00462 0.18263,-0.2955 -0.23709,-2.91298 -0.9327,-5.81662 -1.33001,-5.55175 -1.17678,-11.49383 0.59323,-23.00463 1.06339,-6.91551 2.45642,-10.69208 6.29847,-17.07535 1.46911,-2.44082 2.67111,-4.91495 2.67111,-5.49805 0,-1.31456 -4.65184,-5.31571 -6.18019,-5.31571 -0.61753,0 -2.45954,-0.7887 -4.09334,-1.75268 -2.41163,-1.42289 -3.76306,-1.65881 -7.18243,-1.25383 -4.86933,0.57669 -12.76132,-1.08338 -19.34141,-4.06846 -5.31772,-2.4124 -10.64618,-2.53348 -14.94646,-0.33964 -5.0873,2.59535 -10.49834,6.4757 -11.05574,7.92827 -0.28251,0.7362 -0.7354,5.08258 -1.00642,9.6586 -0.42607,7.19376 -0.25291,9.02481 1.27909,13.52609 1.56124,4.58718 4.27997,9.90119 8.28277,16.18939 0.67805,1.06519 2.70343,4.39717 4.50084,7.4044 1.79741,3.00723 5.57027,7.62133 8.38413,10.25356 l 5.1161,4.78586 6.40973,-0.36325 c 3.52535,-0.19979 7.33434,-0.68337 8.46443,-1.07462 z m 123.65331,-19.31913 c 3.60195,-1.50499 4.84612,-3.81929 3.90999,-7.27301 -1.35848,-5.01191 -0.36862,-25.98606 1.61482,-34.21634 0.4694,-1.94781 -3.75096,-2.78235 -7.066,-1.39724 -2.22116,0.92806 -3.35405,2.1431 -4.5078,4.83469 -1.56883,3.65992 -5.5799,7.40549 -10.75981,10.04758 -8.23678,4.20129 -10.93279,8.57759 -8.64999,14.0411 1.2902,3.08789 1.28699,3.10185 -1.24882,5.41795 -1.66122,1.51729 -2.45157,2.94096 -2.28041,4.10772 0.33067,2.25411 6.06484,3.79148 16.69956,4.47726 4.06831,0.26234 7.55103,0.62246 7.73938,0.80026 0.59285,0.55965 1.67957,0.35899 4.54908,-0.83997 z m 101.171,-5.25233 c 3.07868,-2.96533 6.95513,-9.64065 8.20631,-14.13145 0.31485,-1.13008 1.27848,-2.82763 2.14139,-3.77232 2.35186,-2.57476 3.30875,-6.59856 1.85593,-7.80429 -1.42897,-1.18594 -7.23681,-2.55527 -10.54854,-2.48706 -2.98789,0.0616 -10.46598,3.64333 -12.70392,6.08481 -3.45135,3.76525 -7.48339,8.98332 -7.48339,9.68463 0,0.40061 1.68917,1.58683 3.75371,2.63606 3.63677,1.84826 6.45892,5.33178 8.63407,10.6575 1.22682,3.00377 2.27913,2.85513 6.14444,-0.86788 z m 1.9175,-81.98662 c 2.29738,-2.51369 4.76825,-5.81622 5.49083,-7.33894 0.72258,-1.52273 2.57848,-4.07082 4.12423,-5.66242 1.54575,-1.59161 2.81898,-3.18955 2.8294,-3.55098 0.0104,-0.36144 1.85964,-3.79786 4.1094,-7.6365 2.24975,-3.83866 4.09046,-7.25973 4.09046,-7.6024 0,-1.83174 -3.81789,-0.12698 -7.80787,3.48636 -4.30554,3.89912 -4.77263,4.1094 -9.12804,4.1094 -5.48154,0 -8.87457,-1.74158 -10.31281,-5.29338 -0.56,-1.38297 -2.10291,-4.29745 -3.42867,-6.47663 -2.13544,-3.51007 -2.35219,-4.45806 -1.89964,-8.30853 0.28095,-2.39052 1.03193,-5.60047 1.66882,-7.13325 0.84737,-2.03927 1.18796,-7.13395 1.26969,-18.99208 0.10208,-14.80988 -0.0325,-16.48778 -1.56251,-19.48692 -0.92081,-1.80494 -1.67965,-4.1286 -1.68632,-5.16368 -0.007,-1.03509 -0.54555,-2.80659 -1.19753,-3.93668 -0.65198,-1.13008 -1.58187,-2.97932 -2.06643,-4.1094 -2.41213,-5.62551 -11.07192,-22.19078 -11.60064,-22.19078 -0.33269,0 -2.18144,-1.51476 -4.10834,-3.36612 -6.84773,-6.579289 -9.35878,-6.994493 -10.22851,-1.69129 -0.27084,1.65149 -0.79868,3.7424 -1.17296,4.64647 -0.37429,0.90406 -1.30188,3.86284 -2.06131,6.57504 -0.75943,2.71221 -1.69097,5.8559 -2.07011,6.98599 -0.98557,2.93775 -1.49178,5.54017 -2.0684,10.63363 -0.2783,2.45824 -0.79818,5.04716 -1.15528,5.75316 -0.35712,0.70601 -1.09833,4.79719 -1.64713,9.09151 -0.54882,4.29433 -1.517,10.3968 -2.15153,13.56104 -0.63454,3.16424 -1.3742,8.71193 -1.6437,12.32821 -0.8335,11.18444 -3.70462,15.20479 -10.85843,15.20479 -4.25957,0 -10.22335,-3.80611 -11.73928,-7.49208 -0.62917,-1.52978 -2.17398,-4.31445 -3.43293,-6.18814 -2.43124,-3.6184 -2.79625,-6.34183 -1.46982,-10.9668 1.41176,-4.92253 1.21098,-15.67041 -0.38476,-20.59623 -1.64285,-5.07124 -11.72539,-27.9016 -12.84956,-29.09586 -0.40423,-0.42944 -0.73667,-1.35405 -0.73876,-2.05471 -0.005,-1.60507 -4.8,-6.79561 -5.93004,-6.41893 -0.51949,0.17316 -0.98406,6.55686 -1.21423,16.68472 -0.62751,27.61231 -0.81554,29.6002 -4.72479,49.95242 -2.1271,11.07403 -3.64421,14.67045 -6.79396,16.10558 -2.90548,1.32382 -7.61713,1.05197 -11.33183,-0.65382 -3.73961,-1.71724 -5.27647,-3.27959 -7.66221,-7.78932 -0.92263,-1.74402 -2.44238,-3.70669 -3.37723,-4.36148 -1.47336,-1.03199 -1.7077,-2.08728 -1.75971,-7.92444 -0.0716,-8.03613 -0.80439,-12.90801 -3.15296,-20.96232 -0.96378,-3.30528 -1.57041,-6.30398 -1.34804,-6.66378 0.69799,-1.12936 -5.43168,-8.58406 -12.6985,-15.44351 -10.73016,-10.12864 -22.22125,-19.88464 -26.14912,-22.20074 -4.6133,-2.72028 -5.60837,-1.82503 -3.96204,3.56461 5.34945,17.51253 6.27662,20.80325 6.27662,22.27718 0,0.92025 0.89589,6.06409 1.99086,11.43075 1.09498,5.36666 2.59488,13.08618 3.3331,17.15449 0.73823,4.06831 1.67528,8.13662 2.08234,9.04069 0.72008,1.5993 2.09589,11.35138 3.01942,21.40254 0.45334,4.93395 0.43675,4.982 -2.65921,7.70029 -2.87544,2.52467 -3.42762,2.69839 -7.16892,2.25528 -4.44425,-0.52635 -11.10616,-3.98026 -11.86115,-6.14947 -0.26304,-0.75575 -1.84811,-3.0384 -3.52238,-5.07256 -2.68668,-3.26419 -3.11454,-4.414 -3.64381,-9.79232 -0.44984,-4.57104 -1.50815,-8.11519 -4.23506,-14.1826 -1.99946,-4.44881 -3.63538,-8.34357 -3.63538,-8.65502 0,-0.31146 -0.89645,-1.51114 -1.99212,-2.66596 -1.09566,-1.15483 -3.2869,-4.50368 -4.86939,-7.4419 -5.87668,-10.91121 -16.56892,-20.79606 -25.22517,-23.32039 -6.71657,-1.95867 -18.80298,-4.73035 -25.20764,-5.78066 -1.45159,-0.23805 -2.86948,-0.0603 -3.15088,0.39502 -0.2814,0.45532 1.88401,4.41905 4.81203,8.8083 5.16201,7.73812 9.60784,16.14611 9.60784,18.17041 0,0.54486 1.9672,4.76241 4.37155,9.37233 5.86088,11.23719 7.92218,16.25374 9.69169,23.58646 0.81813,3.39026 2.40164,8.75303 3.51891,11.91727 2.59371,7.34565 4.0327,15.64105 4.04049,23.29234 l 0.006,6.03285 2.13022,-0.42459 c 1.17163,-0.23353 6.23029,-1.72147 11.24146,-3.30654 8.89742,-2.81433 9.36027,-2.87285 19.72514,-2.49424 5.83765,0.21324 11.16868,0.61362 11.84674,0.88972 0.67805,0.27611 3.08205,0.77111 5.34222,1.09999 8.53509,1.24196 15.44288,4.64823 22.0325,10.86434 2.75339,2.59733 5.62331,4.91829 6.3776,5.15769 2.23982,0.7109 5.21103,-0.87131 10.50221,-5.59253 10.23217,-9.13 25.63856,-11.18722 53.54029,-7.14926 2.94318,0.42594 6.92307,0.78177 8.84421,0.79072 l 3.49339,0.0163 v -4.15022 c 0,-8.70043 3.3467,-11.05458 15.71539,-11.05458 h 7.90751 l 15.16837,7.55246 c 14.66113,7.29988 21.20603,11.88379 21.20603,14.85225 0,0.59606 1.29447,3.00591 2.87659,5.35522 1.58212,2.34932 2.87658,4.58917 2.87658,4.97746 0,1.57115 3.49857,5.48007 4.90478,5.48007 0.82793,0 3.385,-2.05666 5.68237,-4.57035 z"
       id="path38" />
    <path
       style="fill:#ff0000;fill-opacity:1;stroke-width:0.930918;stroke-dashoffset:0.5"
       d="m 214.27076,445.2642 c -0.30174,-0.30175 -4.41196,-1.13728 -9.13382,-1.85675 -14.00506,-2.13394 -14.12709,-2.18547 -14.12709,-5.96478 0,-6.53682 -7.01843,-12.56582 -14.62805,-12.56582 -3.30676,0 -4.06302,-0.81585 -7.7056,-8.31281 -3.46527,-7.13202 -4.1066,-9.91716 -4.51504,-19.60748 -0.66672,-15.81839 1.79175,-23.90224 9.39165,-30.88126 3.62595,-3.32972 7.27289,-5.47934 10.03682,-5.916 7.2841,-1.15078 7.95443,-1.99163 9.13034,-11.45281 l 1.09434,-8.80501 h 10.8551 c 5.9703,0 12.18696,-0.60684 13.81479,-1.34853 3.24628,-1.47911 11.868,-14.99102 14.33033,-22.45843 1.38231,-4.19205 1.24378,-5.56558 -1.24203,-12.31527 -1.53882,-4.17834 -2.69156,-9.34029 -2.56165,-11.471 0.19815,-3.24997 -0.99702,-5.10723 -7.41952,-11.52973 -18.6669,-18.6669 -36.06788,-29.32839 -45.42561,-27.83202 -2.72545,0.43581 -4.8603,0.27531 -4.8603,-0.36541 0,-2.45461 10.15191,-8.98434 20.37704,-13.10655 10.40216,-4.19357 11.17756,-4.31747 24.92546,-3.98266 l 14.18931,0.34556 3.99316,6.15763 c 4.08307,6.29629 7.54153,10.09249 16.46921,18.0776 l 5.06562,4.53079 -3.20442,4.70566 c -4.03406,5.92397 -3.45811,11.92937 1.56217,16.28856 3.69858,3.21154 3.57221,2.56605 4.98792,25.47782 0.91755,14.84966 0.93377,14.90972 5.54421,20.53446 2.59035,3.16023 6.38173,6.21371 8.62069,6.94291 2.1982,0.71592 10.64697,1.45078 18.77505,1.63302 14.02872,0.31454 15.13427,0.15655 21.79587,-3.11474 8.14458,-3.99955 9.92306,-6.47958 17.00216,-23.70893 10.61556,-25.8365 12.65125,-32.21799 11.77224,-36.90354 -1.26166,-6.72525 -8.35344,-12.98288 -20.06267,-17.70288 -5.48947,-2.21281 -10.91181,-5.05198 -12.04966,-6.30927 -1.67997,-1.85636 -2.61241,-2.03829 -4.96137,-0.96804 -2.43282,1.10847 -3.50574,0.80202 -6.75008,-1.92792 -6.47444,-5.44787 -8.61335,-5.33678 -20.34197,1.05649 -5.83082,3.17839 -10.81577,5.56462 -11.07765,5.30274 -0.58672,-0.58672 10.74326,-9.39034 16.81603,-13.06639 10.84625,-6.56558 33.30465,-5.91681 50.312,1.45341 7.27672,3.15341 10.10582,3.84937 11.87405,2.92106 3.65877,-1.92085 5.39954,-4.76846 5.40698,-8.84489 0.0122,-6.70865 2.35681,-13.00353 4.84327,-13.00353 3.41916,0 15.1351,12.4069 19.56577,20.71969 2.38919,4.48259 3.90921,9.12727 3.90921,11.94528 0,2.53596 0.61621,6.66754 1.36934,9.18129 1.31521,4.38977 1.14419,4.87629 -4.32633,12.30747 -5.52429,7.50421 -6.43941,9.55293 -7.16622,16.04331 -0.28845,2.57586 -1.14951,3.19043 -5.27087,3.76204 -10.50737,1.4573 -13.8605,6.45914 -9.74259,14.53294 1.25904,2.46855 2.46958,4.84761 2.6901,5.2868 0.2205,0.43918 -2.15753,1.7756 -5.28453,2.96981 -7.38358,2.81982 -12.90929,7.99757 -12.90929,12.09639 0,5.38368 4.37703,5.29564 20.93802,-0.42115 14.38066,-4.96414 22.06652,-5.96214 23.03978,-2.99167 0.62688,1.91332 -9.80195,6.13989 -19.34726,7.84099 -4.40271,0.78463 -9.24484,1.67474 -10.76028,1.97803 -1.51544,0.30329 -3.64916,1.91555 -4.74159,3.5828 -1.85629,2.83307 -1.815,3.38509 0.63126,8.43839 3.24346,6.70009 6.23693,9.48365 11.31593,10.52242 7.77644,1.59044 7.30138,3.95506 -2.78357,13.85525 -5.07835,4.98531 -12.31103,12.94351 -16.07263,17.68489 -9.1619,11.5483 -23.81491,25.51708 -30.15365,28.74562 -10.2173,5.20401 -26.03526,10.25262 -47.18916,15.06133 -23.86606,5.42523 -48.65244,8.7311 -50.63072,6.75282 z m 54.69464,-16.42959 c 5.1926,-3.91929 15.40801,-10.53912 22.70091,-14.71072 7.29289,-4.1716 15.19945,-9.22733 17.57014,-11.23494 l 4.31035,-3.65022 -2.29947,-4.33016 c -1.26471,-2.38159 -3.78987,-5.75805 -5.61148,-7.50326 l -3.31201,-3.17311 -8.55108,4.2285 c -4.70309,2.32567 -11.32025,6.20594 -14.70478,8.62281 -3.38454,2.41688 -7.34498,4.39432 -8.801,4.39432 -1.4857,0 -4.31484,-1.89922 -6.44766,-4.32838 -3.46074,-3.94156 -4.22739,-4.2601 -8.57845,-3.56434 -2.62794,0.42022 -5.3303,1.12107 -6.00524,1.55745 -0.67495,0.43637 -3.08048,6.2443 -5.34562,12.9065 l -4.11845,12.11311 2.97956,5.61651 c 3.25054,6.12733 8.65768,10.17009 13.61201,10.17731 1.94681,0.002 6.78795,-2.73284 12.60227,-7.12138 z m -32.3353,-36.00624 c 1.29518,-0.69315 5.90159,-3.94477 10.23646,-7.22583 4.33487,-3.28105 13.07557,-8.88492 19.42377,-12.45303 16.46,-9.25163 22.01016,-13.44925 22.01016,-16.64641 0,-3.48506 -6.62948,-12.61371 -10.41206,-14.33717 -3.92765,-1.78956 -8.01546,-0.27083 -18.39164,6.83297 -9.29464,6.36338 -11.83452,6.98754 -11.84129,2.90997 -0.0155,-9.33207 -13.37486,-17.23727 -18.73091,-11.08375 -1.03173,1.18535 -3.68808,8.25123 -5.90301,15.70197 -2.21492,7.45074 -4.81421,15.10598 -5.77619,17.01164 -1.57778,3.12553 -1.49141,3.99707 0.88197,8.89983 4.64774,9.60095 12.12813,13.8014 18.50274,10.38981 z m 8.77027,-113.09464 c 3.74595,-3.347 3.85892,-3.70545 2.33073,-7.39483 -1.57839,-3.81057 -8.93652,-11.25516 -11.12445,-11.25516 -0.61354,0 -5.26131,-3.84402 -10.32837,-8.54226 -10.8582,-10.06786 -17.23016,-12.77452 -22.28157,-9.4647 -2.35912,1.54575 -3.13464,3.10845 -3.13464,6.31642 0,5.0686 1.88445,7.3103 19.08867,22.70745 10.746,9.61728 12.90127,11.02993 16.91407,11.08615 3.37667,0.0473 5.64499,-0.87034 8.53556,-3.45307 z"
       id="path40" />
    <path
       style="fill:#ff0000;fill-opacity:1;stroke-width:0.930918;stroke-dashoffset:0.5"
       d="m 396.23821,313.61815 c -1.6796,-2.86602 -4.48521,-5.977 -6.23468,-6.91329 -3.97386,-2.12674 -3.96407,-2.88671 0.10597,-8.22281 5.91271,-7.75196 18.5756,-11.65356 24.28137,-7.48139 2.03886,1.49085 1.88501,2.17418 -2.42608,10.77586 -5.11427,10.20423 -8.70597,15.53036 -11.08986,16.44515 -0.92198,0.35379 -2.85801,-1.56837 -4.63672,-4.60352 z"
       id="path43" />
    <path
       style="fill:#008080;fill-opacity:1;stroke-width:0.930918;stroke-dashoffset:0.5"
       d="m 179.88612,581.58867 c -2.45691,-6.11561 -2.92115,-9.85233 -3.40427,-27.40148 -0.5312,-19.296 1.04645,-50.30348 3.44629,-67.73399 0.60616,-4.40271 1.44183,-10.63731 1.85703,-13.85468 0.87502,-6.78046 2.14548,-7.19774 10.60754,-3.48402 2.9648,1.30115 7.48376,2.75112 10.04214,3.22214 2.55838,0.47102 5.11398,1.76174 5.67912,2.86825 2.30218,4.50762 2.3469,14.31937 0.17193,37.72614 -2.46452,26.52279 -6.36489,45.59366 -12.415,60.70308 -1.99623,4.98537 -3.62952,10.07152 -3.62952,11.30255 0,2.43967 -2.32273,3.73329 -6.70321,3.73329 -2.26658,0 -3.35504,-1.3637 -5.65205,-7.08128 z"
       id="path48" />
    <path
       style="fill:#ff0000;fill-opacity:1;stroke-width:0.930918;stroke-dashoffset:0.5"
       d="m 149.61565,656.90814 c -0.99976,-3.98337 1.25629,-11.80044 4.12987,-14.3097 1.1912,-1.04018 4.86027,-2.1777 8.15351,-2.52783 9.87584,-1.04997 12.37501,-5.7509 10.10067,-18.9993 -0.87844,-5.11707 -0.85158,-5.16589 3.2124,-5.8394 7.31888,-1.21293 18.15552,-1.34359 18.38819,-0.22172 0.24172,1.16558 -40.7618,44.77636 -42.28372,44.97239 -0.4951,0.0638 -1.26052,-1.31973 -1.70092,-3.07444 z"
       id="path50" />
    <path
       style="fill:#afe9af;fill-opacity:1;stroke-width:0.930918;stroke-dashoffset:0.5"
       d="m 200.30347,908.55911 c -4.16148,-13.31038 -4.559,-35.75495 -2.20752,-124.63943 l 1.23667,-46.74534 2.9199,-2.28465 c 1.60594,-1.25656 4.84616,-3.51007 7.20049,-5.00781 8.5117,-5.41481 19.24617,-23.33187 24.65326,-41.14908 l 2.70921,-8.92729 3.26714,2.30096 c 6.02079,4.24029 13.5743,7.53311 15.54538,6.77674 1.074,-0.41214 2.60107,-1.93106 3.39348,-3.37539 1.79027,-3.26312 2.56651,-40.25646 0.93477,-44.54826 -1.40754,-3.7021 -8.05955,-7.94379 -12.4676,-7.95003 -5.26744,-0.007 -8.60718,3.63844 -9.34722,10.20409 -0.35963,3.19064 -0.8609,5.80116 -1.11394,5.80116 -0.25303,0 -2.52805,-1.10838 -5.05559,-2.46306 -5.71706,-3.06416 -11.51472,-3.1508 -15.12663,-0.22605 -2.37675,1.92457 -2.91091,3.99134 -3.82474,14.79855 -1.58809,18.78114 -8.60989,36.96153 -17.66565,45.73871 -6.27923,6.08608 -8.37472,4.67211 -15.41273,-10.4 -3.25072,-6.96152 -6.52532,-13.03736 -7.2769,-13.50186 -2.37107,-1.4654 0.67275,-5.48289 16.9533,-22.37641 8.55462,-8.87671 17.23181,-18.57499 19.28264,-21.55172 2.05082,-2.97674 6.40841,-7.21336 9.68351,-9.41471 5.71386,-3.84055 6.43485,-4.0003 17.82295,-3.94883 11.5262,0.0521 14.2164,0.42038 28.49383,3.90082 l 6.7734,1.65117 -0.38941,12.2834 c -0.46196,14.57226 1.20611,27.29365 4.85904,37.05698 2.02696,5.41752 4.78291,9.22867 11.61135,16.05711 10.10915,10.10916 15.71883,13.96094 20.34228,13.96765 6.03477,0.009 10.55844,7.46791 18.36292,30.27897 2.70788,7.91464 9.40453,24.05765 14.88143,35.87335 9.77244,21.0828 26.42772,65.8177 29.47676,79.17248 0.85053,3.72537 2.2696,9.26724 3.15348,12.31527 0.88388,3.04803 2.23589,8.72632 3.00447,12.61842 l 1.39743,7.07654 -4.59766,5.61085 c -5.53502,6.75477 -7.4899,7.91582 -11.90643,7.07156 -4.41859,-0.84467 -10.09015,-8.69537 -17.38148,-24.05984 -3.13278,-6.60148 -5.69596,-12.28615 -5.69596,-12.63262 0,-0.69794 -10.44627,-22.80463 -19.78386,-41.86718 -7.1695,-14.6364 -17.73705,-38.19445 -19.01753,-42.39541 -1.67959,-5.51036 -8.65123,-19.06686 -17.1161,-33.28261 -4.61831,-7.75592 -11.06468,-19.67095 -14.32526,-26.47784 -4.54447,-9.48719 -7.2176,-13.44695 -11.45156,-16.96336 -8.30912,-6.90096 -18.46981,-8.35825 -22.5773,-3.23813 -3.88596,4.84398 -9.1531,43.01561 -6.59507,47.79533 1.03867,1.94077 0.93026,6.95242 -0.43479,20.10078 -1.00014,9.63349 -2.14912,24.99696 -2.55328,34.14105 -1.42157,32.16263 -3.30182,57.4571 -5.67578,76.35468 -3.89995,31.045 -2.88259,28.01007 -10.10882,30.15602 -7.606,2.25874 -8.23823,2.28191 -8.85028,0.32427 z"
       id="path52" />
    <path
       style="fill:#afe9af;fill-opacity:1;stroke-width:0.930918;stroke-dashoffset:0.5"
       d="m 302.31068,682.34435 c -4.28115,-4.18561 -6.39167,-11.69942 -7.46544,-26.57819 -0.57573,-7.97766 -0.35109,-10.17427 1.16959,-11.43632 1.58175,-1.31274 3.13124,-0.57336 9.70708,4.63201 6.93241,5.48762 17.59277,12.32424 29.32881,18.80892 4.54792,2.51292 4.08809,4.09704 -3.26144,11.23562 -5.25256,5.10179 -10.41713,6.93727 -19.5481,6.94733 -5.23839,0.006 -6.82131,-0.56956 -9.9305,-3.60937 z"
       id="path54" />
    <path
       style="fill:#ffffff;fill-opacity:1;stroke-width:0.930918;stroke-dashoffset:0.5"
       d="m 159.37425,337.13798 c -6.32444,-6.53903 -16.02214,-21.5438 -19.70445,-30.48773 -1.72919,-4.20003 -2.74443,-9.11284 -2.6722,-12.93104 0.20725,-10.95646 1.19475,-13.21601 7.66962,-17.54926 7.13996,-4.77835 12.04654,-5.10067 21.71209,-1.42631 3.72537,1.4162 10.09852,2.76476 14.16256,2.9968 7.81356,0.44612 15.20515,2.9311 17.71535,5.95571 1.22281,1.47339 0.80718,3.2099 -2.18884,9.14497 -4.69351,9.29779 -6.78638,21.2708 -5.97933,34.20684 l 0.63303,10.14664 -6.9374,1.85554 c -3.81556,1.02055 -9.7282,2.18713 -13.1392,2.5924 -6.05265,0.71914 -6.32372,0.6108 -11.27123,-4.50456 z"
       id="path56" />
    <path
       style="fill:#ffffff;fill-opacity:1;stroke-width:0.930918;stroke-dashoffset:0.5"
       d="m 290.48749,321.37156 c -15.73023,-1.83276 -18.63795,-3.3888 -13.81391,-7.3924 1.41422,-1.1737 1.71417,-2.81094 1.13885,-6.21623 -1.01456,-6.00518 0.6591,-8.92145 7.38075,-12.8606 5.2402,-3.07096 12.95953,-10.65226 12.95953,-12.7278 0,-1.48916 5.88959,-3.87496 7.77741,-3.15054 1.28321,0.49242 1.42008,2.19233 0.61704,7.66399 -0.56755,3.86718 -0.97543,12.29601 -0.90641,18.73074 0.069,6.43473 0.075,12.30328 0.0133,13.04124 -0.0924,1.1056 -5.8003,4.57925 -6.63566,4.03829 -0.13747,-0.089 -3.97638,-0.59603 -8.53092,-1.12669 z"
       id="path58" />
    <path
       style="fill:#00ff00;fill-opacity:1;stroke-width:0.930918;stroke-dashoffset:0.5"
       d="m 398.19594,237.33123 c -0.64234,-0.82159 -3.2312,-5.22829 -5.75302,-9.79266 -5.33631,-9.65848 -6.61091,-10.67192 -24.99629,-19.87486 -13.14927,-6.58195 -14.29525,-6.92479 -23.14712,-6.92479 -8.24578,0 -9.65933,0.34638 -12.33578,3.02283 -2.1126,2.11259 -3.02284,4.38554 -3.02284,7.54819 v 4.52534 l -10.1601,-1.08266 c -5.58806,-0.59547 -17.08744,-1.0565 -25.55419,-1.02453 -17.39579,0.0657 -20.93771,1.10368 -31.4556,9.21817 -3.48342,2.68743 -6.73532,4.88625 -7.22644,4.88625 -0.49112,0 -4.04215,-2.57393 -7.89117,-5.71984 -8.39195,-6.85898 -12.48981,-8.69628 -24.53694,-11.00127 -13.67223,-2.61593 -24.14838,-2.23011 -36.03271,1.32702 -5.65744,1.69335 -10.38438,3.07882 -10.50429,3.07882 -0.11992,0 -0.56277,-4.01786 -0.98411,-8.92857 -1.252,-14.59183 -8.50615,-37.61285 -18.51531,-58.75827 -4.98186,-10.5247 -10.82149,-21.90675 -12.97696,-25.29345 -3.31555,-5.20943 -3.60439,-6.22326 -1.87571,-6.58378 2.77083,-0.57787 24.90549,4.58525 29.29525,6.8334 13.39701,6.86108 31.78618,34.4481 35.17214,52.76447 1.74231,9.42501 7.66987,18.34498 13.82818,20.80904 6.73335,2.69416 10.53305,2.39048 14.0461,-1.12257 2.76114,-2.76114 2.96708,-3.68812 2.25714,-10.1601 -1.10489,-10.07242 -12.13798,-64.58818 -15.08726,-74.54785 -1.35389,-4.57205 -2.1872,-8.31281 -1.85181,-8.31281 3.23914,0 22.40626,15.87571 33.88907,28.06959 7.55669,8.02464 7.88436,8.64423 9.91491,18.74766 1.15498,5.74682 2.3918,13.89709 2.74849,18.11171 1.00655,11.89301 9.39693,22.1518 18.64342,22.79502 4.64006,0.32278 8.74164,-1.50258 10.10631,-4.49769 4.17203,-9.15662 7.83021,-40.97724 8.84193,-76.91157 0.14955,-5.31146 8.07006,8.93361 16.34388,29.39452 3.53599,8.74437 3.69681,9.88139 3.04823,21.55172 -0.66969,12.05047 -0.60244,12.46439 3.07092,18.89789 5.71858,10.01551 14.00057,13.85458 20.32778,9.42283 2.89005,-2.02427 3.88419,-5.95187 7.16716,-28.31567 2.77106,-18.87666 6.33986,-36.64018 9.40202,-46.79803 1.42932,-4.74138 2.78314,-9.31342 3.00847,-10.1601 0.66471,-2.49756 2.27804,-1.8257 8.25995,3.43979 4.2836,3.77056 7.29563,8.32934 12.40867,18.78079 3.71361,7.59087 7.48074,16.29543 8.37141,19.34346 2.01066,6.88086 1.88022,30.69934 -0.22935,41.87965 -1.4364,7.61261 -1.36021,8.46127 1.221,13.6001 4.45863,8.87654 7.04593,11.02271 13.28835,11.02271 4.25351,0 6.52857,-0.84802 10.3101,-3.84304 2.66873,-2.11368 5.14012,-3.55516 5.49199,-3.2033 0.82837,0.82838 -6.43803,13.90664 -10.52558,18.94421 -1.73734,2.14112 -4.54426,5.88009 -6.23761,8.30882 -4.09802,5.8777 -7.99419,8.53963 -9.56268,6.53341 z"
       id="path60" />
    <path
       style="fill:#008080;fill-opacity:1;stroke-width:0.930918;stroke-dashoffset:0.5"
       d="m 381.94393,930.71142 c -2.05808,-2.79855 -3.74196,-5.45133 -3.74196,-5.89506 0,-0.44374 1.25139,-2.68986 2.78088,-4.99138 2.49123,-3.74874 6.83386,-6.60555 15.72118,-10.34222 1.61099,-0.67734 5.72714,-5.18898 9.14701,-10.02586 10.15869,-14.36795 27.07635,-36.04555 28.17555,-36.103 2.52359,-0.13191 -4.40951,36.14605 -9.23717,48.3342 -2.8701,7.24599 -18.84847,18.10216 -32.68539,22.20741 l -6.41814,1.90418 z"
       id="path62" />
    <path
       style="fill:#008080;fill-opacity:1;stroke-width:0.930918;stroke-dashoffset:0.5"
       d=""
       id="path64" />
    <path
       style="fill:#008080;fill-opacity:1;stroke-width:0.930918;stroke-dashoffset:0.5"
       d="m 147.82299,960.28325 c 2.10334,-2.87869 7.44743,-9.80603 11.87577,-15.39409 l 8.05153,-10.1601 9.47461,-0.0214 c 5.21103,-0.0118 13.35392,-0.86388 18.0953,-1.8936 17.80375,-3.86658 15.85688,-4.05213 14.88507,1.41868 -1.45353,8.18263 -1.99085,9.08571 -6.89411,11.58717 -2.61854,1.33588 -12.41507,4.59747 -21.77006,7.24797 -9.355,2.6505 -21.10316,6.5359 -26.10703,8.63422 -5.00388,2.09832 -9.62386,3.81512 -10.26664,3.81512 -0.64278,0 0.55222,-2.35529 2.65556,-5.23399 z"
       id="path66" />
    <rect
       style="fill:#000000;fill-opacity:0;stroke-width:0.755906;stroke-dashoffset:0.5"
       id="rect68"
       width="43.069775"
       height="15.177609"
       x="319.54279"
       y="609.23065" />
    <rect
       style="fill:#000000;fill-opacity:0;stroke-width:0.755906;stroke-dashoffset:0.5"
       id="rect70"
       width="43.069763"
       height="15.177612"
       x="319.54279"
       y="609.23065" />
    <rect
       style="fill:#000000;fill-opacity:1;stroke-width:0.110394;stroke-dashoffset:0.5"
       id="rect899"
       width="43.06979"
       height="16.447618"
       x="319.54279"
       y="-624.40826"
       transform="scale(1,-1)" />
    <path
       style="fill:#008080;fill-opacity:1;stroke-width:0.930918;stroke-dashoffset:0.5"
       d="m 272.0868,606.52851 c -1.44533,-1.44533 -13.85161,-3.27674 -28.73705,-4.24214 -8.80542,-0.57109 -16.93761,-1.41771 -18.07155,-1.88139 -1.13394,-0.46369 -2.86089,-2.84678 -3.83767,-5.29574 -1.54419,-3.87158 -1.54567,-5.42611 -0.0113,-11.91151 6.48779,-27.42288 9.26573,-43.654 10.4453,-61.03024 1.5487,-22.81404 1.83883,-35.40531 1.00728,-43.7148 l -0.61576,-6.15322 12.31527,-2.14223 c 6.7734,-1.17823 15.91749,-3.22886 20.3202,-4.55697 4.40271,-1.3281 11.88423,-3.01474 16.62561,-3.74807 13.03039,-2.01538 44.00468,-14.00832 53.28748,-20.63239 4.2542,-3.03573 13.12433,-11.41846 19.7114,-18.62828 18.94093,-20.73164 24.11202,-25.57282 28.18574,-26.38757 7.6936,-1.53872 8.56655,-0.53161 10.26352,11.84092 2.53376,18.47345 2.06882,50.68073 -0.97188,67.32458 -1.42305,7.78941 -3.48203,20.81281 -4.57548,28.94088 -4.73021,35.16166 -13.13297,62.41504 -28.4634,92.31783 l -5.07494,9.89892 -8.77974,0.36184 c -4.82885,0.199 -8.77974,-0.10012 -8.77974,-0.66473 0,-1.82228 7.40145,-24.76788 9.77656,-30.30879 1.46107,-3.40855 3.91186,-6.36614 6.70644,-8.09328 5.53248,-3.41926 6.20992,-5.91101 8.72924,-32.10784 1.07479,-11.17611 2.83192,-27.23052 3.90473,-35.67647 2.45303,-19.3121 1.88172,-42.9754 -1.19154,-49.35301 -2.443,-5.0697 -7.08212,-8.15963 -13.87536,-9.24181 -4.10274,-0.65358 -5.24341,-0.30844 -7.72386,2.33704 -2.88901,3.08121 -2.89947,3.19656 -1.43322,15.80723 1.71785,14.77461 1.05935,26.36317 -3.17113,55.80682 -2.44393,17.00946 -3.69588,22.29649 -6.67532,28.19022 -2.01698,3.98985 -3.66723,8.50345 -3.66723,10.03023 0,2.42525 -4.90749,15.90771 -12.31157,33.82388 l -2.29025,5.54188 -9.05187,0.13516 c -10.0756,0.15045 -13.84672,1.63589 -23.4754,9.24693 -5.97338,4.72169 -7.2914,5.36819 -8.49347,4.16612 z m 12.28614,-34.1861 c 0.89545,-0.74316 4.01887,-4.99356 6.94092,-9.44533 2.92206,-4.45177 8.56567,-11.89605 12.54136,-16.54283 10.91377,-12.75602 11.70116,-14.25925 10.2403,-19.55005 -1.79045,-6.48448 -7.43516,-10.79435 -14.13755,-10.79435 -5.22568,0 -5.61686,0.28012 -12.4687,8.92857 -3.89058,4.91072 -10.87124,13.50318 -15.51259,19.09435 -4.64135,5.59118 -9.03191,11.86714 -9.75681,13.94659 -1.20352,3.45241 -0.95711,4.16028 2.83698,8.14996 8.15945,8.58006 14.14445,10.50516 19.31609,6.21309 z m -28.09307,-36.62763 c 1.26512,-0.67707 7.59292,-7.82472 14.06178,-15.88365 6.46886,-8.05893 15.36802,-18.45016 19.77591,-23.09162 6.22113,-6.55077 8.01246,-9.26569 8.00589,-12.1336 -0.0102,-4.47739 -0.58597,-5.36333 -6.24462,-9.60944 -3.08847,-2.3175 -5.91697,-3.32159 -9.35687,-3.32159 -4.41849,0 -5.62091,0.73992 -11.58327,7.12789 -17.18338,18.41 -34.47784,38.58207 -35.59309,41.51541 -1.56422,4.11421 -0.33279,6.47667 6.36372,12.20864 5.32262,4.55596 10.07254,5.59522 14.57055,3.18796 z"
       id="path901" />
    <path
       style="fill:#ff0000;fill-opacity:1;stroke-width:0.930918;stroke-dashoffset:0.5"
       d="m 336.33005,646.06991 c -5.08005,-2.88793 -10.94605,-6.31625 -13.03554,-7.61848 -5.14718,-3.20785 -20.21569,-17.13116 -20.21569,-18.6793 0,-2.28769 3.63177,-4.29164 6.44952,-3.55874 1.53281,0.39868 4.55798,2.40022 6.7226,4.44786 3.88879,3.67864 4.097,3.72299 17.4776,3.72299 h 13.54192 l 7.03668,6.15763 c 3.87017,3.3867 7.78173,6.15764 8.69235,6.15764 4.31624,0 -0.19703,11.67595 -5.25687,13.5997 -6.11672,2.32557 -11.88697,1.18586 -21.41257,-4.2293 z"
       id="path903" />
  </g>
</svg>
