<?xml version="1.0" encoding="UTF-8" standalone="no"?>
<svg
   xmlns:dc="http://purl.org/dc/elements/1.1/"
   xmlns:cc="http://creativecommons.org/ns#"
   xmlns:rdf="http://www.w3.org/1999/02/22-rdf-syntax-ns#"
   xmlns:svg="http://www.w3.org/2000/svg"
   xmlns="http://www.w3.org/2000/svg"
   width="600px"
   height="1000px"
   viewBox="0 0 600 1000"
   version="1.1"
   id="SVGRoot">
  <defs
     id="defs1847" />
  <metadata
     id="metadata3">
    <rdf:RDF>
      <cc:Work
         rdf:about="">
        <dc:format>image/svg+xml</dc:format>
        <dc:type
           rdf:resource="http://purl.org/dc/dcmitype/StillImage" />
        <dc:title>Fille joie</dc:title>
        <cc:license
           rdf:resource="http://creativecommons.org/licenses/by/4.0/" />
        <dc:creator>
          <cc:Agent>
            <dc:title>Frédéric Wang</dc:title>
          </cc:Agent>
        </dc:creator>
      </cc:Work>
      <cc:License
         rdf:about="http://creativecommons.org/licenses/by/4.0/">
        <cc:permits
           rdf:resource="http://creativecommons.org/ns#Reproduction" />
        <cc:permits
           rdf:resource="http://creativecommons.org/ns#Distribution" />
        <cc:requires
           rdf:resource="http://creativecommons.org/ns#Notice" />
        <cc:requires
           rdf:resource="http://creativecommons.org/ns#Attribution" />
        <cc:permits
           rdf:resource="http://creativecommons.org/ns#DerivativeWorks" />
      </cc:License>
    </rdf:RDF>
  </metadata>
  <title
     id="title5">Fille joie</title>
  <g
     id="g105">
    <path
       style="fill:#000000;stroke-width:0.832447"
       d="m 302.31887,997.93019 c 0.86579,-2.27724 4.48005,-7.93738 6.24005,-9.77234 1.07729,-1.12322 0.85186,-1.6554 -1.93936,-4.57845 -9.08473,-9.51395 -18.02698,-16.84947 -22.15045,-18.17065 -3.72709,-1.19406 -5.9958,-4.1768 -6.61801,-8.70081 -0.78799,-5.7294 0.41988,-8.5578 4.67616,-10.94992 l 3.35186,-1.88391 -0.44626,-8.0232 c -0.24544,-4.41272 -0.99548,-9.89621 -1.66676,-12.18544 -1.0342,-3.5269 -1.91321,-9.05277 -2.64834,-16.64893 -0.0886,-0.91569 -0.36531,-2.22679 -0.61488,-2.91356 -0.24957,-0.68677 -0.68494,-3.48195 -0.96749,-6.21151 -0.28255,-2.72955 -1.08769,-6.93722 -1.78921,-9.35037 -0.70152,-2.41314 -1.18971,-5.04967 -1.08487,-5.85896 0.10483,-0.80929 -0.13456,-2.96984 -0.53198,-4.80122 -0.39743,-1.83139 -0.7579,-3.51709 -0.80106,-3.74601 -0.7029,-3.72827 -1.35202,-4.16055 -6.08768,-4.05412 -2.60192,0.0584 -5.71626,-0.0914 -6.92078,-0.33293 -2.451,-0.49159 -6.55066,-2.95388 -6.55066,-3.93438 0,-0.35087 -1.16215,-1.77414 -2.58255,-3.16285 -2.35033,-2.29789 -2.52953,-2.8386 -1.99306,-6.01394 0.65843,-3.89726 2.89361,-6.64273 5.40805,-6.64273 1.84696,0 2.08861,-0.98264 0.82312,-3.3472 -0.46296,-0.86507 -0.86139,-4.11821 -0.88539,-7.22918 -0.024,-3.11098 -0.56898,-8.84043 -1.21106,-12.73212 -1.76536,-10.69988 -3.52808,-23.87105 -4.06638,-30.3843 -0.58025,-7.02089 -3.02737,-21.24382 -5.51423,-32.04919 -3.82195,-16.60642 -4.23826,-19.09877 -5.37801,-32.19618 -1.94985,-22.40678 -4.53364,-35.23199 -7.09793,-35.23199 -0.44609,0 -0.81107,0.32553 -0.81107,0.72341 0,4.02377 -6.52314,33.73471 -9.5278,43.39626 -1.4547,4.67762 -2.45299,9.97297 -2.22242,11.78861 0.0966,0.76068 -0.21689,1.62563 -0.69664,1.92214 -0.47976,0.2965 -0.87228,1.85272 -0.87228,3.45826 0,1.60554 -0.34935,3.57193 -0.77635,4.36978 -0.42699,0.79784 -0.96854,2.92717 -1.20344,4.73184 -0.39993,3.07254 -4.63203,31.3143 -6.35468,42.4062 -0.42664,2.74708 -1.18101,6.86769 -1.67638,9.15692 -0.49537,2.28922 -1.21851,5.85304 -1.60699,7.91958 -0.38847,2.06654 -1.27072,5.62524 -1.96055,7.90824 -0.68982,2.28299 -1.87616,7.8969 -2.6363,12.47536 -0.76014,4.57845 -1.58466,9.44826 -1.83227,10.8218 -0.47337,2.62587 -6.26612,8.74069 -8.28031,8.74069 -0.82665,0 -1.14347,1.22946 -1.14347,4.43742 0,4.27431 -2.72203,21.37648 -3.6383,22.85905 -0.24563,0.39743 -0.85222,3.31508 -1.34799,6.48367 -0.49577,3.16859 -1.09584,6.40247 -1.33348,7.18647 -0.25454,0.83968 0.29778,2.03691 1.34412,2.91356 3.87726,3.24845 6.02359,8.32513 6.12686,14.49164 0.0883,5.27164 -0.0987,5.9758 -1.98365,7.47238 -3.48046,2.7633 -10.43787,7.17702 -12.18952,7.73301 -0.9084,0.28827 -3.07968,1.83221 -4.82506,3.43093 -1.74537,1.59871 -3.68822,2.90673 -4.31744,2.90673 -0.62922,0 -1.14404,0.36703 -1.14404,0.81555 0,0.44852 -1.51665,1.58922 -3.37034,2.53497 -1.85369,0.94566 -3.57947,2.26433 -3.83507,2.93046 -0.25561,0.66604 -0.85755,1.21104 -1.33765,1.21104 -0.48011,0 -2.0332,0.88498 -3.45131,1.96666 -1.41811,1.08159 -4.35663,2.7767 -6.53004,3.76682 -2.17341,0.99011 -3.95239,2.07171 -3.9533,2.40369 -8.3e-4,0.33189 -1.17326,0.68593 -2.60523,0.78657 -1.43197,0.10073 -3.39788,0.69818 -4.36869,1.32776 -0.97081,0.62958 -3.26352,1.36962 -5.0949,1.64458 -4.71976,0.70866 -7.71806,1.34773 -12.4867,2.66125 -2.28923,0.63066 -5.84793,1.40242 -7.90824,1.71509 -2.0603,0.31275 -4.11402,0.78857 -4.56382,1.05745 -0.4498,0.26888 -1.3863,0.55499 -2.08112,0.63583 -0.69481,0.0807 -7.37114,1.72599 -14.836276,3.65602 -8.117676,2.09876 -14.389008,3.30439 -15.603295,2.99963 -1.203383,-0.30201 -2.529798,-1.60553 -3.256651,-3.20042 -0.674482,-1.48001 -2.411788,-4.07566 -3.860679,-5.7681 -1.448892,-1.69245 -2.759575,-4.12736 -2.91263,-5.41091 -0.311959,-2.61613 1.098421,-7.74458 2.129828,-7.74458 0.36894,0 0.854493,-0.70242 1.079007,-1.561 0.224514,-0.8585 2.473094,-3.08638 4.996845,-4.95081 2.523751,-1.86443 5.333446,-4.33672 6.243767,-5.49398 5.81631,-7.39421 21.254294,-23.45368 30.441824,-31.66735 3.05414,-2.73034 5.55299,-5.50863 5.55299,-6.17392 0,-0.66529 0.23866,-0.97097 0.53037,-0.67928 0.2917,0.29169 1.50915,-0.14126 2.70545,-0.96214 1.19629,-0.82088 3.5267,-2.11323 5.17868,-2.87197 2.58988,-1.1895 3.23867,-2.09848 4.7103,-6.59928 1.82981,-5.59629 2.86087,-10.13248 4.40306,-19.37136 0.53497,-3.20491 1.49257,-6.6568 2.12799,-7.67084 0.63542,-1.01405 1.15531,-2.71848 1.15531,-3.78763 0,-1.06915 0.36981,-2.31372 0.82178,-2.7657 0.99605,-0.99604 5.00535,-12.58212 5.00535,-14.46445 0,-0.73837 -2.43491,-3.838 -5.41091,-6.88807 -5.96354,-6.11198 -6.40585,-7.59479 -4.16223,-13.95387 0.68677,-1.94651 1.25098,-4.33487 1.2538,-5.30746 0.003,-0.97259 0.56273,-2.83748 1.24425,-4.14421 0.68152,-1.30672 1.02695,-2.71918 0.7676,-3.13879 -0.25933,-0.41962 0.51488,-5.00465 1.72048,-10.18897 1.20559,-5.18431 2.70255,-12.76228 3.32658,-16.83991 0.62403,-4.07764 1.66974,-10.2234 2.3238,-13.65724 0.65406,-3.43384 1.23635,-6.80525 1.29398,-7.49202 0.11545,-1.37585 4.31044,-20.00077 6.28113,-27.88695 2.14727,-8.59281 5.08445,-29.69108 6.05518,-43.49533 l 0.54148,-7.70013 h -3.85145 c -6.70268,0 -12.71434,-5.35008 -17.24876,-15.35053 -2.0961,-4.62282 -2.4594,-6.45298 -2.4594,-12.38914 0,-7.86152 -0.92633,-9.47132 -5.75424,-9.99986 -1.50216,-0.16445 -2.97593,-0.67475 -3.27505,-1.13401 -0.29911,-0.45925 -2.12593,-1.82591 -4.05958,-3.03702 -3.74666,-2.34665 -9.74255,-9.31996 -10.67302,-12.4129 -0.30887,-1.02668 -1.60925,-4.11429 -2.88974,-6.86136 -1.28048,-2.74707 -2.92512,-6.44518 -3.65475,-8.21801 -1.54102,-3.74436 -1.7499,-11.47218 -0.38124,-14.10466 1.52826,-2.93948 9.73065,-10.47571 12.79545,-11.75626 2.66035,-1.11156 2.78183,-1.33522 2.07114,-3.81323 -0.41523,-1.44782 -2.18555,-4.1905 -3.93404,-6.09485 -1.74849,-1.90434 -4.02009,-4.83003 -5.04799,-6.50152 -1.02791,-1.67149 -2.42324,-3.25179 -3.10074,-3.51177 -0.67751,-0.25998 -1.23183,-1.1761 -1.23183,-2.03582 0,-1.78461 -2.21533,-6.54105 -3.3825,-7.2624 -0.42885,-0.26504 -0.77973,-1.04668 -0.77973,-1.73698 0,-0.6903 -0.90779,-2.44754 -2.017308,-3.90499 -2.422349,-3.18197 -10.476304,-20.04974 -12.489208,-26.15673 -0.790496,-2.39831 -1.788901,-4.57788 -2.218676,-4.84349 -0.429777,-0.26562 -1.330106,-1.67478 -2.000732,-3.13147 -1.310321,-2.84619 -3.03018,-5.7211 -3.825406,-6.39453 -0.270323,-0.22893 -2.89253,-5.0966 -5.827125,-10.81706 -2.934597,-5.72045 -5.560754,-10.59026 -5.835906,-10.8218 -0.275151,-0.23154 -0.71757,-1.35748 -0.983153,-2.50209 -0.265583,-1.14462 -0.910863,-3.76682 -1.433955,-5.82713 -0.523092,-2.0603 -0.980637,-6.94978 -1.016768,-10.86551 -0.07058,-7.65009 0.631587,-9.52753 5.378235,-14.38003 1.266059,-1.29429 2.301927,-2.8354 2.301927,-3.42468 0,-0.58928 1.404753,-2.05003 3.121674,-3.24611 1.716921,-1.19608 4.158157,-3.48255 5.424969,-5.08105 1.266813,-1.59849 4.07632,-3.93061 6.243349,-5.18247 2.16703,-1.25185 4.127355,-2.48139 4.356278,-2.73229 2.349724,-2.57536 9.541935,-7.50084 12.661165,-8.67082 2.15627,-0.80878 5.29268,-2.40171 6.96982,-3.53985 1.67714,-1.13814 4.59544,-2.39606 6.4851,-2.79537 1.88967,-0.39932 5.68337,-1.35378 8.43045,-2.12103 2.74707,-0.76726 5.55658,-1.52948 6.24334,-1.69384 1.97767,-0.47328 8.20376,-2.78573 9.79181,-3.63681 1.23481,-0.66176 4.38117,-1.8745 13.10047,-5.04945 0.91569,-0.33343 3.95464,-1.63869 6.75323,-2.90058 5.77432,-2.60365 8.44044,-2.55122 16.51365,0.32474 2.72418,0.97045 6.96714,2.00116 9.42879,2.29049 2.5891,0.30429 5.6894,1.34964 7.35493,2.4799 3.93701,2.67173 8.22697,3.11044 12.80976,1.31 3.28164,-1.28926 3.76263,-1.79927 3.88011,-4.11428 0.0738,-1.45343 -0.38968,-3.07728 -1.02985,-3.60856 -0.64016,-0.5313 -5.94492,-1.31665 -11.78834,-1.74525 -5.84343,-0.4286 -12.2832,-1.32323 -14.31061,-1.98808 -2.0274,-0.66485 -4.49065,-1.20883 -5.47389,-1.20883 -3.32346,0 -14.10427,-4.29356 -18.04582,-7.18692 -4.34724,-3.19117 -9.01282,-8.56297 -12.91759,-14.87291 -4.05519,-6.55302 -10.5628,-19.61724 -11.60233,-23.29203 -0.52063,-1.84044 -2.10681,-6.63602 -3.52488,-10.65684 -1.77666,-5.03763 -2.86417,-10.214 -3.4978,-16.64893 -1.12887,-11.46444 -1.58932,-44.38396 -0.68739,-49.14434 0.36278,-1.91467 1.28025,-7.73979 2.03883,-12.94471 0.87743,-6.02022 2.00977,-10.53211 3.11214,-12.4005 l 1.7329,-2.93703 -2.23529,-1.78235 c -1.22939,-0.98029 -2.23527,-2.05668 -2.23527,-2.39196 0,-0.33529 -0.9046,-2.04259 -2.01022,-3.794 -2.00113,-3.16998 -2.04086,-3.18676 -8.78159,-3.70656 -3.72425,-0.2872 -7.78312,-1.09113 -9.0197,-1.78653 -2.62075,-1.47378 -14.764641,-5.44102 -16.655183,-5.44102 -0.710282,0 -2.441821,-0.36161 -3.847864,-0.80358 -1.406043,-0.44196 -3.570776,-1.00704 -4.81052,-1.2557 -1.484838,-0.29784 -3.170604,-1.79915 -4.939739,-4.39922 -1.477112,-2.17089 -3.015212,-4.17125 -3.417999,-4.44523 -0.402787,-0.27398 -1.157484,-2.98012 -1.677105,-6.01366 -0.913136,-5.33084 -0.876522,-5.58878 1.093622,-7.70421 1.828479,-1.96331 2.480796,-2.14397 6.334539,-1.75428 2.362882,0.23894 5.172389,1.00347 6.243349,1.69896 1.976316,1.28344 7.396253,3.21541 11.93656,4.25485 1.37353,0.31445 3.62114,1.04717 4.99468,1.62824 2.99933,1.26887 8.20001,2.97734 9.06319,2.97734 0.34129,0 0.50199,-1.03015 0.35712,-2.28922 -0.21552,-1.87308 -0.71738,-2.3267 -2.76074,-2.49536 -3.60048,-0.29719 -11.37399,-1.92481 -13.319147,-2.78877 -0.915691,-0.40672 -3.311128,-1.3065 -5.323192,-1.99952 -3.69921,-1.27413 -5.839944,-3.20667 -5.888362,-5.31571 -0.01456,-0.63426 -0.933203,-1.99354 -2.041428,-3.0206 -2.1869,-2.02675 -3.548636,-8.01395 -2.643205,-11.62147 0.287298,-1.14469 1.44291,-2.68442 2.568027,-3.42162 2.7224,-1.78379 9.37135,-0.89589 13.310847,1.77753 4.03736,2.73982 12.17241,4.35129 15.54324,3.07894 2.14648,-0.8102 3.38879,-0.68554 7.5627,0.75893 4.08747,1.41456 5.11991,1.52518 5.686,0.60923 0.51294,-0.82995 -0.31652,-1.44092 -3.20977,-2.36432 -2.92041,-0.93207 -5.24854,-2.66226 -9.25862,-6.88072 -7.752,-8.15482 -11.3638,-14.40966 -12.87613,-22.29857 -1.20983,-6.31097 -1.10121,-22.22437 0.16031,-23.48589 0.54342,-0.54342 0.98804,-1.58091 0.98804,-2.30553 0,-2.51121 7.99205,-12.87513 13.34821,-17.30967 2.96001,-2.45069 6.31834,-5.2285 7.46295,-6.17292 1.14462,-0.94441 4.01743,-3.4488 6.38403,-5.56529 6.92344,-6.19177 10.10764,-8.643359 12.76224,-9.825939 0.68677,-0.305944 1.54824,-1.052761 1.91437,-1.659595 0.36614,-0.606833 1.15278,-1.103334 1.74811,-1.103334 0.59532,0 2.61697,-1.111636 4.49256,-2.470303 1.87558,-1.358667 4.46035,-2.730058 5.74391,-3.047536 1.28357,-0.317477 4.65302,-1.824832 7.48767,-3.349675 2.83465,-1.524844 8.24554,-3.586535 12.02421,-4.581533 6.403,-1.686038 7.43966,-1.739592 15.24103,-0.787346 13.09331,1.598188 23.84513,2.219411 27.93322,1.613934 3.61753,-0.535784 8.69936,0.583333 12.89686,2.840139 2.27696,1.224221 6.56145,2.159111 12.49276,2.725962 7.81206,0.746593 8.21515,0.924523 13.12187,5.792232 4.01084,3.978938 5.06139,4.593912 7.84779,4.593912 1.76939,0 3.95597,-0.511508 4.85907,-1.136685 0.9031,-0.625177 4.63881,-2.155701 8.30158,-3.401165 3.66276,-1.245464 11.97099,-4.854566 18.46274,-8.020226 6.49174,-3.165661 12.52036,-5.755747 13.39693,-5.755747 0.87658,0 3.80637,-0.774765 6.51066,-1.7217 4.09857,-1.435161 7.5492,-1.785095 20.73337,-2.102606 9.53236,-0.229565 17.30483,-0.03411 19.56249,0.491951 2.06031,0.48007 6.36822,0.998876 9.57314,1.152901 14.32614,0.688502 41.08171,6.693353 49.53057,11.116326 4.36342,2.284251 18.39883,11.883628 20.61382,14.098613 1.06585,1.06585 2.31337,1.93791 2.77226,1.93791 1.9775,0 4.72671,4.34392 5.25112,8.29706 0.30068,2.26667 0.91044,4.34602 1.355,4.62078 0.44458,0.27476 0.80832,2.554 0.80832,5.06498 0,4.3809 0.17663,4.74737 4.37034,9.06703 2.40369,2.47589 5.52606,6.8612 6.93859,9.74515 5.97192,12.19276 5.65724,10.76599 5.93017,26.88716 0.69678,41.15688 0.75419,41.62183 6.59053,53.37954 2.18875,4.40938 5.13901,8.19851 11.50473,14.77592 4.70861,4.86521 9.07981,8.86183 9.71377,8.88137 0.63396,0.0196 3.21295,1.13164 5.73111,2.47134 2.51815,1.3397 7.38796,3.84324 10.8218,5.56342 l 6.24335,3.12761 12.4867,-0.0625 c 6.86768,-0.0344 16.90519,-0.31818 22.30556,-0.63068 l 9.81887,-0.56818 2.2516,2.43094 c 3.41088,3.68255 3.84986,4.34432 6.15714,9.28195 1.78589,3.82184 2.04459,5.26269 1.57558,8.7753 -0.46258,3.46442 -1.13949,4.74014 -3.85357,7.26243 -1.81084,1.68287 -4.60353,3.49017 -6.20599,4.01623 -1.60246,0.52605 -3.66277,1.61301 -4.57846,2.41547 -0.91569,0.80245 -3.06964,2.11009 -4.78657,2.90588 -1.71692,0.79577 -3.12167,1.76916 -3.12167,2.16308 0,0.39393 -1.21745,1.34002 -2.70545,2.10242 -1.488,0.76242 -2.89275,1.61823 -3.12168,1.90182 -0.22892,0.28358 -1.81842,1.44876 -3.53221,2.5893 -1.71379,1.14053 -3.11854,2.31744 -3.12167,2.61535 -0.01,0.92173 7.15621,-0.0724 10.45403,-1.45038 2.15559,-0.90067 4.05754,-1.11323 6.11567,-0.68347 1.64291,0.34306 3.27758,0.55752 3.6326,0.47657 1.23783,-0.28222 5.75852,5.0984 7.29481,8.68244 1.39718,3.25947 2.45871,11.53992 1.57305,12.27053 -0.19605,0.16172 -2.49103,1.84925 -5.09997,3.75006 -2.60894,1.90081 -5.41845,4.40208 -6.24335,5.55838 -0.8249,1.15629 -3.38728,4.62384 -5.69418,7.70566 -2.30689,3.08182 -6.20487,8.60012 -8.66217,12.26288 -2.45731,3.66277 -5.60939,8.34528 -7.00463,10.40559 -2.78109,4.10674 -8.88283,11.53237 -12.25377,14.91246 -1.85526,1.8603 -2.02486,2.44717 -1.24867,4.32072 0.494,1.19242 1.3783,2.7435 1.96511,3.44685 0.58681,0.70335 1.06151,2.34995 1.05488,3.6591 -0.007,1.30914 -0.007,3.78228 -7e-4,5.49587 0.0105,2.87203 -0.34769,3.34526 -4.58138,6.05351 -2.526,1.61587 -5.4175,4.05351 -6.42556,5.41699 -1.00807,1.36348 -2.32035,2.47905 -2.91619,2.47905 -0.59584,0 -3.24125,1.49792 -5.87869,3.3287 -2.63744,1.83078 -5.35724,3.33059 -6.04401,3.3329 -0.68677,0.002 -2.47518,0.752 -3.97424,1.66598 -1.49906,0.91398 -3.94428,1.66178 -5.43379,1.66178 -1.48952,0 -3.565,0.60011 -4.61217,1.33358 -1.04717,0.73347 -2.09229,1.14524 -2.32248,0.91505 -0.23019,-0.2302 -1.61072,-0.0965 -3.06784,0.29706 -2.7383,0.73963 -11.87412,1.92493 -23.46048,3.04383 -3.66276,0.35371 -19.0214,0.64552 -34.1303,0.64847 l -27.47074,0.005 -3.89525,-2.28982 c -2.14239,-1.2594 -4.39,-2.7578 -4.99468,-3.32978 -4.0407,-3.82217 -12.30867,-5.43784 -30.65128,-5.98967 -14.55833,-0.43798 -18.75017,0.13128 -21.24201,2.88475 -1.01524,1.12182 -1.71925,1.37812 -2.09877,0.76405 -0.40671,-0.65807 -1.72155,-0.53342 -4.56843,0.43313 -2.19855,0.74642 -4.54517,1.14691 -5.21473,0.88997 -0.66957,-0.25692 -1.63816,-0.13714 -2.15244,0.26619 -0.51427,0.40334 -1.49694,0.76578 -2.18371,0.80542 -5.59356,0.3229 -12.27745,1.26226 -13.45124,1.89045 -0.78284,0.41897 -2.90051,0.76175 -4.70593,0.76175 -1.94527,0 -3.71758,0.52414 -4.35033,1.28655 -0.58726,0.70761 -1.56963,1.09396 -2.18304,0.85857 -2.03654,-0.78149 -1.15254,1.2034 0.96581,2.16858 1.14462,0.52152 2.08112,1.21525 2.08112,1.54163 0,0.68738 9.92387,4.66527 19.56249,7.84144 3.66277,1.20697 7.40878,2.54868 8.32447,2.98159 0.91569,0.43289 4.19326,1.72389 7.2835,2.86887 3.09025,1.14498 6.27435,2.41257 7.0758,2.81687 7.077,3.5701 9.21512,4.75884 10.93447,6.07929 1.09189,0.83857 2.403,1.52535 2.91356,1.52617 0.51057,8.2e-4 1.99284,1.68652 3.29396,3.74601 2.29102,3.62636 4.06285,4.63287 5.12635,2.91208 0.85087,-1.37675 3.06677,-0.95951 8.32447,1.56743 2.74707,1.3203 6.30578,3.00425 7.90824,3.74213 1.60246,0.73789 4.97387,2.82847 7.49202,4.64576 2.51815,1.81728 6.63876,4.14579 9.15691,5.17446 2.51815,1.02867 6.07686,2.86436 7.90824,4.07932 1.83139,1.21496 10.29234,5.65704 18.80211,9.87129 11.26835,5.58036 16.87364,8.88439 20.62971,12.16018 2.83656,2.47385 7.67395,6.24916 10.74974,8.38958 8.19556,5.70321 13.05961,11.86669 17.33043,21.96024 1.25922,2.976 2.58482,5.8076 2.9458,6.29245 0.36097,0.48486 0.71651,3.10707 0.79008,5.82713 0.12235,4.5241 -0.65211,7.4077 -3.5051,13.05063 -0.40196,0.79502 -0.73647,2.10613 -0.74336,2.91357 -0.0309,3.62128 -4.29147,12.02509 -9.74481,19.22133 -1.50114,1.9809 -2.72935,4.08899 -2.72935,4.68463 0,0.59564 -0.54333,1.53391 -1.20741,2.08504 -0.66406,0.55113 -2.38031,3.08035 -3.81388,5.6205 -1.43358,2.54015 -3.32515,5.38983 -4.20351,6.33263 -0.87835,0.94281 -1.597,1.9472 -1.597,2.232 0,0.70914 -5.40396,6.97453 -10.19747,11.82303 -2.17477,2.19971 -3.95413,4.37289 -3.95413,4.82927 0,0.45638 -0.4966,0.82978 -1.10356,0.82978 -1.50125,0 -4.08477,2.96399 -6.63249,7.60923 -4.24758,7.74457 -6.01247,9.80962 -10.196,11.93006 -3.82867,1.94056 -4.59077,2.05236 -8.69063,1.27483 -3.02601,-0.57386 -4.76863,-0.57758 -5.33484,-0.0114 -0.46247,0.46247 -1.84388,0.84087 -3.06979,0.84087 -1.22591,0 -2.65779,0.51676 -3.18196,1.14835 -0.52418,0.63158 -1.9748,1.35352 -3.22361,1.60431 -2.57254,0.5166 -6.91162,3.55134 -12.28879,8.59475 -2.01672,1.89154 -4.24105,3.65954 -4.94295,3.92889 -1.52432,0.58493 -6.2662,7.83935 -6.2662,9.58641 0,0.67554 -0.5629,1.85026 -1.2509,2.61049 -0.688,0.76022 -1.35035,2.85002 -1.4719,4.644 -0.27713,4.09047 -7.39122,15.33265 -9.7023,15.33265 -0.83745,0 -1.98897,0.5619 -2.55894,1.24867 -0.56997,0.68677 -1.38139,1.24867 -1.80316,1.24867 -0.42176,0 -1.73798,0.90049 -2.92492,2.00108 -2.09319,1.94091 -2.88119,2.39507 -8.17484,4.71158 -3.56843,1.56155 -11.0276,3.15107 -15.40026,3.28176 -6.96012,0.20801 -6.98363,0.24141 -7.26707,10.32446 -0.17952,6.38638 0.11108,10.00097 1.01906,12.67537 0.69862,2.05772 1.65148,9.42969 2.11747,16.38216 0.466,6.95247 1.02337,13.86659 1.23863,15.36472 0.34579,2.40673 1.19695,10.11062 2.53966,22.98657 0.23325,2.23675 0.96983,5.37296 1.63684,6.96935 0.66701,1.59638 1.21275,4.03075 1.21275,5.40972 0,1.37897 0.34897,3.86177 0.77549,5.51735 1.85922,7.21676 4.1704,20.1497 4.62888,25.90242 0.27367,3.43384 1.00077,8.11636 1.61578,10.40558 1.45731,5.42446 3.29516,23.97758 2.63554,26.60575 -0.28202,1.12363 -1.43995,3.04343 -2.5732,4.26621 -1.59314,1.71903 -2.58275,2.11876 -4.36336,1.76251 l -2.30291,-0.46076 0.10519,8.88654 c 0.0604,5.1018 0.83006,12.60917 1.80721,17.62723 0.93611,4.80738 1.9383,10.801 2.22707,13.31915 1.31112,11.43282 4.21795,17.48137 8.40131,17.48137 3.24424,0 7.70901,2.41093 9.22859,4.98344 0.81503,1.3797 1.77101,2.50858 2.12439,2.50858 1.34767,0 4.92919,6.86868 4.70349,9.02031 -0.128,1.22028 0.0407,2.66108 0.37487,3.20184 0.64333,1.04089 -2.32894,3.59433 -4.18395,3.59433 -1.61929,0 -1.27273,2.87336 0.77239,6.40385 1.00971,1.74314 2.03986,3.35659 2.28923,3.58551 0.24937,0.22892 1.38989,2.25701 2.53451,4.50678 3.06959,6.03349 4.36004,8.34661 4.9164,8.81237 0.27344,0.22892 1.02473,1.44005 1.66953,2.69138 0.64481,1.25133 1.86167,3.01504 2.70413,3.91932 0.84246,0.90429 1.53174,2.0385 1.53174,2.52048 0,0.48199 0.71363,2.4643 1.58585,4.40515 1.77909,3.95878 1.8605,4.75018 1.23485,12.00512 -0.75539,8.75942 0.37107,8.50361 -40.06114,9.09856 l -25.16997,0.37044 z m 38.55559,-18.29526 c 1.35692,-2.00778 -0.32143,-7.66974 -4.78496,-16.14205 -2.48834,-4.72322 -5.81175,-10.45928 -7.38537,-12.74692 -1.57362,-2.28765 -3.00633,-4.59502 -3.18381,-5.12746 -0.2724,-0.81713 -5.72326,0.46701 -13.14481,3.09687 -0.22892,0.0807 -1.25908,0.42172 -2.28923,0.75694 -1.10526,0.35962 -1.873,1.28397 -1.873,2.25519 0,0.94557 -0.70824,1.83088 -1.6649,2.08111 -2.69275,0.70417 -1.96058,2.5522 3.12168,7.87927 2.63261,2.75948 6.16269,6.46337 7.84463,8.2309 6.51673,6.84829 11.37806,10.64783 13.06046,10.20788 0.90384,-0.23633 2.32944,-0.015 3.168,0.49106 1.79647,1.08484 6.13832,0.48656 7.13131,-0.98279 z M 117.91801,945.65755 c 2.70239,-0.46309 5.51189,-1.14986 6.24335,-1.52621 0.73144,-0.37635 2.76193,-0.94291 4.51218,-1.25908 1.75025,-0.31624 4.37246,-1.30061 5.82713,-2.18758 1.45466,-0.88698 3.28033,-1.61412 4.05703,-1.61587 0.7767,0 3.67986,-1.33216 6.45146,-2.95651 4.83754,-2.83523 6.2137,-4.4302 3.99872,-4.63456 -0.57231,-0.0525 -1.41516,-0.16416 -1.87301,-0.24741 -4.23136,-0.76918 -9.21897,-1.34656 -13.73536,-1.59014 l -5.41091,-0.29185 -4.99467,4.12186 c -7.31574,6.03723 -13.73537,12.22148 -13.73537,13.23173 0,0.52086 0.76742,0.66022 1.873,0.33997 1.03016,-0.29834 4.08405,-0.92135 6.78645,-1.38435 z M 308.81486,926.4769 c 0.67814,-0.67811 0.68738,-1.4771 0.0336,-2.91182 -0.65806,-1.44429 -0.62537,-3.20858 0.12126,-6.54494 0.5622,-2.51216 0.81773,-4.89837 0.56784,-5.30277 -0.24989,-0.40432 -0.6176,-2.93854 -0.81713,-5.6315 -0.52495,-7.0853 -3.79125,-34.93546 -4.49391,-38.31738 -0.32863,-1.58167 -0.88137,-2.89288 -1.22832,-2.91378 -0.34695,-0.0209 -2.87316,0.22224 -5.61383,0.54033 l -4.98301,0.57834 0.52788,4.7051 c 0.29033,2.5878 0.92603,5.4543 1.41267,6.36999 0.48664,0.91569 1.20011,4.0998 1.5855,7.0758 0.38539,2.97599 0.81003,5.9728 0.94364,6.65957 1.12063,5.75975 2.52067,12.10983 3.67069,16.64893 0.754,2.97599 1.40212,5.5982 1.44026,5.82712 0.0381,0.22893 0.34617,2.28923 0.68449,4.57846 1.29237,8.74477 1.2931,8.74618 4.75592,9.47657 0.25182,0.0533 0.8784,-0.32399 1.39241,-0.83802 z M 164.29494,910.13822 c 0.0522,-0.34339 0.21958,-1.74814 0.37195,-3.12168 0.72695,-6.55335 2.42785,-14.54891 4.33859,-20.39493 0.22447,-0.68677 0.54182,-2.26784 0.70522,-3.51348 0.1634,-1.24564 0.71264,-3.86784 1.22052,-5.82712 0.5079,-1.95928 1.40811,-6.93373 2.00049,-11.05434 0.59239,-4.12061 1.33952,-9.21798 1.66031,-11.32748 l 0.58327,-3.83546 -3.1984,-0.53444 c -1.75912,-0.29395 -4.04126,-0.76564 -5.07141,-1.0482 -1.58808,-0.4356 -1.87301,-0.18987 -1.87301,1.61532 0,1.17099 -0.34578,2.34278 -0.76839,2.60398 -0.42263,0.26119 -1.00873,1.68805 -1.30247,3.1708 -0.29372,1.48275 -1.05426,4.38161 -1.69006,6.44191 -3.96698,12.85487 -5.44054,18.33147 -5.82351,21.64361 -0.76178,6.58824 -0.97091,7.88201 -1.48019,9.15691 -2.15112,5.38494 -3.94932,13.62224 -3.14856,14.42297 1.41891,1.41891 13.28895,2.82974 13.47565,1.60163 z m 131.85962,-65.03425 c 7.96649,-2.99469 11.82196,-4.94657 12.31654,-6.23543 0.27401,-0.71405 -0.0445,-3.90105 -0.7078,-7.08223 -0.6633,-3.18118 -1.39085,-8.53342 -1.61679,-11.89387 -0.43524,-6.47332 -2.35628,-20.80476 -3.72019,-27.75351 -0.44934,-2.28923 -1.03612,-5.84794 -1.30395,-7.90824 -0.26783,-2.06031 -0.84674,-5.05712 -1.28647,-6.65958 -0.43972,-1.60245 -1.17017,-7.40877 -1.62321,-12.90292 -1.71197,-20.76149 -2.54065,-26.53002 -4.19594,-29.20834 -1.29335,-2.09268 -1.61996,-4.14389 -1.61996,-10.17388 0,-4.62687 -0.35722,-7.77352 -0.92212,-8.12265 -1.14724,-0.70903 -0.41931,-5.7443 1.34036,-9.27164 0.91324,-1.83062 1.16658,-4.09103 0.88088,-7.85934 -0.22058,-2.90931 -0.45728,-5.47695 -0.52601,-5.70587 -0.0688,-0.22893 -0.0667,-1.18295 0.005,-2.12005 0.0713,-0.93711 -1.8087,-4.29676 -4.17768,-7.46589 -4.60485,-6.16021 -7.74967,-12.49998 -7.074,-14.26074 0.22763,-0.5932 -0.0709,-1.56333 -0.66344,-2.15586 -1.37001,-1.37 -2.5454,-14.46433 -1.36391,-15.19453 0.46549,-0.28793 0.84667,-1.25061 0.84667,-2.13928 0,-0.88867 0.41468,-1.61577 0.92151,-1.61577 0.51881,0 0.68838,-0.60752 0.38803,-1.39022 -0.29341,-0.76463 -0.14171,-1.63236 0.33713,-1.9283 0.6006,-0.37119 0.57411,-1.42452 -0.0854,-3.39634 -1.31087,-3.91913 -2.2785,-4.81847 -3.49029,-3.24393 -0.54149,0.70358 -2.16615,2.10833 -3.61037,3.12168 -2.26078,1.58629 -3.70743,1.84038 -10.40558,1.82764 -13.33495,-0.0253 -21.93556,-1.25614 -25.03959,-3.58331 -3.85874,-2.89299 -11.08614,-4.74377 -23.24362,-5.9522 -7.67135,-0.7625 -11.63162,-1.57125 -14.56782,-2.97494 -2.21782,-1.06027 -4.21971,-2.17524 -4.44863,-2.47773 -0.59783,-0.78992 -8.29402,-3.61879 -8.71095,-3.20185 -0.46259,0.46259 -2.98563,24.63425 -3.29047,31.52397 -0.13167,2.976 -0.82603,7.84581 -1.54302,10.8218 -1.70927,7.09464 -3.76963,20.97585 -3.89209,26.22207 -0.0534,2.28923 -0.86556,10.15585 -1.8047,17.48137 -3.91588,30.54471 -4.35279,33.20265 -6.91005,42.03855 -0.7288,2.51815 -2.10256,8.88637 -3.05282,14.15159 -0.95025,5.26523 -2.07873,11.44614 -2.50773,13.73537 -0.42901,2.28923 -1.36435,7.53364 -2.07855,11.65425 -0.7142,4.12061 -1.44405,8.24122 -1.6219,9.15691 -0.17786,0.91569 -0.71751,4.4744 -1.19924,7.90824 -0.48172,3.43385 -1.25656,8.60058 -1.72186,11.48162 -0.95752,5.92874 -0.67759,6.83221 2.11689,6.83221 1.08779,0 2.92924,0.36174 4.09213,0.80387 2.79269,1.06177 15.16091,2.59436 16.5708,2.05333 0.60844,-0.23348 1.69675,-2.56392 2.41849,-5.17875 0.72173,-2.61484 1.93238,-7.00185 2.69034,-9.74893 0.75795,-2.74707 1.55227,-6.30578 1.76515,-7.90824 0.21287,-1.60246 0.7398,-3.85006 1.17094,-4.99468 0.89041,-2.36395 1.93201,-8.18028 3.7269,-20.81116 0.68314,-4.80738 1.39429,-9.48989 1.58032,-10.40558 0.59646,-2.93592 2.20693,-13.21077 2.60953,-16.64893 0.39036,-3.33355 1.3303,-7.36704 6.78957,-29.13563 1.6075,-6.40984 3.43441,-13.71455 4.05978,-16.23271 1.36778,-5.50746 3.93099,-23.55772 3.84186,-27.05451 -0.0688,-2.6995 1.18405,-10.70652 2.40966,-15.40026 0.53204,-2.03754 1.49492,-3.23706 3.20243,-3.98949 3.73192,-1.6445 6.42821,-0.4715 10.29406,4.4783 2.60263,3.33239 4.58964,4.90703 7.87448,6.24025 4.79314,1.94539 12.94278,9.0769 16.56245,14.4933 2.3422,3.50483 5.01943,14.28573 5.78946,23.31353 0.23432,2.74707 0.76039,5.93118 1.16906,7.0758 0.40868,1.14461 0.9609,5.82712 1.22719,10.40558 0.53741,9.24015 1.50687,16.65791 2.83128,21.66335 1.56395,5.91075 5.02171,20.71513 5.53661,23.70498 0.27597,1.60246 0.84404,4.78657 1.26238,7.0758 0.41835,2.28922 1.50656,9.59394 2.41827,16.2327 0.9117,6.63876 2.04244,13.56888 2.51275,15.40026 0.47032,1.83139 1.07825,4.82819 1.35097,6.65958 0.27271,1.83138 0.84554,5.57739 1.27296,8.32446 0.42741,2.74707 1.01465,6.68038 1.30496,8.74069 0.29033,2.0603 1.04675,4.77616 1.68094,6.03524 1.05646,2.09742 1.5533,2.28922 5.93001,2.28922 2.63882,0 6.63467,-0.69834 8.92743,-1.5602 z m 14.98067,-169.93735 c 0.28758,-0.46531 0.78777,-0.68231 1.11154,-0.48221 0.97286,0.60126 9.86111,-1.7277 13.65271,-3.57737 4.98827,-2.43345 8.46615,-5.72486 10.64945,-10.07843 1.03323,-2.06031 1.82321,-3.83966 1.75551,-3.95413 -0.90369,-1.52791 0.46764,-4.86423 3.2067,-7.80161 1.83138,-1.96397 3.32978,-3.90924 3.32978,-4.32281 0,-0.41357 0.73241,-1.55395 1.62758,-2.53417 0.89517,-0.98022 2.87645,-3.46213 4.40286,-5.51533 3.59518,-4.83597 10.55422,-9.73159 21.4403,-15.08303 4.80738,-2.36324 9.39115,-4.62175 10.18617,-5.01891 0.79502,-0.39717 2.10612,-0.73857 2.91356,-0.75866 2.84927,-0.0709 7.8876,-2.34187 9.12955,-4.11501 0.69155,-0.98732 1.92712,-2.04918 2.74572,-2.35969 1.96633,-0.74587 13.72095,-12.0944 22.05823,-21.2962 3.66276,-4.04256 7.12782,-7.84143 7.70013,-8.44193 0.5723,-0.60049 1.04055,-1.46195 1.04055,-1.91434 0,-0.4524 0.28843,-0.9474 0.64096,-1.10002 0.96438,-0.41751 6.76862,-9.45002 8.06316,-12.54785 0.6237,-1.49252 1.86358,-3.65017 2.75529,-4.79479 4.29619,-5.5147 7.0945,-14.8418 5.94926,-19.82964 -0.38677,-1.68445 -0.94429,-5.12294 -1.23894,-7.64109 -0.29465,-2.51815 -0.58832,-4.59919 -0.6526,-4.62454 -0.44394,-0.17508 -10.05988,-8.43064 -12.49592,-10.72811 -2.89853,-2.73367 -5.04206,-3.89975 -17.58902,-9.56839 -3.20492,-1.44796 -7.13823,-3.33337 -8.74069,-4.18979 -14.86097,-7.94234 -20.82458,-11.04372 -23.3085,-12.12161 -1.60246,-0.69538 -3.56403,-1.62948 -4.35905,-2.07578 -0.79502,-0.44629 -2.04832,-0.81145 -2.78512,-0.81145 -0.7368,0 -2.43301,-0.64587 -3.76936,-1.43527 -2.40271,-1.41931 -2.45493,-1.40809 -4.69612,1.00894 -1.24653,1.34431 -3.91795,4.68767 -5.93651,7.42968 -2.01855,2.74201 -4.55195,5.93652 -5.62978,7.09891 -1.07783,1.16239 -1.95969,2.57101 -1.95969,3.13025 0,0.55925 1.96666,1.59857 4.37035,2.30962 4.67101,1.38173 12.98594,5.27325 14.3597,6.72055 1.51226,1.59322 8.59404,7.03518 9.15508,7.03518 0.30273,0 3.32855,2.90316 6.72404,6.45146 4.61599,4.82374 7.12178,8.37149 9.93164,14.06146 2.06691,4.18549 3.54049,8.17684 3.27463,8.86967 -0.26586,0.69282 0.0776,3.63655 0.76324,6.5416 2.58095,10.93537 2.26959,13.21531 -2.48822,18.21993 -1.54178,1.62177 -2.80324,3.33182 -2.80324,3.80012 0,2.29974 -17.51174,17.10988 -23.28442,19.69225 -3.51283,1.57143 -4.52196,2.56961 -6.46375,6.39359 -1.26556,2.4923 -2.91679,4.90019 -3.66939,5.35088 -2.1888,1.31074 -10.76397,-0.38323 -11.87007,-2.34486 -0.50223,-0.8907 -1.5687,-2.36609 -2.36993,-3.27864 -0.80123,-0.91256 -1.45678,-2.12921 -1.45678,-2.70369 0,-0.57447 -0.68976,-1.53399 -1.53279,-2.13226 -1.93023,-1.36981 -3.59924,-4.46215 -3.41282,-6.32325 0.41646,-4.15759 -0.21004,-6.99595 -1.92208,-8.70799 -1.03015,-1.03015 -1.78894,-2.12517 -1.6862,-2.4334 0.10273,-0.30821 -1.42029,-1.33836 -3.3845,-2.28922 -4.81609,-2.33143 -16.06367,-2.48154 -18.49706,-0.24687 -0.88756,0.81509 -3.02173,2.54771 -4.74259,3.85028 -1.72086,1.30258 -3.8833,3.91344 -4.80541,5.80194 -2.6266,5.37931 -3.67069,6.94701 -5.85138,8.78583 l -2.03085,1.71247 2.71859,2.5029 c 1.49521,1.37659 3.55552,2.52089 4.57845,2.54288 4.08908,0.0879 7.61294,2.83901 11.94352,9.32436 4.14435,6.20646 4.27547,6.57691 3.46212,9.78125 -0.46494,1.83175 -1.32161,3.33047 -1.90371,3.33047 -0.58209,0 -1.27397,0.5619 -1.53751,1.24867 -0.61614,1.60563 -5.46856,1.64286 -9.23094,0.0708 -1.55041,-0.64781 -2.98483,-1.01193 -3.1876,-0.80917 -0.20277,0.20277 -1.30956,0.0109 -2.45954,-0.42628 -1.42821,-0.543 -2.38819,-0.49762 -3.02901,0.14321 -1.03995,1.03995 -1.26145,4.16661 -0.35909,5.06897 0.31849,0.31848 0.65796,1.11661 0.75438,1.77362 0.0964,0.657 0.90082,2.2382 1.78752,3.51379 4.18127,6.01503 6.45067,12.24282 6.58398,18.06797 0.12125,5.29867 -0.0568,5.94791 -2.2252,8.11636 -1.29634,1.29635 -3.08306,2.35699 -3.97048,2.35699 -2.30312,0 -1.48319,3.46713 1.43478,6.06705 3.34791,2.98299 6.13608,3.85985 7.13483,2.24384 z M 161.95097,658.32315 c 1.91754,-1.42631 3.28417,-13.57142 1.67719,-14.90509 -0.60117,-0.49893 -1.09302,-1.30902 -1.09302,-1.80022 0,-0.49119 -0.88801,-1.85008 -1.97335,-3.01974 -1.08534,-1.16967 -2.77723,-4.82736 -3.75974,-8.12822 -0.98252,-3.30086 -2.25746,-6.29767 -2.83321,-6.65957 -1.49637,-0.94061 -4.13021,-5.16387 -5.34237,-8.56626 -0.86942,-2.44038 -0.82211,-3.48228 0.29129,-6.41535 1.21274,-3.19477 1.64179,-3.54865 4.89378,-4.03631 4.68701,-0.70286 5.89344,-0.22385 10.621,4.21704 3.98411,3.74253 6.17644,4.78932 5.31188,2.53631 -0.25347,-0.66054 -0.0933,-2.43989 0.35588,-3.95412 1.30842,-4.41056 4.92153,-22.92243 4.92153,-25.21554 0,-2.22975 -2.60477,-5.42457 -4.42271,-5.42457 -0.60111,0 -2.1696,1.1238 -3.48553,2.49734 -1.31593,1.37354 -3.11338,2.49734 -3.99434,2.49734 -2.77488,0 -9.36008,-6.25436 -10.93944,-10.38984 -0.79414,-2.07941 -2.16047,-4.16426 -3.0363,-4.63299 -0.87583,-0.46873 -1.59241,-1.34516 -1.59241,-1.94763 0,-1.32163 -3.84552,-8.72715 -5.48659,-10.56582 -0.64515,-0.72282 -1.17298,-1.6949 -1.17298,-2.16017 0,-0.46528 -1.45026,-3.08979 -3.2228,-5.83225 -3.46702,-5.36415 -15.92347,-30.42879 -15.92347,-32.04092 0,-0.53687 -0.51064,-1.56752 -1.13475,-2.29034 -0.6241,-0.72282 -1.81241,-3.18722 -2.64068,-5.47645 -0.82827,-2.28923 -1.83018,-4.59227 -2.22648,-5.11786 -0.83751,-1.11075 -1.34885,-3.31468 -2.05403,-8.85318 -0.43541,-3.4197 -0.23467,-4.27152 1.42225,-6.03524 1.06107,-1.12945 2.42582,-2.05355 3.03278,-2.05355 0.60696,0 1.81462,-0.71106 2.68369,-1.58013 0.86907,-0.86906 3.39762,-2.62495 5.61902,-3.90196 2.22139,-1.27701 5.20287,-3.28181 6.62551,-4.45511 5.01683,-4.13754 5.84333,-4.66513 13.12236,-8.37662 5.1089,-2.60498 7.59938,-4.37992 8.17621,-5.82713 1.05326,-2.64252 4.15393,-19.89108 3.82927,-21.30163 -0.18211,-0.79119 -1.69158,-0.55051 -5.9706,0.95204 -3.14979,1.10602 -6.20033,2.40388 -6.779,2.88413 -0.57867,0.48025 -2.18496,1.01655 -3.56955,1.19178 -1.38458,0.17522 -4.28161,1.09898 -6.43785,2.05279 -2.15624,0.95381 -4.59991,1.73419 -5.43038,1.73419 -0.83047,0 -1.74146,0.3746 -2.02443,0.83245 -0.28296,0.45784 -1.20559,0.83245 -2.05027,0.83245 -0.84468,0 -3.85537,1.3111 -6.69041,2.91356 -2.83504,1.60246 -5.46648,2.91356 -5.84764,2.91356 -0.38116,0 -1.18802,0.48246 -1.79303,1.07214 -0.60501,0.58968 -2.50409,1.73073 -4.22017,2.53568 -1.71608,0.80493 -4.02337,2.28912 -5.12731,3.29819 -1.10395,1.00908 -3.181512,2.77118 -4.616811,3.9158 -3.900067,3.1102 -8.489279,8.02858 -11.10746,11.90416 -2.105206,3.11625 -2.313118,4.06859 -2.171453,9.94628 0.08617,3.57503 0.478267,6.69882 0.871338,6.94175 0.393069,0.24293 0.714672,1.05262 0.714672,1.7993 0,1.43596 4.772268,9.89114 10.116495,17.92371 1.760748,2.64647 3.7557,6.13849 4.433229,7.76003 0.67753,1.62156 1.57335,2.73725 1.9907,2.4793 1.1711,-0.72377 3.59074,3.55211 3.02276,5.34167 -0.28589,0.90076 0.37931,3.49374 1.53854,5.9973 1.12319,2.42575 2.31433,5.34696 2.64696,6.49157 0.73596,2.53248 4.14093,8.58423 6.94189,12.33799 1.46653,1.96541 2.53343,2.64185 3.68979,2.33946 2.15004,-0.56225 5.23211,1.53252 6.3497,4.31564 0.49345,1.22886 1.64116,3.3581 2.55045,4.73164 0.90929,1.37353 1.89518,3.05924 2.19086,3.74601 2.79238,6.48576 3.5556,8.52899 4.08315,10.93089 0.33584,1.52903 1.17413,3.64009 1.86287,4.69125 0.68874,1.05115 1.05458,2.10887 0.81297,2.35048 -0.24161,0.24161 0.30355,2.38387 1.21146,4.76058 4.39715,11.51081 4.73519,16.81997 1.24976,19.62844 -0.91587,0.73799 -2.41339,2.05262 -3.32782,2.9214 -1.42745,1.35617 -2.03626,1.44448 -4.30435,0.62433 -3.55435,-1.28527 -5.86042,-1.20258 -7.06883,0.25346 -2.21717,2.67152 2.40594,8.78064 6.6448,8.78064 2.55281,0 9.67332,4.11932 11.0529,6.39427 0.36614,0.60375 1.04844,1.09774 1.51624,1.09774 1.26517,0 2.75529,1.70829 6.3743,7.30761 3.81284,5.8992 5.49304,11.21321 5.04173,15.94561 -0.3022,3.1688 -0.18532,3.38507 1.8293,3.38507 1.18367,0 2.78164,-0.46825 3.55106,-1.04056 z m 104.73376,-40.48442 c 2.11189,-1.01095 6.2325,-2.10866 9.15692,-2.43934 l 5.31711,-0.60124 -0.1724,-3.67211 c -0.1258,-2.67972 -0.99074,-4.86031 -3.20045,-8.06872 l -3.02806,-4.39661 1.77935,-5.34697 c 0.97865,-2.94083 2.47882,-5.97997 3.33371,-6.75363 0.85489,-0.77366 1.78247,-2.3156 2.0613,-3.42652 0.27882,-1.11092 0.87441,-2.01985 1.32353,-2.01985 0.44912,0 0.81659,-0.51821 0.81659,-1.15158 0,-0.63337 0.65555,-1.32389 1.45678,-1.53449 0.80123,-0.2106 2.35259,-2.22094 3.44747,-4.46743 1.09487,-2.24649 2.66198,-4.83373 3.48245,-5.74942 0.82046,-0.91569 1.88203,-2.69504 2.35905,-3.95412 0.5906,-1.55892 1.47139,-2.29641 2.7609,-2.31175 1.04148,-0.0124 3.31989,-1.34826 5.06311,-2.9686 l 3.16951,-2.94608 -1.38826,-3.6351 c -1.22268,-3.20155 -1.27561,-4.78879 -0.44376,-13.30791 0.71971,-7.37074 0.71019,-10.45484 -0.04,-12.95878 -0.54145,-1.8073 -1.24674,-3.28599 -1.5673,-3.28599 -1.38503,0 -6.55294,-9.21889 -7.05876,-12.59194 -0.44631,-2.97621 -0.22951,-4.07381 1.15146,-5.82942 2.15921,-2.745 7.45902,-3.6266 12.16456,-2.02354 7.31541,2.49219 12.38276,3.79597 14.75365,3.79597 2.16444,0 2.43205,-0.24619 2.03595,-1.87301 -0.59157,-2.42968 0.50222,-4.30312 6.2669,-10.7339 6.70811,-7.48324 13.99214,-16.747 13.9609,-17.75535 -0.12615,-4.07145 -11.49229,-10.02064 -32.59234,-17.05926 -7.01224,-2.33916 -13.49873,-4.59166 -14.41442,-5.00556 -2.03915,-0.9217 -7.23093,-2.06798 -8.20398,-1.81132 -0.39157,0.10329 -1.21653,-0.23097 -1.83325,-0.7428 -0.61671,-0.51183 -2.07647,-1.03545 -3.24392,-1.1636 -2.31465,-0.25409 -4.10314,1.1749 -8.77868,7.01412 -1.60246,2.00129 -3.47547,4.23879 -4.16223,4.97221 -2.49257,2.66189 -5.88798,8.45942 -6.37212,10.8801 -0.27256,1.36282 -0.82334,2.47785 -1.22396,2.47785 -0.40061,0 -0.63474,0.29738 -0.52028,0.66084 0.11446,0.36347 -0.54109,2.22899 -1.45678,4.14561 -2.45354,5.13548 -8.77473,7.48124 -12.71769,4.71948 -1.01757,-0.71273 -1.85012,-1.091 -1.85012,-0.84059 0,0.2504 -0.74921,-0.18621 -1.6649,-0.97025 -0.91569,-0.78404 -1.66489,-2.00813 -1.66489,-2.72019 0,-0.71207 -0.59193,-2.13977 -1.3154,-3.17266 -2.69573,-3.84871 -4.61411,-12.6825 -4.04812,-18.64093 0.4274,-4.49935 0.18165,-6.62777 -1.2683,-10.98488 -2.42534,-7.28814 -4.38163,-9.65653 -7.97629,-9.65653 -1.55817,0 -4.05954,0.74781 -5.5586,1.66178 -1.62143,0.98859 -4.24309,1.6749 -6.47158,1.69414 -2.0603,0.0178 -6.07246,0.53158 -8.9159,1.14173 -4.28906,0.92036 -6.3456,0.92286 -12.07047,0.0147 -6.00476,-0.9526 -7.17862,-1.42461 -9.04233,-3.63595 -1.50415,-1.78473 -2.87953,-2.54125 -4.62008,-2.54125 -1.36308,0 -2.92785,-0.44953 -3.47727,-0.99894 -0.54941,-0.54942 -0.99893,-0.69402 -0.99893,-0.32135 0,0.37268 -0.96329,6.34756 -2.14063,13.27752 -2.22384,13.08971 -2.23997,16.16743 -0.11399,21.75685 1.39476,3.66698 -0.16497,3.09585 17.23865,6.31234 2.51815,0.4654 6.47307,1.74096 8.78869,2.83458 3.6732,1.73476 4.76157,2.89062 8.53258,9.06165 4.51444,7.38761 5.65337,12.31928 3.07367,13.30921 -0.68677,0.26354 -1.24867,1.00737 -1.24867,1.65295 0,0.6456 -1.05149,1.60936 -2.33666,2.14169 -2.38521,0.98798 -3.28036,3.02716 -6.42418,14.63437 -0.62003,2.28923 -1.54006,5.66063 -2.0445,7.49202 -0.50443,1.83138 -1.63723,6.88849 -2.51733,11.23802 -0.8801,4.34954 -2.00949,9.78125 -2.50975,12.07048 -2.52124,11.53735 -2.57859,12.24821 -1.11825,13.86186 0.76572,0.84612 1.80625,1.5384 2.31228,1.5384 1.27333,0 5.07961,3.64126 6.7342,6.44224 1.56329,2.64645 4.96893,5.03542 10.40153,7.29641 3.04859,1.26878 6.30323,1.60058 17.48138,1.78217 13.2468,0.21521 27.1053,0.85477 30.21945,1.39462 0.82502,0.14302 2.41707,1.24902 3.5379,2.45777 2.48645,2.68153 2.67416,6.6074 0.41649,8.71074 -1.14231,1.06424 -1.39203,1.87316 -0.84519,2.73788 1.56029,2.46731 0.85871,5.87683 -1.74507,8.48061 -2.43219,2.4322 -2.77088,2.52331 -7.5304,2.02584 -2.74101,-0.2865 -5.69096,-0.89944 -6.55545,-1.3621 -0.86448,-0.46264 -5.92622,-0.84118 -11.24831,-0.84118 -10.77091,0 -20.36161,-1.12369 -24.14702,-2.82919 -1.37354,-0.61883 -4.18304,-1.89099 -6.24335,-2.82702 -6.5303,-2.96681 -10.82813,-4.60466 -11.16618,-4.25529 -0.18007,0.1861 -0.59344,2.48773 -0.9186,5.11474 -0.52105,4.20957 -0.4071,4.84476 0.96022,5.35263 0.85329,0.31693 2.91382,1.46707 4.57897,2.55585 2.30026,1.50407 5.2998,2.26389 12.48669,3.16303 14.96803,1.87263 20.694,3.49298 28.18921,7.97704 0.68677,0.41087 5.36928,0.61728 10.40558,0.4587 7.32172,-0.23055 9.92647,-0.65672 12.9967,-2.12645 z m 97.06017,-41.15866 c 3.71057,-1.35743 13.88501,-10.78443 16.55295,-15.33693 1.88786,-3.2214 2.14481,-4.42232 1.75476,-8.20152 -0.47196,-4.57285 -0.87807,-5.32704 -5.26091,-9.77011 -5.73848,-5.81735 -11.8116,-10.24492 -16.55052,-12.06606 -2.74707,-1.05568 -6.27828,-2.48069 -7.84712,-3.16671 -1.56885,-0.68601 -4.56566,-1.4448 -6.65957,-1.68621 -3.44736,-0.39744 -4.03818,-0.19542 -6.2521,2.13775 -2.64098,2.78324 -4.89555,3.15109 -10.85081,1.77036 -1.81852,-0.42161 -3.46294,-0.61005 -3.65425,-0.41874 -0.88721,0.88721 -0.55843,21.96862 0.36225,23.22773 0.54032,0.73893 3.0518,1.88252 5.58107,2.54131 2.52927,0.65879 6.04049,2.0007 7.8027,2.98202 2.72464,1.51727 10.81964,8.70818 15.05926,13.37738 0.68028,0.7492 2.11377,2.34126 3.18554,3.5379 2.14628,2.39633 2.85137,2.50785 6.77675,1.07183 z M 165.86492,554.31281 c 1.60246,-1.00172 4.59927,-2.03047 6.65957,-2.28611 l 3.74601,-0.46481 0.52442,-4.16223 c 0.28843,-2.28923 0.78082,-5.09874 1.09419,-6.24335 0.31338,-1.14461 0.68139,-3.01762 0.81781,-4.16223 0.13642,-1.14462 0.65644,-3.57952 1.1556,-5.4109 1.42621,-5.23265 3.48235,-15.63412 3.4831,-17.62012 3.7e-4,-0.992 0.28347,-1.9285 0.6291,-2.08112 1.12425,-0.49641 3.34056,-13.31662 2.34987,-13.59285 -0.49345,-0.13757 -4.58072,-0.90527 -9.08282,-1.70599 -5.9981,-1.06678 -8.44311,-1.86811 -9.14905,-2.99849 -0.52987,-0.84846 -1.73029,-1.54264 -2.6676,-1.54264 -0.93731,0 -3.00116,-1.10858 -4.58632,-2.46351 -1.58517,-1.35493 -3.47893,-2.47874 -4.20835,-2.49734 -1.4824,-0.0378 -11.71985,7.33802 -16.58886,11.95189 -1.74027,1.64907 -3.78461,2.99831 -4.54298,2.99831 -0.91448,0 -1.24071,0.49062 -0.96867,1.45679 0.22559,0.80123 0.6552,2.67423 0.95468,4.16223 0.29948,1.488 0.84765,2.70545 1.21817,2.70545 0.37051,0 0.92332,1.33079 1.22846,2.95732 0.30514,1.62651 1.09603,3.165 1.75753,3.41885 0.66151,0.25383 1.20275,1.49938 1.20275,2.76787 0,1.2685 0.5619,2.77269 1.24867,3.34266 0.68676,0.56996 1.24867,1.66472 1.24867,2.43277 0,0.76807 0.33186,1.75235 0.73746,2.18731 0.40561,0.43495 2.71129,4.53683 5.12376,9.11528 4.93194,9.36005 7.32696,12.90292 8.72247,12.90292 0.91429,0 2.23117,2.13288 3.2123,5.2028 0.59987,1.877 1.15461,1.83306 4.68006,-0.37076 z m 95.81135,-116.19803 2.16111,-3.0954 -1.63192,-3.68383 c -1.58705,-3.58256 -1.59302,-3.91441 -0.21699,-12.07048 0.7782,-4.61265 1.61594,-9.64475 1.86165,-11.18242 l 0.44673,-2.79579 -3.63951,0.62949 c -4.24629,0.73445 -4.9394,0.83796 -13.21266,1.97301 -3.43384,0.47111 -7.99746,0.86812 -10.14137,0.88225 -3.23109,0.0213 -3.99408,0.32834 -4.45943,1.79453 -0.35533,1.11955 -0.14676,2.0014 0.56824,2.40245 3.20658,1.79862 8.24797,6.6624 10.34476,9.98032 1.30203,2.0603 2.62913,3.93359 2.9491,4.16286 0.89075,0.63826 6.56583,9.03528 6.56583,9.71499 0,1.19656 4.37848,5.13273 5.29836,4.76312 0.51975,-0.20883 1.91748,-1.77263 3.1061,-3.4751 z M 457.2212,399.34443 c 14.69948,-3.16875 17.83402,-3.98529 21.21988,-5.52773 2.0142,-0.91757 4.02611,-1.66831 4.47092,-1.66831 1.36807,0 1.5215,-1.84981 0.41887,-5.05021 -0.86964,-2.52414 -10.30117,-13.26362 -11.64826,-13.26362 -0.96058,0 -8.08848,-8.20998 -9.50983,-10.95352 -5.08677,-9.8186 -1.57817,-19.02192 7.24734,-19.01035 3.63159,0.005 10.42789,4.55063 12.71368,8.50387 3.11206,5.3823 10.64859,8.15671 18.82608,6.93042 3.36399,-0.50447 4.62139,-1.32876 9.36229,-6.13761 6.13166,-6.21951 16.60055,-21.52473 15.47125,-22.61852 -0.40031,-0.38772 -3.16273,-1.32936 -6.13873,-2.09253 -2.97599,-0.76318 -5.7855,-1.69331 -6.24335,-2.06694 -0.45784,-0.37364 -3.08005,-1.32119 -5.82712,-2.10567 -2.74708,-0.78448 -8.0566,-2.87723 -11.79893,-4.65054 -5.3976,-2.55767 -7.29876,-3.95698 -9.19624,-6.76871 -3.2092,-4.75547 -3.74279,-6.17774 -4.08754,-10.89533 -0.32178,-4.40315 0.4685,-6.4534 3.82289,-9.91801 2.07658,-2.14482 2.74469,-2.30701 10.90352,-2.647 6.44849,-0.26871 10.11199,-0.88327 14.19622,-2.38143 8.19029,-3.00433 10.72789,-4.23507 10.72789,-5.20303 0,-0.47951 -2.60502,-1.48319 -5.78895,-2.23041 -3.18391,-0.74722 -6.71918,-1.85551 -7.85614,-2.46287 -1.13695,-0.60735 -7.15864,-3.72648 -13.38153,-6.9314 -12.3987,-6.38561 -20.69186,-13.15955 -29.04554,-23.72473 -2.35307,-2.976 -5.04391,-6.1931 -5.97964,-7.14912 -2.59548,-2.65175 -10.20467,-18.62991 -10.86694,-22.81895 -0.10858,-0.68677 -0.63339,-3.12168 -1.16624,-5.41091 -1.20506,-5.17708 -1.75454,-36.45442 -0.82243,-46.81361 0.84475,-9.38826 0.12968,-12.33465 -4.13728,-17.04717 -6.20476,-6.85267 -7.72469,-8.57449 -9.09546,-10.30359 -0.75935,-0.95785 -2.88751,-2.69279 -4.72924,-3.85542 -4.68051,-2.95468 -8.23794,-7.26419 -9.90996,-12.00502 -0.78398,-2.2229 -1.9167,-4.97814 -2.51716,-6.12276 -3.86319,-7.36416 -34.76847,-14.55411 -65.56359,-15.253023 -12.59691,-0.285893 -17.7636,0.409773 -29.75951,4.006943 -2.51815,0.75511 -5.99587,1.72612 -7.72826,2.15779 -1.73239,0.43167 -3.7927,1.1346 -4.57845,1.56206 -3.51776,1.9137 -10.37658,5.0289 -11.07228,5.0289 -0.42138,0 -4.72217,1.93737 -9.55733,4.30527 -5.91215,2.89533 -9.17734,5.00813 -9.97031,6.45146 -1.97462,3.59414 -4.21268,5.77762 -6.5141,6.35523 -4.76282,1.1954 -2.01811,2.19099 8.71404,3.16086 2.10605,0.19032 4.54096,0.72269 5.4109,1.18303 1.40815,0.74514 13.03601,3.08043 19.99885,4.01648 1.43036,0.1923 4.80177,1.11977 7.49202,2.06106 9.18773,3.2147 20.92312,5.80783 26.11874,5.77137 2.06031,-0.0145 4.83539,-0.0115 6.16686,0.007 2.51537,0.0342 8.98375,-1.79933 13.52144,-3.83272 3.67342,-1.64609 7.23264,-1.46605 11.78223,0.59601 4.22533,1.91509 5.12468,2.81573 5.14438,5.15176 0.007,0.83178 0.98693,2.78955 2.1776,4.35061 1.96407,2.57502 2.22564,3.83095 2.82007,13.54036 0.40761,6.65778 1.12553,11.61989 1.89977,13.13077 0.6845,1.33578 1.51971,4.48899 1.85599,7.00715 0.6841,5.12258 1.87911,7.8472 5.84175,13.31914 3.46897,4.79023 5.44768,8.41125 7.79166,14.2587 l 1.87823,4.68557 3.48221,-0.79362 c 4.39828,-1.00239 7.66413,-0.48309 17.8201,2.83356 l 8.13816,2.65769 10.31191,10.4111 c 5.67154,5.7261 10.81663,11.61908 11.43353,13.09552 0.61689,1.47644 1.47732,2.90426 1.91207,3.17295 0.43476,0.2687 1.42231,2.63557 2.19457,5.25972 1.11507,3.78904 1.30722,6.76261 0.93347,14.44544 -0.41557,8.54247 -0.74387,10.16991 -2.80629,13.91097 -1.2846,2.33019 -4.03711,6.03069 -6.11668,8.22334 -2.07957,2.19265 -5.92113,6.68487 -8.53681,9.98272 -5.08178,6.40716 -9.4563,10.23663 -11.69357,10.23663 -0.75802,0 -1.37821,0.31447 -1.37821,0.69882 0,0.38436 -0.99143,1.15056 -2.20316,1.70266 -2.20085,1.00277 -4.64843,2.73667 -9.68981,6.86439 -1.47117,1.20454 -5.29705,3.59016 -8.50197,5.30136 -3.20492,1.71121 -6.60047,3.81612 -7.54567,4.67761 -0.9452,0.86147 -2.0794,1.56632 -2.52045,1.56632 -1.2753,0 -8.66392,9.11268 -8.66392,10.68557 0,0.39085 -0.74921,1.38866 -1.6649,2.21735 -0.91569,0.82869 -1.66489,1.96468 -1.66489,2.52443 0,0.55975 -0.53051,1.458 -1.1789,1.99613 -0.6484,0.53812 -2.92525,3.5578 -5.05965,6.71039 -3.34234,4.93674 -8.33903,9.58679 -13.87432,12.9118 -0.76055,0.45685 -3.65947,2.4227 -6.44205,4.36854 -2.78257,1.94585 -5.31491,3.5379 -5.62742,3.5379 -0.31251,0 -1.1596,0.51582 -1.88242,1.14625 -1.26529,1.10358 -12.96478,5.59485 -19.41993,7.45504 -3.83086,1.10395 -4.13766,2.56829 -0.41622,1.98661 3.58957,-0.56108 37.98715,1.60066 44.28633,2.78319 5.32805,1.00023 11.27947,3.27256 11.27947,4.30666 0,0.34985 0.38205,0.63607 0.84899,0.63607 0.46694,0 2.4336,1.03016 4.37034,2.28923 1.93675,1.25908 4.64516,2.5482 6.0187,2.86473 4.55694,1.05013 54.44522,-0.0143 60.35237,-1.2877 z M 249.10827,382.4785 c 3.89098,-0.67791 7.43096,-1.58903 7.86662,-2.02469 0.43567,-0.43567 1.92409,-0.79212 3.30761,-0.79212 1.3835,0 4.96094,-0.70803 7.94986,-1.57339 6.11381,-1.77011 16.23338,-4.32755 18.75353,-4.73943 1.90098,-0.3107 8.72592,-2.60423 12.61251,-4.23846 1.44272,-0.60663 3.24968,-1.10297 4.01545,-1.10297 2.05415,0 13.42691,-3.9332 19.16724,-6.62888 2.74707,-1.29003 5.93118,-2.61694 7.0758,-2.94868 1.14461,-0.33173 2.83031,-1.23515 3.746,-2.00758 0.9157,-0.77245 3.09492,-2.13415 4.84272,-3.026 1.74781,-0.89186 3.80811,-2.20346 4.57846,-2.91466 0.77034,-0.71121 3.40991,-2.386 5.8657,-3.72176 4.75471,-2.58619 14.57378,-12.5422 13.95641,-14.15105 -0.20295,-0.52886 0.71996,-1.60483 2.0509,-2.39103 1.33094,-0.78621 2.4199,-1.97019 2.4199,-2.63108 0,-0.66088 0.32247,-1.20161 0.7166,-1.20161 1.07541,0 6.50134,-12.39981 7.1537,-16.34826 0.49743,-3.01079 0.90322,-3.52171 3.21715,-4.05068 3.56936,-0.81598 4.5293,-0.98224 8.89127,-1.54007 5.6743,-0.72565 9.7108,-2.45541 17.48137,-7.49132 12.36063,-8.01062 17.48138,-12.05946 17.48138,-13.82208 0,-0.47698 0.42841,-0.86725 0.95202,-0.86725 1.01066,0 11.03709,-10.09208 12.81897,-12.90292 0.58048,-0.91569 1.30889,-3.9537 1.61866,-6.75112 l 0.56325,-5.08624 -6.32855,-6.11987 c -7.21771,-6.97974 -10.02866,-8.94484 -14.42544,-10.08466 -4.91534,-1.27427 -6.78723,-0.88505 -11.75911,2.44503 -2.56267,1.71644 -5.78495,3.65412 -7.16063,4.30596 -2.37045,1.12318 -2.40254,1.20248 -0.61379,1.51657 1.0381,0.18228 3.09841,-0.0506 4.57846,-0.51755 1.48005,-0.46694 6.09303,-1.09913 10.25106,-1.40488 l 7.56005,-0.5559 2.48647,3.01653 c 6.5694,7.96982 7.74673,13.76384 3.55559,17.49817 -2.24093,1.99668 -3.36412,2.31641 -8.9488,2.54743 -10.93974,0.45254 -20.39772,2.82108 -26.36496,6.60252 -3.36322,2.13129 -5.5313,2.13935 -8.63241,0.0321 -1.64565,-1.1182 -3.3881,-2.03314 -3.87211,-2.03314 -1.32333,0 -6.22552,-8.99729 -6.22552,-11.42608 0,-2.03971 -0.14388,-2.09964 -3.82867,-1.59459 -3.09097,0.42367 -4.23534,0.20488 -5.93938,-1.13551 -1.1609,-0.91316 -2.65246,-1.6603 -3.31458,-1.6603 -0.66212,0 -3.81631,-1.3111 -7.00933,-2.91356 -3.193,-1.60246 -6.09058,-2.91357 -6.43906,-2.91357 -0.34848,0 -1.71145,2.25514 -3.02883,5.01142 -1.31738,2.75628 -3.07196,5.62384 -3.89907,6.37237 -0.82712,0.74852 -1.50384,1.78558 -1.50384,2.30459 0,1.51408 -3.11554,7.19926 -5.17875,9.45008 -3.61564,3.94439 -9.05765,6.82962 -12.88182,6.82962 -1.97067,0 -3.58304,0.3746 -3.58304,0.83244 0,0.45785 -0.61133,0.83245 -1.35852,0.83245 -0.74719,0 -2.52654,0.71775 -3.95412,1.595 -1.42757,0.87725 -4.00449,1.85621 -5.72647,2.17548 -3.24755,0.60212 -4.75554,1.85325 -3.34357,2.77405 0.44806,0.29219 1.78605,2.08243 2.9733,3.97829 1.68533,2.69124 2.18232,4.60773 2.2667,8.74069 0.12815,6.27756 -1.45131,19.67247 -2.56149,21.72318 -0.43039,0.79502 -0.78252,2.71458 -0.78252,4.26568 0,1.55112 -0.5619,4.4128 -1.24867,6.35931 -0.68677,1.94651 -1.24867,4.66908 -1.24867,6.05015 0,1.38108 -0.76158,5.06828 -1.6924,8.1938 -1.62638,5.4611 -1.93104,5.86237 -7.81029,10.28723 -3.36484,2.53244 -6.53657,4.60445 -7.04829,4.60445 -0.51172,0 -0.9304,0.36747 -0.9304,0.81659 0,0.44912 -1.03015,1.06489 -2.28923,1.36837 -1.25907,0.30349 -3.97493,1.27755 -6.03523,2.16458 -2.06031,0.88704 -4.92574,2.12022 -6.36762,2.74041 -1.44189,0.62019 -3.97458,1.38143 -5.62821,1.69166 -1.65363,0.31022 -3.21187,0.89617 -3.46276,1.30211 -0.25089,0.40595 -1.74515,0.73808 -3.32059,0.73808 -1.57544,0 -2.86443,0.37461 -2.86443,0.83245 0,0.45785 -1.71033,0.83245 -3.80074,0.83245 -2.09041,0 -4.47174,0.35911 -5.29186,0.79802 -0.9359,0.50088 -4.86755,0.52091 -10.55897,0.0538 -8.39758,-0.68921 -10.85629,-1.33953 -19.0572,-5.04057 -0.91569,-0.41324 -4.3717,-1.10628 -7.68002,-1.54009 -6.71389,-0.88036 -9.45759,-2.41578 -14.9715,-8.37832 -5.53307,-5.98324 -7.90706,-11.02767 -8.39425,-17.83669 -0.24448,-3.41696 -1.02239,-6.87606 -1.8538,-8.2432 -1.52331,-2.50488 -1.39015,-9.17563 0.22378,-11.21056 1.74721,-2.20298 6.98077,-2.84514 11.40199,-1.39903 3.67619,1.20242 5.02665,1.23557 11.47159,0.28161 4.01767,-0.59468 7.63106,-0.99424 8.02973,-0.88789 0.39869,0.10634 2.45899,-0.3634 4.57846,-1.04388 2.11948,-0.68046 5.28796,-1.44741 7.04107,-1.70432 1.7531,-0.25691 3.90706,-0.85223 4.78656,-1.32292 0.87951,-0.4707 1.5991,-0.5804 1.5991,-0.2438 0,0.3366 0.44952,0.16247 0.99894,-0.38694 0.54941,-0.54942 1.57956,-1.00124 2.28922,-1.00407 0.70966,-0.002 2.36327,-0.56472 3.67468,-1.24866 1.31141,-0.68395 2.90854,-1.24355 3.54919,-1.24355 0.64065,0 1.81528,-0.34776 2.6103,-0.77281 0.79502,-0.42504 3.13119,-1.51885 5.19149,-2.4307 2.06031,-0.91184 7.01929,-3.18779 11.01997,-5.05764 4.00067,-1.86985 7.55938,-3.31865 7.90824,-3.21956 1.15313,0.32755 4.7403,-2.01892 8.71498,-5.70072 2.15515,-1.99632 4.37861,-3.6297 4.94103,-3.6297 1.10648,0 4.87588,-3.24943 4.87588,-4.20328 0,-0.3208 -0.95883,-0.58328 -2.13073,-0.58328 -2.20186,0 -8.1613,-2.28971 -10.35597,-3.97891 -0.68677,-0.5286 -4.43278,-2.17506 -8.32447,-3.6588 -20.17485,-7.69184 -25.57317,-11.92586 -31.77778,-24.92404 -2.21624,-4.64283 -2.48697,-5.98307 -2.186,-10.8218 0.44436,-7.14412 3.45307,-13.44439 9.01269,-18.87266 2.32724,-2.27227 6.43391,-6.37901 9.12592,-9.12608 2.69201,-2.74707 7.07301,-6.11848 9.73554,-7.49202 2.66253,-1.37354 6.20598,-3.52749 7.87432,-4.78657 1.66834,-1.25907 3.32445,-2.28922 3.68022,-2.28922 0.35578,0 3.05729,-1.17428 6.00336,-2.60951 4.87639,-2.37561 5.84439,-2.56394 10.79986,-2.10119 3.14843,0.294 6.05466,1.06152 6.8933,1.82048 1.33304,1.20639 1.58468,1.14089 3.12111,-0.81236 0.91914,-1.1685 1.90564,-2.12455 2.19223,-2.12455 0.28659,0 2.00459,-0.9365 3.81777,-2.08112 4.00914,-2.53085 6.87321,-2.59715 15.42568,-0.35704 3.62027,0.94824 8.09239,2.0516 9.93802,2.45191 1.84564,0.40032 5.17155,1.16101 7.39091,1.69043 3.9123,0.93326 4.11514,0.88776 6.65957,-1.49372 4.51626,-4.22702 10.70842,-8.53492 12.26809,-8.53492 0.82282,0 1.72757,-0.37461 2.01053,-0.83245 0.6659,-1.07744 4.68351,-1.0678 7.53966,0.0181 2.07926,0.79053 2.20033,0.7171 1.71578,-1.04056 -0.28675,-1.04012 -1.12154,-5.07523 -1.85509,-8.96692 -2.29712,-12.18674 -1.5426,-11.2842 -9.14812,-10.94283 -3.61718,0.16235 -8.35943,0.5752 -10.53834,0.91742 -4.7354,0.74377 -14.0041,-0.6864 -20.84382,-3.21621 -2.65471,-0.98191 -6.58802,-2.00089 -8.74069,-2.26441 -2.15266,-0.26353 -5.00809,-1.24892 -6.3454,-2.18977 -1.33732,-0.94085 -3.21032,-1.79803 -4.16224,-1.90483 -0.95191,-0.10685 -8.84818,-1.76642 -17.54724,-3.68798 -15.21293,-3.36043 -16.21356,-3.47603 -26.22207,-3.02945 -17.12572,0.76415 -22.85637,1.63926 -34.33842,5.24373 -2.68457,0.84275 -1.50044,1.55222 5.34448,3.20217 6.12917,1.47742 6.9546,1.91484 8.35318,4.42655 2.25496,4.04972 3.89375,11.95374 3.66069,17.65582 -0.17062,4.17449 -0.5807,5.35465 -2.58888,7.45076 -2.53887,2.65 -5.40902,3.19954 -7.2252,1.38337 -0.60896,-0.60897 -2.41508,-3.03422 -4.01358,-5.38944 -3.71505,-5.47374 -5.50201,-5.58336 -10.21299,-0.62651 -1.93334,2.03425 -4.10045,3.81361 -4.8158,3.95412 -1.83835,0.36112 -9.44284,-5.07194 -11.07184,-7.9103 -2.42179,-4.21974 -1.31073,-10.82842 2.32822,-13.84849 0.71696,-0.59502 1.30356,-1.38444 1.30356,-1.75427 0,-1.23637 -5.14511,0.78463 -10.42426,4.09464 -2.87351,1.80169 -6.01149,3.52556 -6.97329,3.83082 -2.12778,0.67533 -2.26694,1.96554 -0.29193,2.70655 5.53619,2.07715 16.18607,11.55098 21.19474,18.85422 8.97631,13.08856 9.69939,37.70936 1.57516,53.63417 -0.98146,1.92383 -2.06309,3.49786 -2.40362,3.49786 -0.34054,0 -1.22992,1.40475 -1.97641,3.12167 -1.2485,2.87156 -3.86179,6.05132 -6.67046,8.11636 -2.71178,1.99381 -11.17619,9.12809 -12.01137,10.12387 -0.50396,0.60087 -2.93887,2.00908 -5.4109,3.12935 -4.45949,2.02095 -4.56616,2.0281 -13.65153,0.91459 -12.87232,-1.57763 -14.57673,-2.03049 -18.14409,-4.8209 -1.73804,-1.35951 -3.27496,-2.33302 -3.41536,-2.16336 -0.14042,0.16966 -0.89402,4.80368 -1.67467,10.29782 -0.78065,5.49415 -1.7723,12.01849 -2.20365,14.49854 -0.43136,2.48005 -0.78429,7.13917 -0.78429,10.3536 0,6.49002 3.83869,34.17271 5.05337,36.44236 0.42557,0.79517 0.77375,2.18419 0.77375,3.08672 0,0.90252 0.71205,3.0811 1.58234,4.84129 0.87028,1.76018 2.38356,5.26064 3.36283,7.77879 3.19787,8.22318 6.72184,13.17525 10.85054,15.2478 2.07173,1.03999 4.71167,2.5171 5.86654,3.28249 1.15486,0.76538 4.71357,1.94176 7.90824,2.61418 3.19467,0.67241 6.46724,1.47569 7.27238,1.78509 5.92824,2.27804 48.06823,2.18602 61.38452,-0.13403 z m -45.32745,-69.34848 c -0.2612,-0.42263 -1.68256,-1.03365 -3.15859,-1.35785 -4.10798,-0.90226 -6.20289,-2.64289 -8.94136,-7.42922 -2.80293,-4.89902 -3.07568,-6.85642 -1.28525,-9.22359 0.6722,-0.88873 1.2341,-2.22602 1.24867,-2.97175 0.0146,-0.74573 1.87725,-3.29639 4.13932,-5.66814 2.26206,-2.37176 5.39024,-6.63143 6.9515,-9.46594 1.56126,-2.83452 4.59997,-7.66893 6.75269,-10.74316 3.24942,-4.64039 4.41609,-5.68368 6.87078,-6.14418 2.66762,-0.50045 3.27948,-0.23197 6.25699,2.74554 4.14601,4.14601 5.30164,8.47284 3.69169,13.82226 -0.62119,2.0641 -1.56097,4.25573 -2.08838,4.87029 -1.94741,2.26921 -6.10298,9.10997 -5.74905,9.46389 0.20114,0.20115 1.60294,0.0109 3.11511,-0.4228 4.81622,-1.38127 9.27166,0.43349 12.81197,5.21847 3.49127,4.7187 4.03394,9.09046 1.63295,13.15502 -1.62867,2.75711 -1.53008,2.73518 -18.13703,4.03516 -13.88691,1.08706 -13.51376,1.08398 -14.11201,0.116 z M 261.6667,196.03876 c -3.09648,-2.60552 -4.74602,-6.09884 -5.39191,-11.41873 -0.47126,-3.88165 -0.3789,-4.09834 3.25066,-7.62587 2.05465,-1.99688 3.73571,-3.94841 3.73571,-4.33673 0,-0.38831 2.3857,-1.56164 5.30156,-2.60737 4.67967,-1.67832 5.90585,-1.80404 10.45294,-1.07175 8.22102,1.32396 13.95334,5.44629 17.08483,12.28635 1.95596,4.27237 2.59285,9.43168 1.1643,9.43168 -0.38817,0 -0.70577,0.51882 -0.70577,1.15293 0,1.53458 -3.62062,3.84174 -6.02883,3.84174 -1.9612,0 -4.73951,-1.61143 -7.44788,-4.31979 -2.46903,-2.46904 -6.08991,-1.94283 -8.24436,1.19812 -4.18345,6.099 -8.64843,7.27512 -13.17125,3.46942 z m -26.83288,161.54327 c 0.29721,-0.3001 -0.43846,-1.35491 -1.63484,-2.34402 -2.84581,-2.35279 -4.98109,-5.7686 -5.69055,-9.10314 -0.68614,-3.22489 -0.65336,-3.22491 -14.40217,0.006 -12.48525,2.93379 -13.04532,4.46263 -2.38603,6.51326 3.02924,0.58276 7.38071,1.91874 9.66994,2.96884 2.28923,1.05011 5.09873,2.1382 6.24335,2.41798 2.45209,0.59937 7.42807,0.32103 8.2003,-0.45871 z m 13.06215,-1.28559 c 0.30227,-0.48906 1.0073,-0.71355 1.56675,-0.49887 1.24403,0.47738 15.65665,-5.43522 16.03804,-6.57941 0.1502,-0.45059 -1.2963,-1.3708 -3.21444,-2.04491 -3.64427,-1.28073 -6.34241,-4.63812 -6.45633,-8.03386 -0.0335,-0.99746 -0.65097,-2.40368 -1.37224,-3.12495 -1.17185,-1.17185 -1.5016,-1.17818 -3.09879,-0.0594 -0.98306,0.68856 -2.63697,1.25194 -3.67536,1.25194 -1.8747,0 -1.88426,0.0605 -1.36067,8.61801 0.3719,6.0782 0.2469,8.79131 -0.42414,9.20604 -0.5233,0.32341 -0.95145,0.94052 -0.95145,1.37135 0,1.07314 2.27035,0.99161 2.94863,-0.10588 z m 32.19286,-16.68388 c 1.54098,-2.11399 3.14273,-5.75961 3.80003,-8.64899 0.62494,-2.74707 1.33925,-5.83287 1.58736,-6.85733 0.31576,-1.3037 4.3e-4,-2.0356 -1.05079,-2.43899 -0.89314,-0.34274 -1.63764,-0.1692 -1.83676,0.42813 -0.44246,1.32738 -6.31136,4.28973 -8.49867,4.28973 -2.53797,0 -2.82067,1.79024 -1.26329,8.00008 0.80154,3.1961 1.1753,6.73827 0.87814,8.32232 -0.51238,2.73119 -0.4969,2.74722 1.6014,1.65862 1.16533,-0.60459 3.3175,-2.74369 4.78258,-4.75357 z m 13.03787,-71.41442 c 6.61418,-1.25573 7.79911,-2.67205 7.36454,-8.80271 -0.19559,-2.75932 -1.05578,-6.70264 -1.91153,-8.76295 -2.1233,-5.11202 -2.1763,-23.55769 -0.0834,-29.03218 1.68318,-4.40282 1.68102,-3.97685 0.0235,-4.61291 -0.75298,-0.28895 -1.97043,-0.002 -2.70545,0.63751 -0.73502,0.63957 -3.3967,1.61124 -5.91485,2.15927 -5.0148,1.09138 -12.69182,4.53223 -14.2198,6.37333 -0.53245,0.64157 -1.49515,1.16648 -2.13932,1.16648 -0.64418,0 -3.06686,1.49841 -5.38373,3.32979 -2.31687,1.83138 -4.74076,3.32978 -5.38641,3.32978 -0.64566,0 -1.17392,0.32209 -1.17392,0.71577 0,0.39367 -2.43491,3.64451 -5.4109,7.22409 -4.45367,5.35694 -5.40836,7.03435 -5.39652,9.48171 0.0189,3.90416 2.27952,5.96318 9.14253,8.3271 2.97599,1.02506 5.87915,2.25234 6.45146,2.72728 0.57231,0.47494 1.04056,0.63323 1.04056,0.35173 0,-0.2815 2.45625,0.79126 5.45835,2.38391 9.00183,4.77556 10.07223,4.93434 20.24495,3.003 z M 164.6696,249.17557 c 0.0853,-11.64258 5.98579,-26.41775 17.15184,-42.9491 2.735,-4.04917 4.77813,-7.86924 4.5403,-8.48904 -0.23785,-0.61981 -1.55154,-1.70563 -2.91933,-2.41293 -2.09736,-1.0846 -2.66429,-1.10861 -3.61955,-0.15336 -0.62297,0.62296 -1.93007,1.38575 -2.90466,1.69508 -2.35399,0.74712 -7.96189,-3.17455 -9.71558,-6.79422 -0.83541,-1.7243 -1.91943,-2.70545 -2.98912,-2.70545 -1.761,0 -1.99678,0.9748 -0.90606,3.74601 0.36041,0.91569 0.29059,2.47122 -0.15515,3.45672 -0.74404,1.64506 -2.20422,2.53675 -10.60651,6.47712 -10.66426,5.00114 -18.71353,11.88633 -19.63438,16.79485 -0.4375,2.33206 -0.0578,3.90023 1.8078,7.4661 1.2989,2.48269 2.65714,4.51397 3.01831,4.51397 0.36117,0 0.65668,0.5619 0.65668,1.24867 0,0.68677 0.29934,1.24867 0.66521,1.24867 0.36587,0 1.11789,1.25182 1.67114,2.78181 0.55325,1.53 2.50151,4.40184 4.32946,6.38186 1.82795,1.98003 3.32354,3.94292 3.32354,4.36199 0,1.06436 8.38072,8.96907 10.40559,9.81457 0.91569,0.38235 2.60139,0.71887 3.74601,0.74782 2.06137,0.0521 2.08162,-0.0165 2.13446,-7.23114 z m 219.19445,4.30524 c 3.37783,-1.10873 6.82078,-2.01588 7.65101,-2.01588 2.28889,0 2.70951,-1.46218 0.72599,-2.52374 -2.67632,-1.43232 -6.54606,-5.96224 -7.08872,-8.29806 -0.26593,-1.14462 -0.89939,-2.9373 -1.4077,-3.98374 -0.68528,-1.41077 -0.66854,-2.60965 0.0648,-4.63756 0.54393,-1.50422 0.98897,-3.48446 0.98897,-4.40055 0,-3.04338 -2.75524,-9.80932 -5.61625,-13.79164 -1.55303,-2.16171 -3.98342,-6.2844 -5.40086,-9.16151 l -2.57715,-5.23111 -0.57023,2.60999 c -0.89426,4.09311 -3.92788,7.6532 -8.16543,9.58247 -2.14068,0.97461 -4.36874,2.45126 -4.95125,3.28144 -0.58251,0.83018 -1.53997,1.99608 -2.1277,2.5909 -1.7519,1.77302 -2.39331,4.09866 -2.79129,10.12076 -0.34631,5.24021 -0.21889,5.82181 1.55016,7.0758 3.17023,2.24721 5.7708,3.44741 7.46981,3.44741 2.09348,0 7.41092,2.73326 9.13972,4.69798 2.79937,3.18141 5.05592,8.79987 4.55009,11.32902 -0.42017,2.1009 -0.27908,2.37887 0.96105,1.89317 0.79944,-0.3131 4.2172,-1.47642 7.59502,-2.58515 z M 123.99312,160.50058 c 1.54862,-2.46617 26.38135,-23.01076 36.36583,-30.08613 3.15263,-2.23407 7.07179,-5.54488 8.70926,-7.35735 2.78011,-3.07725 3.21768,-3.26831 6.6098,-2.88596 6.03031,0.6797 12.30308,8.39121 13.1913,16.21689 0.39016,3.43758 0.15519,4.29345 -1.8259,6.65074 -1.81161,2.15564 -2.89996,2.70546 -5.35536,2.70546 -3.00125,0 -3.55886,0.32571 -9.36446,5.46995 -1.25511,1.11214 -2.54303,2.02206 -2.86205,2.02206 -0.94156,0 -6.08207,3.69001 -6.08827,4.37035 -0.0112,1.22435 2.39242,0.5876 7.07011,-1.87301 2.61113,-1.37353 5.17773,-2.49547 5.70355,-2.49319 1.47842,0.006 16.35628,-7.59271 16.35628,-8.35424 0,-0.371 1.21745,-0.93866 2.70545,-1.26148 1.488,-0.32282 2.89275,-0.84667 3.12168,-1.16411 0.98356,-1.36386 8.40493,-4.277 12.95731,-5.08617 2.71715,-0.48297 6.25139,-1.49502 7.85385,-2.249 1.60246,-0.75397 3.28816,-1.41044 3.74601,-1.45883 0.45784,-0.0484 1.39435,-0.31905 2.08111,-0.60149 4.36022,-1.79319 8.79356,-2.19751 22.83367,-2.08241 11.69383,0.0959 15.84455,-0.13085 16.09397,-0.87909 0.18485,-0.55455 -0.23796,-1.00827 -0.93959,-1.00827 -1.36637,0 -5.52263,-4.92392 -5.52263,-6.54265 0,-1.65468 -5.09573,-10.1035 -6.54163,-10.84615 -0.75164,-0.38606 -3.36493,-0.95653 -5.80731,-1.26771 -4.26684,-0.54362 -12.20643,-2.99119 -15.40192,-4.748 -0.84084,-0.46227 -4.02495,-0.84016 -7.0758,-0.83975 -5.86048,8e-4 -25.31004,-2.71095 -28.70695,-4.00245 -2.05582,-0.78162 -7.65504,0.0781 -10.37415,1.59288 -0.78576,0.43773 -5.73656,2.86823 -11.00179,5.40111 -16.43704,7.90719 -19.26838,9.7187 -26.38665,16.88237 -3.75329,3.77723 -7.02323,6.86768 -7.26654,6.86768 -0.5762,0 -13.51779,13.16833 -14.18401,14.43252 -0.28049,0.53226 -1.05168,1.90425 -1.71374,3.04886 -0.69463,1.20091 -1.20894,4.28162 -1.21602,7.28391 -0.0117,4.9623 0.78909,6.44621 2.23559,4.14266 z m 324.22251,-11.60821 c -0.60291,-0.60291 -0.77826,-0.38976 -0.57356,0.69718 0.45047,2.39201 0.52023,2.48182 0.99782,1.28463 0.24428,-0.61237 0.0534,-1.50418 -0.42426,-1.98181 z"
       id="path44" />
    <path
       style="fill:#00ff00;fill-opacity:1;stroke-width:0.930918;stroke-dashoffset:0.5"
       d="m 390.23055,396.70017 c -7.65797,-4.94265 -16.20459,-7.21304 -30.50149,-8.10266 -6.43473,-0.40039 -15.56644,-1.06016 -20.2927,-1.46614 l -8.59319,-0.73816 8.59319,-3.06638 c 11.0376,-3.93862 30.88397,-16.88456 36.56547,-23.85194 2.42673,-2.97597 7.27467,-9.74588 10.77319,-15.04424 5.01773,-7.59912 7.91391,-10.58981 13.71503,-14.16256 4.04474,-2.49105 10.70667,-6.91772 14.8043,-9.83704 4.09762,-2.91933 9.65987,-6.45961 12.36056,-7.86728 5.2058,-2.71341 21.30424,-20.3166 26.40149,-28.86929 2.60173,-4.36545 3.0666,-6.77081 3.23282,-16.72729 0.24296,-14.55348 -1.40054,-18.07428 -15.72601,-33.68927 -9.9587,-10.85515 -10.52453,-11.25796 -19.4614,-13.85468 -5.06246,-1.47096 -11.94796,-2.67447 -15.30111,-2.67447 -6.03617,0 -6.11655,-0.0519 -8.1067,-5.23399 -1.10554,-2.8787 -4.22757,-8.55911 -6.93785,-12.62315 -2.71027,-4.06404 -5.24807,-9.32882 -5.63956,-11.69951 -0.39148,-2.37069 -1.22334,-5.69581 -1.84858,-7.38916 -0.62523,-1.69335 -1.65289,-8.06651 -2.28368,-14.16257 -1.50461,-14.54098 -4.97863,-21.44556 -12.03938,-23.92818 -4.60553,-1.61935 -5.77634,-1.53248 -14.58343,1.08206 -11.13241,3.30484 -20.97602,2.95981 -34.00063,-1.19178 -7.14757,-2.27828 -33.42471,-8.16001 -42.29685,-9.46749 -6.71463,-0.98952 -6.8033,-1.36783 -1.56158,-6.6622 8.81199,-8.9005 38.94834,-21.38088 58.94928,-24.41268 14.04917,-2.129623 44.97607,0.68567 62.68619,5.70635 11.8827,3.36866 15.94916,6.07411 18.73067,12.46172 1.637,3.75934 6.32594,9.52151 13.448,16.52603 16.24443,15.97638 15.95223,15.2662 15.07648,36.64285 -1.02689,25.06552 0.71696,41.33716 5.70314,53.21573 4.68728,11.16647 16.60936,26.64149 26.80191,34.78921 7.72334,6.17389 30.55431,18.37203 36.92699,19.72937 2.20136,0.46888 4.00247,1.32283 4.00247,1.8977 0,1.98064 -12.95271,5.8838 -22.4887,6.77672 -8.65075,0.81003 -9.86105,1.25551 -12.755,4.69477 -2.66549,3.16777 -3.0979,4.68205 -2.59954,9.10357 1.28045,11.36017 8.46136,16.86987 31.99144,24.54613 5.9256,1.93312 10.77474,3.97503 10.77586,4.53757 0.004,1.94312 -8.82118,14.30704 -14.62275,20.48648 -5.55693,5.91888 -6.11407,6.20006 -12.28484,6.20006 -7.44082,0 -12.46908,-2.20135 -15.46208,-6.76924 -5.20527,-7.94425 -15.87937,-10.44358 -20.34678,-4.76418 -5.2032,6.61479 -1.5117,18.28791 8.4284,26.65195 5.92683,4.98709 12.41817,13.13566 12.41817,15.58849 0,2.67963 -3.83496,4.45461 -16.52548,7.64866 -8.18372,2.05976 -15.31429,2.61394 -40.12476,3.11845 l -30.17242,0.61356 z"
       id="path46" />
    <path
       style="fill:#00ff00;fill-opacity:1;stroke-width:0.930918;stroke-dashoffset:0.5"
       d="m 122.04433,157.09988 c 0,-7.41704 4.13457,-12.92995 22.38085,-29.84195 8.71269,-8.07557 13.70413,-11.50122 25.33105,-17.38485 17.28122,-8.74491 19.64139,-9.39667 27.85837,-7.69307 3.47946,0.72138 12.42235,2.09398 19.87308,3.05021 7.45074,0.95624 18.24241,3.0345 23.98149,4.61835 l 10.43468,2.87975 3.20817,6.42057 c 1.76449,3.53131 4.22066,7.53936 5.45816,8.90678 2.2456,2.48135 2.21989,2.4862 -13.18351,2.4862 -13.6601,0 -16.81264,0.42453 -27.43593,3.69458 -6.60134,2.03202 -12.4535,3.69458 -13.00481,3.69458 -0.5513,0 -9.65953,4.21648 -20.2405,9.36995 -10.58096,5.15347 -19.53038,9.07768 -19.8876,8.72047 -0.35721,-0.35721 0.64491,-1.3309 2.22694,-2.16375 1.58203,-0.83285 4.44295,-2.81741 6.3576,-4.41012 1.91465,-1.59272 4.57223,-2.89586 5.90573,-2.89586 1.3335,0 3.84074,-1.41619 5.57164,-3.14708 2.67373,-2.67374 3.02023,-3.83145 2.30367,-7.69705 -2.15192,-11.60893 -14.03265,-20.51942 -19.14538,-14.35896 -0.86294,1.03978 -8.57225,7.34667 -17.13181,14.01531 -8.55956,6.66864 -18.66718,14.96201 -22.46139,18.4297 -3.7942,3.46768 -7.23649,6.30488 -7.64952,6.30488 -0.41304,0 -0.75098,-1.34939 -0.75098,-2.99864 z"
       id="path48" />
    <path
       style="fill:#ff0000;fill-opacity:1;stroke-width:0.930918;stroke-dashoffset:0.5"
       d="m 197.78325,382.9265 c -19.23451,-1.65586 -32.54002,-7.01874 -37.16136,-14.97816 -7.4932,-12.90567 -11.33137,-26.5559 -13.97215,-49.69115 -1.1886,-10.41308 -1.09142,-14.66979 0.60453,-26.47783 2.81905,-19.62758 2.40693,-18.71417 7.17645,-15.90579 2.25159,1.32579 8.74528,2.93637 15.13464,3.75375 13.19505,1.688 14.62356,1.19503 27.96891,-9.65192 8.81315,-7.16324 15.4415,-15.91997 18.92355,-24.99996 3.07254,-8.01214 3.05235,-31.49781 -0.0347,-40.36036 -2.59271,-7.44338 -14.86516,-21.49154 -22.2486,-25.46779 l -4.3618,-2.34898 7.06409,-4.02414 c 8.19221,-4.66678 9.47407,-4.94444 7.72318,-1.67287 -0.70117,1.31015 -1.27486,4.43129 -1.27486,6.93587 0,3.62627 0.89579,5.39861 4.39804,8.70165 5.46175,5.1511 8.23369,5.20647 13.84848,0.27663 l 4.40911,-3.87126 4.98992,5.72857 c 5.74459,6.59495 8.05838,7.05001 11.80543,2.32182 2.29344,-2.89396 2.59703,-4.49177 2.08664,-10.98213 -0.3285,-4.17749 -1.6346,-9.671 -2.90242,-12.2078 -1.95713,-3.91603 -3.32446,-4.91309 -9.05681,-6.6043 l -6.75167,-1.99193 8.60987,-2.07811 c 4.73542,-1.14296 14.70101,-2.44148 22.14575,-2.88562 11.8709,-0.70818 15.58093,-0.39473 30.16151,2.54832 9.14408,1.84571 18.56527,4.17921 20.93596,5.18556 10.97926,4.66066 27.76628,7.99842 41.20486,8.19276 l 13.49549,0.19517 1.53697,7.38917 c 2.1802,10.48155 2.09861,11.58768 -0.79884,10.82998 -4.01633,-1.0503 -7.90808,0.52985 -16.02904,6.50815 l -7.70298,5.67062 -12.73693,-3.19157 c -16.065,-4.02551 -19.24057,-4.00095 -25.56434,0.19767 -4.63857,3.07975 -5.63672,3.28622 -10.93088,2.26106 -7.61474,-1.47453 -12.51605,0.0481 -25.64501,7.96658 -12.03947,7.26142 -27.49917,21.73889 -30.82955,28.87081 -3.59307,7.69445 -3.10083,17.13124 1.29322,24.79239 4.88375,8.51497 12.05569,14.36742 23.30824,19.02001 5.15578,2.13175 12.19856,5.19962 15.65062,6.81747 3.45206,1.61786 6.88302,2.94155 7.62436,2.94155 7.37993,0 -6.21139,10.09252 -24.54236,18.22445 -29.11675,12.91669 -45.4097,16.99232 -62.68582,15.68066 -9.58466,-0.72769 -10.72115,-0.57581 -12.78901,1.70914 -2.43473,2.69035 -2.3822,3.78865 0.95646,19.99717 2.77809,13.48707 10.6348,23.1561 20.79644,25.59355 2.88759,0.69264 8.79766,2.45852 13.13348,3.92416 15.17956,5.13119 32.52521,4.36454 50.31778,-2.22397 4.56575,-1.69066 9.95528,-3.67857 11.97674,-4.41756 2.02145,-0.73898 4.2382,-1.80806 4.92611,-2.37575 0.6879,-0.56768 3.58604,-2.67394 6.44032,-4.68057 2.85427,-2.00662 6.01165,-4.90633 7.0164,-6.44378 2.66134,-4.07237 9.34651,-38.88044 9.34113,-48.63703 -0.004,-6.1667 -0.64645,-9.39827 -2.46305,-12.37777 -3.06675,-5.02992 -3.10409,-4.77516 0.84523,-5.76638 1.81703,-0.45604 5.52334,-1.90159 8.23625,-3.21233 2.7129,-1.31073 5.96436,-2.38315 7.22545,-2.38315 5.48767,0 14.4203,-7.51994 16.4212,-13.82421 0.4807,-1.51457 1.82501,-4.14995 2.98736,-5.8564 1.16235,-1.70645 3.01802,-4.59789 4.12371,-6.42542 l 2.01034,-3.32278 9.31818,4.24642 c 5.12499,2.33554 10.88075,4.24643 12.79058,4.24643 2.82706,0 3.60202,0.64805 4.1698,3.48692 0.90813,4.54069 6.9196,10.9153 11.33963,12.02466 2.03611,0.51102 5.05638,0.23006 7.26885,-0.67618 9.70586,-3.97563 13.77189,-5.09017 20.82269,-5.7077 10.51513,-0.92094 12.67421,-1.45369 14.89616,-3.67564 3.10451,-3.1045 2.33945,-9.34289 -1.93768,-15.80019 l -3.87111,-5.84429 -6.28899,0.75839 c -3.45896,0.41711 -8.50575,1.04359 -11.21511,1.39217 l -4.92611,0.63379 6.15763,-3.74295 c 9.80983,-5.96294 14.19955,-4.98506 25.34519,5.64609 10.68172,10.18864 9.78785,15.11299 -5.37753,29.62488 -14.45292,13.83015 -31.15093,23.71966 -40.13481,23.77012 -5.76541,0.0324 -8.88394,2.68759 -11.29787,9.61929 -2.56164,7.3559 -4.36387,10.41991 -12.06152,20.50608 -9.18029,12.02888 -33.34888,26.16748 -56.22715,32.89284 -26.14091,7.68443 -43.50356,12.1216 -56.65025,14.47742 -9.06979,1.62526 -37.76039,2.32163 -50.49261,1.22553 z m 27.64082,-70.05636 c 10.29665,-1.19175 12.38381,-2.82305 12.38381,-9.67898 0,-3.28311 -1.09662,-5.31647 -4.94009,-9.15994 -4.40815,-4.40815 -5.41367,-4.86324 -9.33817,-4.22638 l -4.39809,0.71372 2.15075,-3.32579 c 1.18291,-1.82917 2.97746,-4.60701 3.98789,-6.17295 1.01044,-1.56595 1.88949,-5.27008 1.95344,-8.2314 0.19386,-8.97559 -8.52458,-15.91553 -14.31746,-11.39679 -1.08541,0.84667 -4.6097,5.69581 -7.83174,10.77586 -3.22205,5.08005 -7.39093,11.01508 -9.26417,13.18896 -1.87324,2.17388 -4.36035,5.96388 -5.52691,8.42222 -2.05202,4.32432 -2.03409,4.64863 0.55121,9.96996 4.59384,9.45552 12.86306,11.63617 34.58953,9.12151 z m 48.71386,-118.28886 c 4.16212,-4.34431 5.90531,-4.55619 10.13193,-1.23153 4.42512,3.4808 9.64445,3.20636 12.16444,-0.63961 3.94448,-6.02006 -0.47106,-16.94472 -8.53878,-21.12606 -9.85301,-5.10664 -18.58974,-4.34383 -26.13609,2.28196 -6.15122,5.40084 -7.04105,7.52373 -5.52055,13.17045 3.06835,11.39496 11.00515,14.74047 17.89905,7.54479 z"
       id="path50" />
    <path
       style="fill:#ff0000;fill-opacity:1;stroke-width:0.930918;stroke-dashoffset:0.5"
       d="m 375.2456,250.83535 c -1.05236,-5.60959 -4.61324,-9.99523 -9.62504,-11.85439 -12.31503,-4.56835 -12.04913,-4.30646 -12.04913,-11.86744 0,-7.39069 1.478,-9.51061 12.29049,-17.62845 2.16353,-1.62435 4.34626,-4.06864 4.85052,-5.43176 0.75773,-2.04835 1.96473,-0.57423 6.95582,8.49522 5.18635,9.42427 6.00673,11.84303 5.81047,17.13127 -0.30035,8.09293 1.3518,12.97304 5.85143,17.28396 l 3.68209,3.52767 -5.86573,1.57244 c -3.22615,0.86484 -7.04299,1.90523 -8.48185,2.31199 -2.22039,0.62768 -2.73759,0.0921 -3.41907,-3.54051 z"
       id="path52" />
    <path
       style="fill:#ff0000;fill-opacity:1;stroke-width:0.930918;stroke-dashoffset:0.5"
       d="m 304.26052,671.74499 c -2.73339,-2.90956 -2.81954,-3.31625 -0.92686,-4.37545 7.77223,-4.34955 7.8676,-13.55147 0.29037,-28.01597 -2.97475,-5.67863 -4.2291,-9.315 -3.47373,-10.07038 0.75537,-0.75537 3.74141,-0.64551 8.26938,0.30425 7.98612,1.6751 10.29747,0.89096 12.88008,-4.36963 1.24317,-2.53223 1.27519,-3.86644 0.14509,-6.04403 -3.02102,-5.82117 -10.03132,-13.28669 -13.21164,-14.06954 -1.8189,-0.44773 -4.55121,-1.61957 -6.07178,-2.60408 l -2.76468,-1.79002 3.11728,-3.70467 c 1.7145,-2.03758 3.94832,-5.31173 4.96403,-7.27591 2.58947,-5.00747 11.14519,-10.91333 15.79785,-10.90496 10.97386,0.0197 17.96534,5.61102 17.97564,14.37561 0.003,2.15297 0.71808,4.64682 1.59011,5.54187 0.87202,0.89506 2.85745,3.70651 4.41206,6.24767 1.74872,2.85845 4.07922,4.89354 6.11155,5.33685 1.80674,0.39411 3.97771,0.92998 4.82439,1.19081 2.66134,0.81989 5.09606,-0.78184 7.77344,-5.11394 1.42411,-2.30426 5.59173,-6.18247 9.26137,-8.61823 14.70125,-9.75814 27.60933,-24.17433 27.60659,-30.83201 -0.003,-6.64771 -3.3845,-21.27172 -6.14288,-26.56408 -1.51661,-2.90985 -4.45659,-7.43605 -6.53329,-10.05823 -5.76269,-7.27637 -21.0999,-18.77263 -29.27234,-21.94156 -4.02112,-1.55922 -7.31112,-3.15854 -7.31112,-3.55404 0,-1.31692 13.70715,-18.38212 14.76493,-18.38212 2.01147,0 13.16873,5.15915 36.32929,16.79878 28.6266,14.38666 38.06958,21.56918 39.26175,29.86326 1.87048,13.0131 1.25086,15.41554 -8.22027,31.87282 -6.91483,12.01538 -14.23898,20.84505 -29.11542,35.10024 -11.28632,10.815 -14.81993,13.47567 -19.90082,14.98452 -9.51025,2.82425 -27.52409,12.82463 -33.16924,18.4139 -6.82367,6.75612 -15.96007,19.721 -15.96007,22.6479 0,7.26847 -12.51545,16.42609 -24.68813,18.06443 -4.95127,0.66641 -5.94828,0.38233 -8.61293,-2.45406 z"
       id="path54" />
    <path
       style="fill:#ff0000;fill-opacity:1;stroke-width:0.930918;stroke-dashoffset:0.5"
       d="m 254.92588,437.38249 c -1.62549,-2.0254 -5.17219,-6.83556 -7.88155,-10.68924 -2.70935,-3.85369 -7.07482,-8.94918 -9.70102,-11.32331 -5.43073,-4.90947 -4.64383,-6.45212 3.30749,-6.48409 2.57961,-0.0104 8.58013,-0.6224 13.33449,-1.36006 4.75436,-0.73767 8.81226,-1.15331 9.01755,-0.92365 0.2053,0.22966 -0.35192,4.85106 -1.23826,10.26978 -1.2125,7.41272 -1.27583,11.01073 -0.25576,14.53103 1.19279,4.11632 1.05623,4.97836 -1.13586,7.17045 l -2.49163,2.49164 z"
       id="path56" />
    <path
       style="fill:#ff0000;fill-opacity:1;stroke-width:0.930918;stroke-dashoffset:0.5"
       d="m 156.97474,654.04573 c -0.16471,-6.28151 -4.54087,-15.18468 -10.14516,-20.64006 -4.70297,-4.57802 -12.32322,-9.02143 -15.47134,-9.02143 -2.36028,0 -6.11459,-5.59147 -4.98333,-7.4219 0.52498,-0.84943 2.5824,-1.07961 5.39803,-0.60392 6.80904,1.15039 11.20736,-2.68223 11.20736,-9.7659 0,-5.27652 -7.47395,-29.42551 -11.6453,-37.627 -3.65985,-7.19582 -8.05272,-12.31527 -10.56739,-12.31527 -1.38969,0 -3.65812,-1.92698 -5.44239,-4.62318 -3.72276,-5.62548 -9.29074,-19.04867 -9.29074,-22.39797 0,-1.34176 -1.00368,-3.43097 -2.2304,-4.6427 -2.48369,-2.45335 -12.068112,-17.85105 -16.09737,-25.86098 -1.738819,-3.45668 -2.608188,-7.50877 -2.608188,-12.15667 v -6.97174 l 9.544335,-9.39656 c 6.596063,-6.49394 12.587713,-10.98831 19.396553,-14.54948 9.8028,-5.12708 42.11658,-17.17741 43.18836,-16.10563 0.30909,0.30909 -0.26804,4.94229 -1.28251,10.29601 -2.02214,10.67146 -3.14623,12.14765 -13.08553,17.18428 -3.12727,1.58471 -7.28897,4.18243 -9.24821,5.77272 -1.95924,1.59029 -7.3581,5.36175 -11.99747,8.38102 l -8.43521,5.4896 0.50999,6.77339 c 0.41254,5.47899 2.6636,11.12733 11.77939,29.55665 17.7545,35.89416 27.06195,51.83317 32.99085,56.49684 4.10391,3.22814 4.89017,3.24124 8.82374,0.14711 3.92496,-3.08738 6.49523,-1.43356 6.46451,4.15955 -0.0251,4.5732 -4.22432,25.13328 -5.36653,26.27548 -0.43761,0.43761 -2.45866,-0.79762 -4.49123,-2.74495 -2.79113,-2.67407 -4.80592,-3.50912 -8.23234,-3.41201 -8.46283,0.23989 -10.29887,8.21265 -4.05311,17.60015 2.02793,3.04803 4.32889,7.48153 5.11323,9.85222 0.78434,2.37069 2.8,6.39065 4.47925,8.93325 2.58095,3.90791 2.93068,5.51661 2.26117,10.40116 -1.19947,8.75108 -6.27034,11.04905 -6.48302,2.93792 z"
       id="path58" />
    <path
       style="fill:#ff0000;fill-opacity:1;stroke-width:0.930918;stroke-dashoffset:0.5"
       d="m 304.27986,922.94938 c -0.66057,-1.73744 -1.19949,-4.09273 -1.1976,-5.23399 0.003,-1.83214 -1.9378,-11.31062 -8.11611,-39.63657 -2.61579,-11.99272 -2.5345,-12.31527 3.10357,-12.31527 5.86401,0 5.50747,-0.96569 8.18427,22.16748 2.63658,22.7856 2.95784,38.1779 0.79681,38.17758 -0.86344,-1.3e-4 -2.11036,-1.42178 -2.77094,-3.15923 z"
       id="path60" />
    <path
       style="fill:#ff0000;fill-opacity:1;stroke-width:0.930918;stroke-dashoffset:0.5"
       d="m 154.37192,909.22939 c -3.12974,-0.60281 -3.64088,-4.09997 -1.43625,-9.82656 0.73407,-1.90678 1.86955,-6.79199 2.52329,-10.85603 0.89794,-5.58217 9.23118,-36.79361 10.26515,-38.44726 0.0928,-0.14846 2.11966,0.0467 4.50407,0.43359 l 4.33531,0.70353 -1.65515,11.26591 c -0.91033,6.19624 -2.97936,16.80777 -4.59786,23.58117 -1.61849,6.7734 -3.33223,14.94766 -3.8083,18.16503 -0.92157,6.22806 -1.69061,6.60617 -10.13026,4.98062 z"
       id="path62" />
    <path
       style="fill:#afe9af;fill-opacity:1;stroke-width:0.930918;stroke-dashoffset:0.5"
       d="m 237.7767,616.31748 c -3.74251,-1.57383 -12.22887,-3.73436 -18.85856,-4.80119 -6.62969,-1.06682 -14.29655,-3.08375 -17.03747,-4.48205 -4.58038,-2.33674 -4.9217,-2.85127 -4.21974,-6.36107 0.42006,-2.10029 0.96617,-4.02113 1.21359,-4.26855 0.24742,-0.24742 3.70532,1.01488 7.68422,2.8051 10.91346,4.91029 13.29693,5.43495 30.63338,6.74321 8.80542,0.66448 18.03376,1.53544 20.50743,1.93546 5.41537,0.87571 9.66498,-2.52723 9.66498,-7.73938 0,-1.81459 0.6694,-5.15045 1.48756,-7.41302 1.36792,-3.78292 1.23086,-4.37046 -1.70419,-7.30551 -3.12682,-3.12682 -3.65189,-3.20972 -25.81022,-4.0747 -25.05307,-0.97801 -29.20119,-2.07042 -35.28433,-9.29218 -1.8392,-2.18345 -4.86801,-4.94585 -6.73069,-6.13869 -1.86268,-1.19283 -3.375,-3.07487 -3.36069,-4.18231 0.0352,-2.72875 7.82246,-37.26007 10.35085,-45.89943 1.29937,-4.43983 3.59504,-8.55042 6.37225,-11.41002 4.9036,-5.04907 4.85963,-6.08995 -0.67968,-16.09288 -4.62471,-8.35135 -7.43666,-10.09778 -20.99554,-13.03978 -6.43473,-1.3962 -12.20648,-3.04073 -12.82612,-3.65451 -1.97216,-1.9535 -2.16736,-13.78639 -0.40585,-24.60165 1.56946,-9.63608 1.92147,-10.4441 4.4294,-10.16757 1.49845,0.16523 4.41995,1.55069 6.49223,3.07882 3.39404,2.50281 5.08188,2.76502 17.01563,2.64341 9.40876,-0.0959 14.89428,-0.76376 18.92928,-2.30475 3.12479,-1.19336 6.50463,-1.85386 7.51076,-1.46777 3.59561,1.37976 6.07662,8.68593 6.97261,20.53314 1.34135,17.7361 6.48584,27.09359 14.89529,27.09359 4.35915,0 8.69649,-4.16166 11.55162,-11.08374 2.75135,-6.67046 7.47338,-13.73725 13.43436,-20.10526 5.26647,-5.62607 4.75933,-5.66966 28.99587,2.49206 18.74748,6.31327 29.98118,11.14579 34.42072,14.80713 2.93404,2.41975 2.95849,2.57694 0.89151,5.73156 -1.1689,1.78397 -5.49377,7.15737 -9.61083,11.9409 -4.11706,4.78353 -7.88544,10.18428 -8.37419,12.00167 -1.0031,3.73004 -3.76221,3.88928 -12.70702,0.73337 -9.5474,-3.36853 -18.19879,-1.0812 -18.13995,4.79599 0.0351,3.50772 3.91356,12.00765 6.7927,14.88679 1.95305,1.95305 2.25745,4.41498 2.27784,18.42313 l 0.0235,16.16882 -4.25269,2.8588 c -2.33896,1.57234 -6.03453,5.67713 -8.21236,9.12175 -2.17783,3.44462 -5.04797,7.42752 -6.37808,8.8509 -3.37174,3.60818 -9.98242,16.49281 -9.98242,19.4564 0,1.35067 1.11291,4.01869 2.47312,5.92893 1.36021,1.91025 2.81495,5.18238 3.23276,7.27139 0.68625,3.43128 0.46283,3.79823 -2.31268,3.79823 -1.68978,0 -6.54184,1.10837 -10.78236,2.46305 -10.23891,3.27094 -20.77193,3.02972 -29.58783,-0.67759 z"
       id="path64" />
    <path
       style="fill:#008080;fill-opacity:1;stroke-width:0.930918;stroke-dashoffset:0.5"
       d="m 282.37379,844.49007 c -1.29081,-1.55532 -3.76492,-14.85601 -9.50061,-51.07476 -1.63544,-10.32726 -4.60418,-25.8445 -6.59719,-34.48276 -1.99301,-8.63828 -3.98984,-20.13945 -4.4374,-25.55817 -1.14959,-13.91817 -4.09418,-32.26204 -6.23864,-38.86467 -2.02946,-6.24855 -8.98668,-13.68104 -17.79207,-19.0075 -3.04803,-1.84378 -7.31472,-5.2326 -9.48155,-7.53071 -2.73633,-2.90214 -5.04127,-4.1784 -7.54625,-4.1784 -6.06608,0 -6.55665,1.32462 -9.35001,25.24631 -1.02822,8.80542 -4.36117,26.07134 -7.40657,38.36872 -3.04539,12.29737 -7.21634,33.07939 -9.26877,46.18226 -3.87581,24.74342 -6.02832,35.28803 -10.07961,49.37759 -2.34899,8.16927 -2.46273,8.31281 -6.58783,8.31281 -4.89127,0 -16.83596,-2.34409 -18.15691,-3.5632 -1.13297,-1.04562 4.01304,-34.26898 8.98573,-58.01316 5.82143,-27.79691 8.18135,-42.15749 10.32139,-62.80788 1.088,-10.49877 3.04582,-25.46182 4.3507,-33.25123 1.30488,-7.78941 3.0235,-21.50554 3.81915,-30.4803 0.79564,-8.97475 1.70026,-16.31773 2.01026,-16.31773 0.31,0 4.25874,1.60843 8.77498,3.57428 5.11019,2.22439 13.09498,4.2871 21.14239,5.46171 7.9282,1.15722 15.67362,3.14588 20.01992,5.14018 6.11748,2.807 8.90199,3.28207 20.32019,3.46685 11.9291,0.19305 13.61233,-0.0577 17.10266,-2.54731 l 3.87134,-2.76142 0.72868,2.90332 c 0.40079,1.59684 -0.14646,5.4718 -1.21612,8.61105 -2.88873,8.47797 -0.023,21.54875 7.13236,32.53124 5.03786,7.73241 5.24035,8.41226 4.99991,16.78771 -0.56867,19.80916 -0.0287,32.4389 1.61059,37.66983 0.95518,3.04803 2.52655,13.0234 3.49191,22.16749 0.96535,9.14409 3.12498,25.49261 4.79917,36.33005 5.57871,36.11247 6.117,41.4805 4.33408,43.22156 -2.56476,2.50453 -14.25231,6.65528 -18.73974,6.65528 -2.26268,0 -4.69994,-0.70607 -5.41614,-1.56904 z"
       id="path66" />
    <path
       style="fill:#008080;fill-opacity:1;stroke-width:0.930918;stroke-dashoffset:0.5"
       d="m 110.96059,945.39453 c 0,-0.38387 3.93755,-4.08688 8.7501,-8.22892 l 8.7501,-7.53098 8.1834,0.79893 c 12.64156,1.23417 13.47393,1.63122 9.24953,4.41218 -7.28752,4.79746 -34.93313,13.14562 -34.93313,10.54879 z"
       id="path68" />
    <path
       style="fill:#008080;fill-opacity:1;stroke-width:0.930918;stroke-dashoffset:0.5"
       d="m 330.78818,979.27701 c -4.52165,-1.52139 -8.77833,-5.09154 -17.0609,-14.30927 l -8.21562,-9.14321 2.78604,-2.9739 c 1.53232,-1.63565 5.77755,-3.96006 9.43383,-5.16537 l 6.64778,-2.19148 2.25651,2.93045 c 3.59645,4.67059 13.39152,24.79803 13.71228,28.17676 0.24927,2.62561 -0.25155,3.11016 -3.40229,3.29179 -2.03202,0.11714 -4.80295,-0.15996 -6.15763,-0.61577 z"
       id="path70" />
    <path
       style="fill:#ffffff;fill-opacity:1;stroke-width:0.930918;stroke-dashoffset:0.5"
       d="m 277.88913,267.08345 c -1.32354,-0.81247 -7.3892,-3.60689 -13.47925,-6.20982 -15.46273,-6.60888 -15.97863,-7.90984 -7.47786,-18.85714 6.57008,-8.46097 19.22882,-16.88809 31.79432,-21.16597 4.63693,-1.57862 8.90305,-2.87022 9.48027,-2.87022 0.57723,0 0.46347,1.68108 -0.25279,3.73575 -1.24339,3.56679 -0.78893,21.58819 0.91693,36.36054 0.55485,4.80488 0.27614,6.59713 -1.2189,7.8379 -2.66122,2.20862 -16.7149,3.03989 -19.76272,1.16896 z"
       id="path73" />
    <path
       style="fill:#ffffff;fill-opacity:1;stroke-width:0.930918;stroke-dashoffset:0.5"
       d="m 152.13438,248.29983 c -7.94188,-8.30134 -19.0063,-25.51425 -19.0063,-29.56808 0,-3.76775 9.66499,-12.08866 20.38998,-17.5544 8.80447,-4.48698 9.82101,-5.37369 10.16834,-8.86954 0.21225,-2.13629 0.64482,-3.88416 0.96127,-3.88416 0.31645,0 2.32054,1.98765 4.45354,4.417 3.63804,4.14349 4.20821,4.36751 9.208,3.61775 8.00846,-1.20095 7.97245,1.13788 -0.22618,14.68885 -8.55747,14.14404 -12.89497,25.65832 -13.82425,36.69758 -0.8982,10.67024 -2.30114,10.72289 -12.1244,0.455 z"
       id="path75" />
    <path
       style="fill:#ffffff;fill-opacity:1;stroke-width:0.930918;stroke-dashoffset:0.5"
       d="m 221.18227,355.44037 c -2.03202,-0.88334 -6.60407,-2.3024 -10.1601,-3.15345 -3.55604,-0.85105 -6.46552,-2.00186 -6.46552,-2.55735 0,-1.05829 15.33456,-4.90198 19.55667,-4.90198 1.46634,0 2.77988,1.10901 3.28195,2.77093 0.46041,1.52402 2.264,4.29495 4.00798,6.15764 l 3.17087,3.3867 -4.84864,-0.0482 c -2.66675,-0.0265 -6.51119,-0.77094 -8.54321,-1.65428 z"
       id="path77" />
    <path
       style="fill:#ffffff;fill-opacity:1;stroke-width:0.930918;stroke-dashoffset:0.5"
       d=""
       id="path79" />
    <path
       style="fill:#ffffff;fill-opacity:1;stroke-width:0.930918;stroke-dashoffset:0.5"
       d="m 273.65679,336.39177 c -1.60335,-8.14971 -1.20337,-10.03709 2.12709,-10.03709 1.16399,0 3.38387,-0.88781 4.93307,-1.97291 1.54919,-1.08509 3.12042,-1.66919 3.49162,-1.298 1.47493,1.47494 -2.58725,13.66797 -5.72265,17.1771 l -3.33385,3.73122 z"
       id="path81" />
    <path
       style="fill:#ffffff;fill-opacity:1;stroke-width:0.930918;stroke-dashoffset:0.5"
       d="m 246.42857,346.54518 c 0,-7.04046 0.39629,-9.10676 1.74657,-9.10676 0.96061,0 2.59541,-0.32573 3.63289,-0.72385 1.32459,-0.50829 2.43274,0.58391 3.7212,3.66762 1.00918,2.4153 3.55953,5.44029 5.66746,6.7222 l 3.83258,2.33073 -5.29788,2.16488 c -2.91384,1.19068 -7.099,2.58946 -9.30036,3.10841 l -4.00246,0.94353 z"
       id="path83" />
  </g>
</svg>
