<?xml version="1.0" encoding="UTF-8" standalone="no"?>
<svg
   xmlns:dc="http://purl.org/dc/elements/1.1/"
   xmlns:cc="http://creativecommons.org/ns#"
   xmlns:rdf="http://www.w3.org/1999/02/22-rdf-syntax-ns#"
   xmlns:svg="http://www.w3.org/2000/svg"
   xmlns="http://www.w3.org/2000/svg"
   width="800px"
   height="1000px"
   viewBox="0 0 800 1000"
   version="1.1"
   id="SVGRoot">
  <defs
     id="defs1847" />
  <metadata
     id="metadata3">
    <rdf:RDF>
      <cc:Work
         rdf:about="">
        <dc:format>image/svg+xml</dc:format>
        <dc:type
           rdf:resource="http://purl.org/dc/dcmitype/StillImage" />
        <dc:title>Fille saut</dc:title>
        <cc:license
           rdf:resource="http://creativecommons.org/licenses/by/4.0/" />
        <dc:creator>
          <cc:Agent>
            <dc:title>Frédéric Wang</dc:title>
          </cc:Agent>
        </dc:creator>
      </cc:Work>
      <cc:License
         rdf:about="http://creativecommons.org/licenses/by/4.0/">
        <cc:permits
           rdf:resource="http://creativecommons.org/ns#Reproduction" />
        <cc:permits
           rdf:resource="http://creativecommons.org/ns#Distribution" />
        <cc:requires
           rdf:resource="http://creativecommons.org/ns#Notice" />
        <cc:requires
           rdf:resource="http://creativecommons.org/ns#Attribution" />
        <cc:permits
           rdf:resource="http://creativecommons.org/ns#DerivativeWorks" />
      </cc:License>
    </rdf:RDF>
  </metadata>
  <title
     id="title5">Fille saut</title>
  <g
     id="g74">
    <path
       style="fill:#000000;stroke-width:0.926325"
       d="m 388.76157,832.30853 c -0.005,-0.89159 -1.07853,-3.91373 -2.38567,-6.71586 -1.30714,-2.80213 -2.77979,-7.26501 -3.27256,-9.91753 -0.77137,-4.15224 -0.63245,-5.3392 0.99921,-8.53753 1.04233,-2.04313 2.67164,-4.13035 3.62069,-4.63826 0.94905,-0.50792 4.17824,-5.13569 7.17599,-10.28393 2.99774,-5.14823 6.7147,-11.10351 8.25989,-13.23394 1.5452,-2.13042 3.55805,-5.84921 4.473,-8.26396 0.91495,-2.41475 2.05549,-4.6327 2.53453,-4.92876 0.47905,-0.29606 1.92063,-2.60966 3.20352,-5.14133 1.2829,-2.53168 3.73007,-6.43392 5.43818,-8.67165 3.73725,-4.89608 9.43901,-16.64332 10.29638,-21.21347 0.34047,-1.81489 1.59741,-4.35546 2.79318,-5.64573 1.82189,-1.96584 3.00471,-2.34593 7.30047,-2.34593 4.36165,0 6.26819,0.6344 12.78119,4.25291 5.03509,2.79741 9.55701,4.55932 13.21282,5.14822 3.05687,0.49242 6.80848,1.31991 8.33692,1.83889 6.3823,2.16707 7.68477,2.41783 8.84245,1.70233 0.94207,-0.58223 0.65207,-1.49244 -1.28441,-4.03131 -2.39242,-3.13661 -11.42276,-9.83737 -13.25744,-9.83737 -0.48182,0 -0.6981,1.52397 -0.48066,3.38661 0.3523,3.01768 0.20591,3.30878 -1.34391,2.67221 -0.9566,-0.39292 -3.12939,-1.04727 -4.82843,-1.45413 -7.87237,-1.88514 -14.75067,-5.20315 -20.06896,-9.68102 -7.23702,-6.09339 -7.91869,-6.31608 -15.56581,-5.08498 -5.75438,0.92639 -7.6794,0.83987 -14.07657,-0.63264 -8.29994,-1.9105 -18.57069,-2.09907 -45.3908,-0.83337 -17.74152,0.83726 -22.93221,0.30723 -51.41011,-5.24963 -5.34953,-1.04383 -14.52014,-2.07746 -20.37914,-2.29692 -5.85901,-0.21946 -11.75588,-0.82154 -13.10416,-1.33794 -2.54877,-0.97619 -8.15202,-9.38875 -10.01669,-15.03876 -1.23847,-3.75261 -4.74173,-7.15431 -10.22684,-9.93037 -2.29265,-1.16033 -7.17177,-4.11561 -10.84248,-6.56727 -10.28747,-6.87101 -10.411,-6.82536 -21.14738,7.81621 -10.43183,14.22626 -11.93668,17.15041 -10.61498,20.62672 2.78413,7.32282 -0.68912,13.41571 -7.64761,13.41571 -3.44132,0 -4.50731,0.50352 -7.35415,3.47372 -1.83119,1.91054 -3.64119,4.51583 -4.02222,5.78953 -0.38102,1.27369 -3.55268,7.96413 -7.04812,14.86763 -3.49543,6.9035 -6.35534,12.9021 -6.35534,13.33024 0,0.42813 -0.77584,2.49147 -1.72409,4.58519 -5.34004,11.79071 -5.63383,14.79219 -2.06654,21.11307 5.34206,9.46562 3.40126,14.86172 -7.09418,19.72433 -2.52251,1.16869 -7.27438,4.40521 -10.55973,7.19225 -6.35129,5.38797 -14.82022,11.51221 -21.92874,15.85763 -2.38284,1.45662 -6.27644,4.46177 -8.65245,6.67811 -7.53798,7.03145 -11.64498,6.73249 -16.62905,-1.21048 -5.51878,-8.7951 -7.99702,-15.69582 -10.23344,-28.49517 -0.53413,-3.05687 -1.56609,-6.70998 -2.29325,-8.11803 -0.72716,-1.40804 -1.68597,-4.32596 -2.13067,-6.48427 -0.92414,-4.48516 -2.727179,-9.16902 -8.820586,-22.91385 -7.208874,-16.26096 -9.006333,-19.81954 -11.229361,-22.23178 -2.493376,-2.7056 -6.132863,-10.4693 -8.128043,-17.33862 -1.288135,-4.435 -1.274527,-4.99288 0.165153,-6.77081 2.729634,-3.37096 8.290203,-2.72759 14.207592,1.64384 2.744978,2.02784 6.648629,4.57506 8.674779,5.66051 2.026152,1.08545 5.351296,3.00639 7.389206,4.26875 2.03792,1.26237 7.87376,4.36105 12.96855,6.88596 5.09478,2.52491 10.78733,5.51403 12.6501,6.64248 4.28892,2.59819 5.97959,1.93213 7.27121,-2.86459 0.56582,-2.10129 2.81215,-7.64596 4.99184,-12.3215 2.17969,-4.67553 5.77433,-12.66944 7.98809,-17.76422 2.21376,-5.09479 4.7766,-10.11698 5.69519,-11.16043 0.9186,-1.04345 1.94511,-3.33611 2.28115,-5.09478 0.33603,-1.75868 1.59298,-4.90162 2.79322,-6.98429 1.20025,-2.08268 2.18226,-5.28298 2.18226,-7.11179 0,-4.11968 3.39957,-7.16486 7.99868,-7.16486 4.11682,0 4.24016,-2.82216 0.25182,-5.76179 -1.64171,-1.21005 -4.04661,-4.63497 -5.63136,-8.0199 l -2.76597,-5.90793 1.12588,-9.83958 c 0.61924,-5.41178 1.6944,-11.62576 2.38923,-13.80884 0.69484,-2.18309 1.26334,-4.9722 1.26334,-6.19802 0,-1.22583 0.41685,-2.4864 0.92633,-2.80127 0.50948,-0.31488 0.93559,-2.94477 0.94692,-5.8442 0.0247,-6.33659 0.0336,-6.3485 13.22631,-17.76219 8.57913,-7.42228 12.11689,-11.12089 20.61467,-21.55194 0.72634,-0.89158 2.09379,-1.62106 3.03876,-1.62106 0.94498,0 2.42934,-0.78585 3.29856,-1.74633 2.27233,-2.5109 6.36409,-3.03875 12.05834,-1.5556 7.4153,1.93145 10.38333,3.77342 19.35391,12.01116 9.10636,8.36243 13.95072,11.6581 17.14685,11.66516 1.80155,0.004 2.04092,-0.32837 1.489,-2.06733 -0.8336,-2.62644 -5.05245,-9.04382 -5.9455,-9.04382 -1.42914,0 -6.49024,-11.03691 -6.49024,-14.15349 0,-4.66196 -2.4831,-7.22162 -7.9249,-8.16924 -21.21431,-3.69418 -30.4586,-5.68497 -35.70211,-7.68857 -3.90574,-1.49242 -4.51917,-1.5077 -7.4106,-0.18455 -1.73381,0.79339 -3.77764,1.8621 -4.54186,2.37489 -0.76422,0.51278 -3.68214,1.95127 -6.48427,3.19662 -4.94764,2.19889 -11.1198,7.81666 -13.82377,12.58212 -4.53921,7.99983 -7.48169,14.15296 -7.48169,15.64518 0,3.31401 -6.41791,15.43727 -11.32512,21.39286 -5.13207,6.2285 -10.64815,10.85922 -17.67267,14.83614 -2.24976,1.27369 -5.88924,3.56635 -8.08773,5.09478 l -3.99725,2.77898 -18.4409,0.29209 c -19.834777,0.31417 -28.22199,-0.51953 -34.331438,-3.41262 -2.129673,-1.00849 -5.331094,-2.48683 -7.114268,-3.2852 -7.133046,-3.19365 -12.311228,-6.74692 -14.908398,-10.23016 -4.90269,-6.57534 -9.168523,-17.42669 -11.020979,-28.03498 -1.258289,-7.20572 -0.536032,-8.75866 7.794836,-16.7598 3.350777,-3.21816 6.092322,-6.06391 6.092322,-6.32389 0,-0.25997 -1.658435,-2.78866 -3.685412,-5.61931 -6.623975,-9.25027 -12.608795,-28.77607 -13.625394,-44.45358 -0.415943,-6.41449 -0.282879,-6.95594 3.493248,-14.21413 2.24503,-4.31523 4.754231,-7.88281 5.861056,-8.33323 1.064466,-0.43318 5.941848,-1.22452 10.838627,-1.75852 19.849665,-2.16463 31.479621,1.97229 47.98386,17.06847 5.3045,4.85195 10.69737,10.3825 11.98415,12.29014 3.67208,5.44378 4.55892,5.87274 10.79266,5.22037 6.24797,-0.65386 11.0173,-2.32013 17.13701,-5.9872 2.29265,-1.37381 6.25269,-2.7935 8.80008,-3.15487 6.75925,-0.95884 7.49521,-1.90641 4.51516,-5.81346 -3.06525,-4.01875 -7.87529,-12.57088 -16.8003,-29.87049 -3.81122,-7.38742 -7.90441,-14.59028 -9.09596,-16.00637 -2.55517,-3.03664 -3.61219,-7.72773 -2.76219,-12.25865 0.46157,-2.46036 0.26696,-3.38606 -0.79777,-3.79463 -0.77454,-0.29722 -7.28708,-0.0561 -14.47228,0.53592 -14.888634,1.22665 -14.887179,1.22707 -21.66739,-6.22306 -3.462116,-3.80418 -6.02977,-9.49794 -6.063735,-13.44628 -0.03784,-4.39885 11.850662,-6.50841 37.481075,-6.65087 8.00311,-0.0445 9.2848,-0.26658 9.55969,-1.65655 0.3433,-1.7359 -4.18769,-6.53627 -5.43933,-5.7627 -0.41929,0.25913 -3.59741,0.004 -7.06247,-0.5683 -3.46508,-0.5717 -7.34224,-1.13934 -8.61594,-1.26142 -1.2737,-0.12209 -3.46214,-0.49943 -4.8632,-0.83855 -1.40107,-0.33912 -3.55187,-0.82349 -4.77955,-1.0764 -1.404429,-0.2893 -3.580718,-2.43617 -5.868863,-5.78953 -5.879945,-8.61724 -6.990831,-11.57328 -6.283095,-16.71913 0.545054,-3.96302 0.210711,-5.37554 -2.788851,-11.78235 -2.756248,-5.8871 -3.322964,-8.03527 -2.962801,-11.23063 0.42266,-3.74983 0.263155,-4.07168 -3.131089,-6.31789 -4.465233,-2.95495 -9.154506,-11.73771 -9.154506,-17.14591 0,-2.98355 0.669735,-4.47036 3.35009,-7.4372 2.615673,-2.89523 3.245307,-4.25627 2.872122,-6.20846 -0.262883,-1.37519 -0.125396,-3.42767 0.305526,-4.56108 0.573498,-1.50842 79.187667,-102.49269 85.641547,-110.01133 0.50948,-0.59353 4.2611,-3.77217 8.33692,-7.06363 4.07583,-3.29147 8.20552,-6.97327 9.17707,-8.18179 5.2935,-6.58456 8.56285,-8.50208 15.02906,-8.81479 2.98995,-0.1446 6.42465,-0.79601 7.63268,-1.44759 4.19586,-2.26312 7.8555,-1.44492 14.79592,3.308 3.60822,2.47097 6.8437,5.32636 7.18997,6.34532 0.34626,1.01896 3.16192,4.35372 6.257,7.41059 5.26741,5.20239 5.48118,5.57567 3.34157,5.83496 -4.56835,0.5536 -4.99966,0.98677 -3.10668,3.12006 2.50269,2.82039 8.75189,7.25566 10.22306,7.25566 0.69877,0 1.2505,-0.97066 1.2505,-2.20002 0,-1.66361 0.62657,-2.32533 2.56982,-2.71398 2.59773,-0.51955 6.87107,-3.51648 13.64086,-9.56649 4.15796,-3.71586 21.50924,-12.38292 24.79037,-12.38292 0.74375,0 4.63574,-1.04211 8.64886,-2.31581 4.70407,-1.49299 9.45493,-2.31581 13.37118,-2.31581 5.50842,0 6.68101,0.36693 12.58098,3.93688 8.03876,4.86408 12.18725,8.18896 23.11574,18.52649 8.75964,8.28596 9.65596,8.72727 16.57241,8.15974 1.50799,-0.12374 6.1681,-1.89151 10.3558,-3.92838 6.72522,-3.27109 8.14248,-4.42354 12.14137,-9.87269 6.99857,-9.5367 8.57189,-11.92972 8.57189,-13.03787 0,-0.56354 2.03936,-5.29293 4.53192,-10.50974 2.49255,-5.21681 5.65747,-11.98619 7.03314,-15.04306 3.30612,-7.34652 11.53835,-23.60588 13.11924,-25.91162 0.68903,-1.00495 1.25278,-2.40577 1.25278,-3.11294 0,-2.65334 6.92099,-15.16067 9.34393,-16.88595 1.38662,-0.98736 3.97677,-1.7952 5.75588,-1.7952 3.96472,0 7.44987,3.61443 10.73955,11.13793 1.21994,2.79001 2.95343,6.74013 3.85218,8.77805 2.78313,6.31072 5.51832,15.52376 6.11895,20.61072 0.45395,3.84456 0.92204,4.8632 2.23477,4.8632 1.52374,0 5.49199,-4.41075 5.49199,-6.1044 0,-0.398 0.80197,-1.58419 1.78215,-2.63598 0.98019,-1.05179 3.2707,-4.55388 5.09002,-7.78242 2.67329,-4.744 3.58734,-7.76489 4.76482,-15.74752 1.90469,-12.91283 3.28809,-15.34539 8.93668,-15.71433 3.90108,-0.2548 4.47551,-0.0102 6.63925,2.82656 4.35043,5.70369 9.80819,20.39281 12.30426,33.11587 0.24988,1.2737 0.82724,3.14951 1.28303,4.16846 0.45578,1.01896 1.15643,4.35373 1.557,7.4106 0.56831,4.33699 1.07553,5.55795 2.30892,5.55795 0.86934,0 5.65117,-4.37689 10.6263,-9.72641 14.21294,-15.28251 36.59713,-36.10736 38.82211,-36.11766 2.45538,-0.0114 9.31949,4.89742 9.95451,7.11884 2.12015,7.41665 2.48497,12.22955 1.18841,15.67828 -1.77762,4.72834 -2.29843,6.98951 -4.77495,20.73113 -2.19695,12.19037 -3.85091,19.3736 -6.39866,27.78974 -0.84826,2.80213 -1.90794,6.76217 -2.35484,8.80008 -0.44689,2.03792 -1.25546,4.8665 -1.79683,6.28575 -1.39868,3.6668 0.89077,4.27523 5.7864,1.53774 7.45009,-4.16586 33.54766,-22.18903 37.79557,-26.10191 4.00344,-3.68769 10.87076,-13.07305 12.17289,-16.63635 1.08116,-2.95861 5.05606,-4.79305 8.34358,-3.85063 5.79982,1.66262 9.8054,14.14656 8.05916,25.11749 -0.46494,2.92105 -1.53023,9.63053 -2.36732,14.90997 -0.83707,5.27943 -2.96238,14.03319 -4.7229,19.45281 -3.17966,9.78829 -5.86131,20.50231 -5.86131,23.41768 0,3.08204 2.93065,2.73999 6.96319,-0.81272 2.17742,-1.91833 6.98173,-5.36368 10.67625,-7.65633 12.15353,-7.54194 16.11788,-10.36455 20.4935,-14.59136 3.46055,-3.34286 4.76925,-4.06287 6.56534,-3.61208 5.39881,1.35501 10.03656,7.5516 11.1976,14.9613 0.55718,3.55597 -1.14222,11.07024 -4.50414,19.91598 -0.67771,1.78318 -1.44458,4.79982 -1.70416,6.70364 -0.43163,3.16592 -2.46897,10.50708 -7.00868,25.25456 -0.94099,3.05687 -2.2199,8.05902 -2.84202,11.11589 -0.62213,3.05688 -1.503,6.76648 -1.95752,8.24357 -0.45451,1.4771 -0.82638,3.89985 -0.82638,5.3839 0,1.48405 -0.57138,4.6524 -1.26975,7.04078 -0.69835,2.38839 -1.99079,7.46886 -2.87207,11.28995 -0.88127,3.82109 -2.56644,10.49063 -3.7448,14.82119 -1.17838,4.33057 -2.3958,9.02342 -2.70539,10.42854 -0.30959,1.40513 -2.62197,4.62472 -5.13863,7.15466 -5.57253,5.60195 -8.05116,9.95305 -6.53441,11.47088 0.5779,0.57832 4.67761,1.34639 9.11049,1.70684 10.77287,0.87597 13.47932,1.42394 20.56516,4.16379 8.54209,3.30293 12.77539,6.45154 22.31432,16.59675 4.00342,4.25788 5.29833,6.26983 12.15079,18.87921 1.52279,2.80213 3.56171,5.95534 4.53094,7.00714 0.96923,1.05179 1.76223,2.18966 1.76223,2.5286 0,0.33894 1.66558,2.81315 3.70131,5.49824 2.03572,2.6851 3.7031,5.40306 3.7053,6.0399 0.002,0.63685 0.37334,1.15791 0.82476,1.15791 0.45143,0 1.52997,1.56317 2.39676,3.47372 0.86679,1.91054 2.56317,5.55794 3.76972,8.10534 2.24937,4.74909 3.91767,10.25753 4.34849,14.35803 0.2695,2.56516 -0.75743,2.48517 16.91715,1.31757 7.01185,-0.4632 7.63854,-0.34406 11.64672,2.21423 4.54084,2.89825 9.79762,8.78454 13.14665,14.721 1.13852,2.01812 3.40003,5.90002 5.02558,8.62643 3.88545,6.51679 5.94975,16.05041 5.63264,26.01342 -0.23724,7.45346 -0.0962,8.11939 2.52771,11.93498 4.99475,7.26315 7.52934,12.68182 9.68632,20.70822 2.27513,8.46602 2.1916,10.43069 -0.84798,19.94543 -3.29741,10.32174 -6.18014,14.63713 -11.52445,17.25186 -2.6602,1.30152 -7.08728,2.63295 -9.83794,2.95872 -6.34114,0.75101 -8.18617,2.59991 -10.9181,10.94101 -1.16806,3.56635 -3.66624,8.77554 -5.55149,11.57596 -3.07755,4.57154 -4.09012,5.33918 -9.91198,7.51437 -11.15428,4.1675 -23.74112,7.30992 -29.27965,7.30992 -6.64289,0 -14.93953,-6.71498 -18.88445,-15.28436 -4.90115,-10.6465 -5.31608,-12.17557 -5.78164,-21.30546 -0.2598,-5.09478 -0.81738,-9.6981 -1.23907,-10.2296 -0.49569,-0.62475 -3.15685,-0.73214 -7.52813,-0.30378 -3.71877,0.36442 -8.29353,0.27052 -10.16612,-0.20867 -3.5471,-0.90769 -12.83385,-7.41093 -18.09271,-12.66978 -8.63208,-8.63209 -12.08589,-25.09399 -9.44957,-45.03953 1.18473,-8.96325 7.17307,-22.18595 12.80397,-28.27211 2.49848,-2.70047 3.785,-4.94731 3.785,-6.61029 0,-2.81477 -5.72182,-11.90638 -10.15986,-16.14336 l -2.89119,-2.76022 -15.93785,-0.74492 c -20.72378,-0.9686 -20.53102,-0.97033 -26.03976,0.23358 -13.38457,2.92515 -13.35544,2.91626 -20.99083,6.41152 -2.32614,1.06484 -4.76856,1.93608 -5.4276,1.93608 -1.06765,0 -16.41451,6.27447 -23.69074,9.68581 -1.52844,0.71658 -3.82109,1.5832 -5.09479,1.92583 -1.2737,0.34262 -4.05742,1.62178 -6.18606,2.84258 -5.23185,3.00051 -7.7332,2.79977 -12.74066,-1.02252 -2.33608,-1.78317 -4.71007,-3.24213 -5.27553,-3.24213 -0.56545,0 -4.6261,3.27826 -9.02365,7.28502 -4.39755,4.00676 -10.49662,8.85675 -13.55349,10.77774 -10.04557,6.31284 -12.1304,9.79139 -7.63405,12.73751 2.25867,1.47994 2.37601,1.68325 8.15291,14.12647 2.12879,4.5853 4.75872,10.21273 5.84429,12.50538 1.76598,3.72961 1.97377,5.77758 1.97377,19.45282 0,16.24466 -1.27632,23.18812 -5.17297,28.14189 -0.97595,1.24073 -1.77446,2.64658 -1.77446,3.1241 0,0.47753 -0.83369,1.62271 -1.85265,2.54485 -1.01896,0.92215 -1.85265,2.19144 -1.85265,2.82064 0,0.62921 -1.82708,3.62593 -4.06018,6.65938 -6.07252,8.24894 -6.11925,8.90783 -0.84521,11.91483 10.7723,6.14181 12.96928,7.68094 19.70608,13.80549 3.92289,3.56634 9.78683,7.94323 13.03098,9.7264 9.59456,5.27372 31.87415,28.43032 41.00489,42.619 5.43399,8.44414 10.54208,15.12935 17.41869,22.79672 7.70929,8.5958 13.68467,19.15682 14.75345,26.07559 2.54992,16.50688 3.4629,19.83253 6.25198,22.77359 3.36744,3.55092 5.1078,7.01297 6.58773,13.10473 0.61885,2.54739 1.49137,6.09058 1.93893,7.87376 1.08455,4.32113 1.19682,17.74326 0.20144,24.08444 -1.64143,10.45695 -5.50975,16.03396 -14.09308,20.31821 -10.03828,5.01046 -29.71186,8.58045 -36.81534,6.68056 -13.09054,-3.50119 -29.10051,-14.65035 -32.84786,-22.87489 -1.61404,-3.54242 -6.80615,-6.05276 -13.64262,-6.59609 -5.78759,-0.45996 -6.29114,-0.33234 -10.31928,2.61539 -2.32914,1.70443 -5.81663,4.87055 -7.74998,7.03583 -3.81794,4.27597 -6.02681,4.81965 -10.37272,2.5531 -3.80582,-1.98487 -5.21068,-1.74812 -8.21123,1.38378 -2.25851,2.35739 -3.36041,2.77898 -7.2633,2.77898 -4.57587,0 -11.82143,3.24091 -19.60011,8.76706 -1.52843,1.08584 -7.31691,4.24698 -12.86326,7.02475 -5.54637,2.77777 -11.24594,6.19681 -12.66571,7.59788 -2.52918,2.49585 -2.80775,2.54739 -13.76857,2.54739 -10.03342,0 -11.18808,-0.16718 -11.19619,-1.62106 z m 42.05693,-41.01942 c 2.28879,-1.54469 5.54024,-3.27802 7.22545,-3.85184 2.89167,-0.98463 4.27839,-1.94129 12.41194,-8.56262 3.65616,-2.97639 7.18656,-9.81522 8.9009,-17.24218 1.05809,-4.58384 1.01243,-4.8394 -1.16317,-6.5115 -1.34249,-1.0318 -3.7934,-1.7488 -6.01964,-1.76101 -3.06386,-0.0168 -4.26603,0.53363 -6.53019,2.98995 -1.52626,1.65581 -3.37583,4.26109 -4.11016,5.78953 -0.73434,1.52844 -2.7159,4.47154 -4.40349,6.54023 -1.68759,2.0687 -4.0553,5.61189 -5.26158,7.87376 -9.44209,17.70468 -9.64382,20.53553 -1.05006,14.73568 z m 127.4877,1.87247 c 0.96198,-0.51485 4.37355,-1.19354 7.58128,-1.50824 3.20773,-0.31468 7.09864,-1.33182 8.64648,-2.26029 3.76704,-2.25968 6.56088,-7.58642 7.32313,-13.96225 0.88756,-7.42413 0.19655,-7.7666 -15.33913,-7.60225 -14.04089,0.14854 -20.17584,-0.60437 -25.97492,-3.18774 -2.21301,-0.98586 -5.2742,-2.08935 -6.80264,-2.4522 -1.53552,-0.36455 -4.56324,-2.57388 -6.76661,-4.93762 l -3.98765,-4.27788 -2.03346,2.51069 c -1.97294,2.43595 -2.50716,2.55182 -17.94781,3.89264 -8.75288,0.76007 -16.54374,1.62348 -17.31301,1.91867 -1.74101,0.6681 -4.39346,4.59934 -3.62303,5.36978 1.03981,1.03982 5.32892,0.5304 7.15346,-0.84961 3.70214,-2.80016 10.07792,-1.72563 21.23853,3.5794 9.17817,4.3627 10.98163,5.62471 15.44604,10.80861 10.28747,11.94542 13.63317,13.89251 23.87354,13.89362 3.72721,4e-4 7.56383,-0.4205 8.5258,-0.93533 z m -423.20784,-3.01606 c 5.67951,-3.47371 13.83409,-9.99939 14.42738,-11.54547 0.78321,-2.04104 -6.24956,-7.9171 -16.44896,-13.7435 -0.95143,-0.5435 -3.13325,-3.02462 -4.84848,-5.5136 -3.5049,-5.08594 -11.01513,-9.64591 -16.42871,-9.97498 -2.96471,-0.18021 -3.21568,9.3e-4 -2.93293,2.11874 0.17007,1.27369 1.91341,5.65058 3.87408,9.72641 6.16498,12.81564 9.81338,21.16216 11.13508,25.47392 0.70279,2.29265 1.71211,4.47471 2.24295,4.84902 1.80257,1.27102 5.58582,0.68517 8.97959,-1.39054 z m 26.72275,-37.37027 c 0,-0.62498 1.04212,-3.21113 2.31581,-5.74701 1.2737,-2.53587 2.31581,-5.11109 2.31581,-5.7227 0,-0.61163 0.58833,-2.21847 1.30741,-3.57078 3.97718,-7.47962 10.73481,-21.54247 10.73481,-22.33953 0,-1.76244 7.21552,-16.32028 8.69951,-17.55188 2.20719,-1.83179 1.83682,-5.91903 -0.75717,-8.35596 -1.23599,-1.16115 -2.59074,-1.89313 -3.01056,-1.62664 -0.89924,0.57082 -3.53791,5.67708 -8.22682,15.92024 -1.86576,4.07583 -5.16085,10.95379 -7.32241,15.28436 -2.16156,4.33057 -4.66105,9.95799 -5.55439,12.50538 -0.89336,2.54739 -1.95498,5.46531 -2.35915,6.48427 -1.90999,4.8153 -2.76654,7.79369 -3.55043,12.3456 -0.78806,4.57604 -0.70652,4.99098 1.12095,5.70448 2.03932,0.79622 4.28663,-0.94948 4.28663,-3.32983 z m 405.30908,-12.8255 c 2.65356,-2.65357 2.79005,-4.4651 0.8414,-11.16822 -1.0817,-3.72091 -3.34707,-7.21683 -9.25428,-14.28123 -4.30208,-5.14483 -10.37312,-13.41299 -13.49122,-18.37369 -3.11809,-4.9607 -7.74916,-11.31211 -10.29128,-14.11424 -7.7835,-8.57965 -19.54716,-20.37914 -20.31725,-20.37914 -0.40076,0 -2.09793,-1.20057 -3.77145,-2.66792 -1.67354,-1.46736 -4.9186,-3.55967 -7.21125,-4.64959 -2.29266,-1.08993 -6.82292,-4.46277 -10.06725,-7.4952 -6.99834,-6.54126 -13.86178,-11.12438 -16.6593,-11.12438 -1.26444,0 -2.67159,1.07679 -3.77221,2.88663 -0.9655,1.58764 -3.39604,3.98451 -5.40118,5.32636 -2.00515,1.34186 -6.04769,5.04503 -8.98343,8.22927 -2.93575,3.18424 -5.92994,5.78953 -6.65377,5.78953 -0.72384,0 -4.32635,1.41595 -8.00557,3.14655 -8.70695,4.09551 -14.09795,4.75857 -24.39992,3.00105 -4.52466,-0.77192 -10.93616,-1.66804 -14.24777,-1.99139 -3.31161,-0.32335 -8.93903,-1.14281 -12.50538,-1.82102 -14.34056,-2.72717 -19.16963,-3.3844 -34.27401,-4.66472 -8.66113,-0.73416 -19.08228,-2.01479 -23.15811,-2.84584 -4.07583,-0.83104 -11.78748,-1.81288 -17.13701,-2.18185 -8.33313,-0.57477 -10.54247,-1.09016 -15.42331,-3.5979 -6.94229,-3.5669 -16.34611,-13.37121 -21.26988,-22.17576 -1.88632,-3.37305 -4.4672,-7.09438 -5.73529,-8.26961 -2.3788,-2.20458 -6.12264,-2.84018 -7.12988,-1.21044 -1.74009,2.81553 -7.19077,0.0966 -14.15511,-7.06079 -10.40282,-10.69126 -22.71877,-20.7041 -25.48216,-20.71694 -3.08262,-0.0144 -8.52441,2.63942 -14.02975,6.84175 -5.49062,4.19107 -21.82762,21.32877 -21.83189,22.90187 -0.002,0.70193 -0.86146,2.68361 -1.91014,4.40373 -3.65064,5.98806 -3.42843,12.53873 1.11935,32.99917 2.14215,9.63752 4.56039,18.20812 5.43088,19.2478 1.05607,1.26133 5.45019,-2.98623 12.78701,-12.36051 10.28342,-13.13916 12.21875,-15.84965 12.21875,-17.1126 0,-0.61979 0.62527,-1.64583 1.38949,-2.28007 0.76421,-0.63425 1.38948,-1.79879 1.38948,-2.58787 0,-2.62823 2.91709,-4.82273 6.41072,-4.82273 4.76859,0 8.4714,2.40006 14.00094,9.07507 3.15932,3.81378 6.47512,6.65786 9.57874,8.21602 6.06202,3.04341 15.73045,9.7708 20.49429,14.26012 7.68414,7.24134 17.97596,12.49138 26.91259,13.72858 3.5393,0.48999 10.46085,1.72687 15.38123,2.74862 18.3394,3.80832 28.80368,4.8979 41.73325,4.34542 6.77088,-0.28931 20.23075,-0.76895 29.91084,-1.06586 11.89207,-0.36476 18.61324,-0.96133 20.72385,-1.83947 1.71802,-0.71478 4.63594,-1.31288 6.48427,-1.32908 1.84833,-0.0162 4.16975,-0.64148 5.15871,-1.38948 0.98896,-0.74802 2.25366,-1.36003 2.81044,-1.36003 0.55679,0 4.33294,2.71617 8.39145,6.03592 4.05853,3.31976 8.84512,7.22174 10.6369,8.67109 4.14741,3.35479 9.94331,6.31506 14.49168,7.40168 8.44704,2.01802 14.19037,3.77131 16.8369,5.13988 1.56078,0.80712 3.58798,1.46953 4.50486,1.47201 1.77934,0.005 9.19799,3.64193 21.15976,10.3739 6.91747,3.89308 14.68049,6.81713 27.74986,10.4524 3.05687,0.85028 6.40074,2.08589 7.43083,2.74581 1.03008,0.65993 3.65601,1.50113 5.83539,1.86934 2.23513,0.37761 5.68763,1.98627 7.91981,3.69013 4.92505,3.75937 5.66321,4.04803 10.58269,4.13845 3.0508,0.056 4.50937,-0.45726 6.25269,-2.20058 z M 430.72882,636.77289 c 3.73694,-0.51619 5.53323,-1.56936 11.3161,-6.6347 6.44647,-5.64659 8.15782,-8.39926 6.03684,-9.7101 -1.15658,-0.71481 -4.34445,-7.91716 -5.64962,-12.76419 -1.14446,-4.25022 -3.40577,-8.09442 -4.76145,-8.09442 -0.4996,0 -2.18805,-0.9379 -3.7521,-2.08423 -1.56405,-1.14633 -4.40662,-2.91792 -6.31681,-3.93688 -5.93996,-3.16856 -16.91634,-9.73927 -20.17171,-12.07524 -2.72325,-1.95415 -6.29909,-6.51956 -10.0773,-12.86609 -2.14682,-3.60618 -0.66804,-12.53445 1.83727,-11.09256 0.6378,0.36709 0.85061,0.32631 0.47293,-0.0906 -1.10119,-1.21554 1.17501,-3.24429 3.64,-3.24429 2.95347,0 5.13642,1.19532 11.8679,6.49857 7.13533,5.62142 16.25977,11.1758 25.27739,15.38728 3.92918,1.83504 9.32922,4.36006 12.00009,5.61115 2.67087,1.2511 5.60482,2.03709 6.51988,1.74666 1.9894,-0.63141 7.36736,-6.89988 13.40317,-15.62254 4.25121,-6.14365 4.39986,-6.5834 4.39468,-13.00049 -0.0106,-13.20862 -1.48231,-17.93606 -8.8441,-28.41037 -5.19097,-7.38567 -10.80631,-12.04222 -14.52176,-12.04222 -1.2336,0 -3.25348,1.08178 -4.48862,2.40396 -1.23514,1.32218 -4.12151,3.48281 -6.41416,4.8014 -2.29265,1.31859 -5.94081,3.9977 -8.10702,5.95358 -2.16621,1.95588 -5.08413,4.05467 -6.48427,4.66397 -1.40014,0.60931 -4.00468,2.01254 -5.78785,3.1183 -1.78318,1.10576 -5.74321,2.70218 -8.80008,3.54761 -3.05687,0.84543 -7.64218,2.12968 -10.18957,2.85389 -2.5474,0.72421 -6.50743,1.58631 -8.80009,1.91578 -2.29265,0.32947 -4.91121,0.98925 -5.81902,1.46617 -5.03527,2.64529 -17.67568,6.44594 -22.89704,6.88454 -3.31161,0.27819 -10.18957,1.56874 -15.28435,2.86789 -5.09479,1.29916 -13.01486,2.70691 -17.60017,3.12833 -9.00809,0.82791 -12.03701,1.44007 -22.69495,4.58683 -9.6223,2.84097 -18.62167,2.85563 -24.03988,0.0392 -4.64061,-2.4123 -13.53212,-5.62052 -15.57702,-5.62052 -1.05161,0 -1.20922,0.76287 -0.71762,3.47372 0.7219,3.98077 5.79143,17.40426 9.81114,25.97868 1.50351,3.20712 2.73365,6.28642 2.73365,6.84291 0,1.29544 9.30291,15.11108 16.54755,24.57456 2.94484,3.84675 8.81457,6.52952 10.75773,4.91684 0.77593,-0.64396 1.41078,-1.68885 1.41078,-2.32198 0,-2.0027 3.76614,-6.03261 5.63775,-6.03261 2.72329,0 5.34502,1.75563 12.10393,8.10534 3.38944,3.18424 6.72421,5.79791 7.41059,5.80816 0.68639,0.0103 3.95748,0.42578 7.26909,0.92342 8.89522,1.33671 22.04995,2.84685 27.32657,3.13704 13.58721,0.74724 30.09021,2.61817 33.34768,3.7806 3.9073,1.39432 18.61772,1.74047 26.67385,0.62766 z M 102.84009,597.64066 c 9.20674,-0.81858 12.24449,-1.4808 16.55806,-3.60957 9.90683,-4.88909 20.90574,-14.90767 22.40947,-20.41212 0.58925,-2.15697 8.19866,-19.16407 9.94106,-22.21837 0.43596,-0.76421 1.80555,-3.29063 3.04352,-5.61426 1.23798,-2.32362 3.7429,-6.01061 5.5665,-8.19332 1.8236,-2.18271 3.0643,-4.37522 2.75713,-4.87226 -1.02521,-1.65882 -8.10324,0.27937 -17.82431,4.88086 -9.12001,4.31697 -9.95995,4.53574 -17.41459,4.53574 -9.1056,0 -11.05748,-0.83966 -16.74606,-7.20378 -22.320679,-24.97138 -23.86751,-26.11256 -38.700074,-28.55103 -11.258593,-1.8509 -13.438998,-1.2582 -16.170624,4.39561 -2.190167,4.53312 -2.422782,10.73061 -0.60335,16.07484 0.97851,2.87419 2.221321,4.23712 5.540759,6.07628 2.353616,1.30404 5.497423,3.53802 6.986241,4.9644 4.443961,4.25758 5.049719,2.81038 4.451721,-10.63552 -0.467133,-10.50342 -0.344474,-11.98978 1.097086,-13.29437 4.144781,-3.75099 11.731655,0.76773 13.937421,8.30105 2.740486,9.35956 3.626961,13.38102 4.243678,19.25128 0.434675,4.13747 1.121433,6.50149 1.984986,6.83286 0.792539,0.30413 3.000087,-1.24637 5.522188,-3.87858 3.729868,-3.89271 4.526448,-4.32033 7.092058,-3.80721 6.45999,1.292 9.33483,3.54566 12.35823,9.68798 3.84668,7.81492 4.42621,12.41683 2.13039,16.91702 -1.92724,3.77771 -9.41041,10.0695 -11.9762,10.0695 -0.86982,0 -3.60779,1.0774 -6.08439,2.39422 -4.647599,2.47115 -4.960895,2.48192 -14.762677,0.50728 -15.226614,-3.06752 -17.890976,-3.26255 -21.524694,-1.57568 -4.86453,2.25825 -8.05412,6.38625 -6.777543,8.77156 2.336106,4.36505 13.4518,9.40166 22.74429,10.30561 3.566349,0.34693 7.037805,0.69191 7.714347,0.76663 0.676541,0.0747 6.303963,-0.31527 12.505377,-0.86665 z m 601.92402,-4.64129 c 16.82141,-4.36031 17.92427,-5.71477 17.93778,-22.02973 0.008,-10.3467 0.0535,-10.57028 2.49711,-12.41062 2.21804,-1.6705 2.80581,-1.74263 5.41,-0.66394 6.14888,2.54695 17.06522,0.51659 22.04798,-4.10076 3.04972,-2.82608 5.71712,-7.74948 5.71712,-10.55248 0,-2.8826 -3.82105,-5.73611 -7.68105,-5.73611 -5.45502,0 -10.22789,-5.06855 -11.77062,-12.49983 -2.01062,-9.68512 -1.64109,-13.34992 1.84143,-18.26258 2.53355,-3.57398 3.06316,-5.13226 2.93108,-8.6242 -0.17525,-4.6333 -2.36867,-9.66181 -6.20122,-14.21652 -2.77804,-3.30152 -4.1719,-3.48641 -10.90376,-1.44628 -9.0545,2.74402 -10.42068,3.6597 -12.56186,8.41959 -3.13726,6.9742 -3.2785,7.1571 -6.93038,8.97421 -2.2312,1.11021 -4.30266,1.49742 -5.8855,1.10014 -5.56684,-1.39718 -14.98887,-16.10207 -15.81677,-24.68508 -0.39546,-4.09994 -0.25427,-4.39775 3.51331,-7.4106 l 3.92534,-3.139 -0.50673,-7.9385 c -0.56077,-8.78529 -0.98207,-9.69465 -11.19647,-24.16718 -2.99918,-4.24945 -7.48854,-11.89474 -9.97634,-16.98952 -8.69007,-17.79639 -15.94042,-21.29566 -48.00394,-23.16834 -5.64103,-0.32947 -10.95552,-1.1596 -12.68854,-1.98198 -2.90488,-1.37846 -3.08514,-1.33504 -6.96733,1.67806 -2.19192,1.70121 -4.29975,3.58039 -4.68406,4.17595 -0.38432,0.59555 -2.58781,1.80425 -4.89666,2.68601 -3.52988,1.34807 -4.55224,1.41356 -6.4246,0.4115 -3.84798,-2.05937 -9.58936,-0.56359 -22.57417,5.88118 -6.79931,3.37472 -14.09412,6.72641 -16.21068,7.4482 -8.46663,2.8873 -14.35212,5.47299 -20.8101,9.14259 -5.66196,3.21728 -6.68353,4.1575 -6.23111,5.73493 1.68238,5.86572 2.12331,11.10924 1.54717,18.39891 -0.35538,4.49637 -0.32922,8.37108 0.0581,8.61048 1.23572,0.76372 21.4675,-6.10547 23.25903,-7.89701 0.55823,-0.55822 1.47855,-1.01493 2.04517,-1.01493 0.56663,0 2.6717,-0.78053 4.67794,-1.73451 2.00624,-0.95397 5.31509,-2.26424 7.35301,-2.9117 2.03791,-0.64747 5.27691,-1.74275 7.19776,-2.43396 1.92085,-0.69121 4.73438,-1.25675 6.25227,-1.25675 1.51791,0 6.51468,-0.64799 11.10395,-1.43997 4.58926,-0.79197 8.73791,-1.19658 9.2192,-0.89912 0.48129,0.29746 8.87112,0.75525 18.64406,1.01731 12.32097,0.33041 18.51189,0.86149 20.19201,1.73216 6.09887,3.16054 14.47156,12.31459 19.20666,20.9991 2.60778,4.78283 5.06554,9.73818 5.4617,11.01188 0.39616,1.27369 1.60729,3.77477 2.6914,5.55794 3.10076,5.10018 4.19349,9.21461 4.83043,18.18792 0.58999,8.31169 0.58294,8.34867 -1.97549,10.36113 -1.45959,1.14811 -3.88601,2.01966 -5.62279,2.01966 -8.04523,0 -16.06267,20.47382 -12.08886,30.87089 4.32068,11.30463 11.40416,12.58813 26.81917,4.85951 4.66989,-2.34134 9.39663,-4.25213 10.50387,-4.24617 2.74077,0.0147 7.2487,3.983 10.15149,8.93625 2.98256,5.08933 3.15832,10.22309 0.89958,26.27489 -1.71573,12.19293 -2.05293,18.71107 -1.05176,20.33099 0.87462,1.41517 3.32406,1.21379 11.72565,-0.96401 z M 304.47509,535.72516 c 0,-0.46984 -1.93238,-2.506 -4.29418,-4.5248 -3.81009,-3.25677 -4.34345,-4.18335 -4.73126,-8.2195 -0.3822,-3.97755 -0.10985,-4.93787 2.16821,-7.64518 1.43292,-1.70293 5.39998,-4.88758 8.81569,-7.07699 l 6.21038,-3.98076 -0.82018,-3.53366 c -1.26576,-5.4533 -1.04355,-7.17517 1.36481,-10.57568 1.22605,-1.73115 3.39579,-5.4402 4.82165,-8.24233 1.65173,-3.24607 5.60381,-8.02531 10.89129,-13.17089 5.53647,-5.38785 7.86285,-8.229 6.98899,-8.53547 -0.72042,-0.25264 -3.18566,-1.1344 -5.47832,-1.95945 -2.29265,-0.82505 -6.49621,-2.08283 -9.34123,-2.79506 -9.52495,-2.3845 -15.10405,-5.45774 -19.52259,-10.75401 -10.57585,-12.67666 -14.58678,-29.11019 -11.491,-47.08065 2.29608,-13.3282 3.09992,-15.56986 7.16462,-19.97953 3.36737,-3.65317 14.45619,-11.50852 16.26208,-11.52011 0.39459,-0.003 1.96798,-1.0077 3.49642,-2.23372 l 2.77897,-2.22913 -2.01614,-2.16631 c -2.33226,-2.50599 -4.89823,-9.3347 -4.91782,-13.08754 -0.0424,-8.12688 15.84699,-24.7436 28.23942,-29.53209 8.90903,-3.44248 9.83486,-3.56638 18.26365,-2.44416 7.74556,1.03125 8.36534,1.28645 12.31478,5.07067 5.3834,5.1582 5.71645,9.12987 1.14819,13.692 -2.82535,2.82155 -3.5104,3.03757 -11.13532,3.51137 -7.08747,0.4404 -8.78611,0.90215 -13.30493,3.61671 -7.25712,4.35953 -15.30684,14.05792 -13.75382,16.57076 0.30563,0.49452 4.81983,0.89912 10.03156,0.89912 7.68833,0 10.16811,0.35378 13.14545,1.87542 2.01827,1.03148 5.23276,2.28202 7.1433,2.77897 1.91054,0.49696 5.11892,1.3305 7.12973,1.85232 3.57185,0.92691 14.86859,9.35602 17.41902,12.99727 1.62318,2.31741 2.4573,2.27244 9.28128,-0.50039 3.11574,-1.26604 9.27524,-2.93147 13.6878,-3.70095 4.41254,-0.76949 9.10631,-1.92209 10.43058,-2.56132 l 2.40776,-1.16226 -0.0438,-18.78814 -0.0438,-18.78814 -2.41345,-2.51733 c -1.3274,-1.38453 -5.03982,-3.53402 -8.24984,-4.77666 -3.21001,-1.24263 -6.8785,-2.94657 -8.1522,-3.78652 -2.15096,-1.41848 -7.72805,-3.57082 -14.35803,-5.54111 -24.03433,-7.1425 -32.27821,-7.87272 -47.78879,-4.23296 -5.81331,1.36416 -12.44546,3.10839 -14.73811,3.87606 -2.29266,0.76765 -6.67463,1.95497 -9.7377,2.63846 -3.06309,0.68348 -8.2383,2.11891 -11.50047,3.18983 -7.32286,2.40397 -8.84859,2.41645 -14.53338,0.11884 -3.8953,-1.57434 -26.02274,-6.50864 -29.18742,-6.50864 -0.60251,0 2.8468,3.85582 7.66516,8.5685 7.45533,7.29182 9.00153,9.3276 10.37739,13.66329 3.67496,11.58071 2.66996,17.60016 -2.9385,17.60016 -2.94306,0 -8.16496,-4.88726 -11.01431,-10.30846 -2.83641,-5.39657 -6.39576,-9.07345 -10.65456,-11.00637 -5.2055,-2.36257 -7.5319,-2.29784 -16.23598,0.45178 -5.64729,1.78397 -8.39116,2.17197 -12.32162,1.74236 -6.19998,-0.67768 -8.54551,-2.07163 -11.58348,-6.88408 -1.2937,-2.04937 -2.88653,-3.93116 -3.5396,-4.18177 -1.3954,-0.53547 -7.16564,1.98453 -14.94416,6.52644 -3.05687,1.78493 -7.09684,4.08312 -8.9777,5.10709 -1.88087,1.02397 -4.9235,2.88224 -6.76142,4.12948 -1.83791,1.24724 -4.88432,2.73101 -6.76981,3.29725 -1.88549,0.56625 -6.13765,2.23458 -9.44926,3.70739 -13.34882,5.93682 -16.94713,7.41889 -18.01217,7.41889 -1.24282,0 -15.35414,5.82506 -19.18373,7.91892 -1.35231,0.73938 -3.07713,1.34433 -3.83294,1.34433 -0.75581,0 -3.45031,1.42811 -5.98778,3.17359 -2.53746,1.74546 -6.44007,3.66496 -8.67245,4.26555 -13.538851,3.64243 -11.64607,9.2347 3.12562,9.2347 3.36963,0 7.11275,0.37493 8.31804,0.83317 3.74433,1.4236 7.13616,0.14546 9.48407,-3.57386 5.81714,-9.21495 9.15054,-11.87793 24.32765,-19.43489 8.03118,-3.99887 16.68638,-8.00777 19.23377,-8.90868 6.13287,-2.16893 22.46141,-2.81751 34.01753,-1.35119 7.85823,0.99711 10.39788,1.81956 19.91597,6.44974 8.64899,4.20739 11.59625,6.15361 14.22526,9.39362 4.21672,5.19671 9.54084,15.55183 11.43039,22.23145 1.98147,7.00462 1.96343,27.38221 -0.0335,37.89789 -0.8224,4.33057 -1.75974,9.56262 -2.08297,11.62679 -0.74659,4.76779 -7.49165,15.8528 -13.78109,22.64823 -2.78521,3.00928 -7.09283,6.37868 -10.09999,7.90017 -4.56833,2.31136 -6.44779,2.68742 -14.59633,2.92054 -16.63041,0.47578 -38.93845,-1.17526 -42.90883,-3.17574 -8.97913,-4.52413 -15.4665,-8.71522 -18.50552,-11.95529 -2.33614,-2.49068 -4.90745,-2.86542 -4.90745,-0.71522 0,0.80286 3.54628,8.61873 7.88064,17.36859 6.82012,13.76794 8.83849,16.96844 14.9983,23.7826 7.21066,7.97663 19.92278,18.95709 25.70935,22.20722 8.33299,4.68036 26.48599,9.44636 42.65467,11.19881 4.58531,0.49699 13.75592,1.62396 20.37914,2.50439 6.62322,0.88042 16.34359,1.50551 21.60082,1.38907 8.96866,-0.19865 9.88339,-0.044 14.82119,2.50531 5.51582,2.84776 7.57841,3.37899 7.57841,1.95188 z m -47.12838,-34.30073 c -4.60156,-1.15587 -10.34926,-5.57735 -12.39269,-9.53323 -0.98492,-1.90673 -2.01526,-5.94248 -2.28964,-8.96832 -0.42508,-4.6879 -0.20198,-5.88768 1.50854,-8.11229 7.84999,-10.20939 9.51013,-12.80457 11.25607,-17.59592 1.08104,-2.96667 2.18433,-6.22765 2.45175,-7.24661 0.26742,-1.01895 1.27309,-3.54743 2.23481,-5.61882 0.96174,-2.0714 1.74861,-4.48722 1.74861,-5.36848 0,-2.55609 4.22798,-6.1497 7.23528,-6.1497 3.91658,0 10.84529,5.66589 13.61664,11.13487 2.85793,5.63986 2.85946,6.52571 0.0214,12.39386 -2.90794,6.01269 -6.99977,16.1296 -7.64332,18.89791 -0.3506,1.50809 0.40518,3.26915 2.58402,6.02111 1.69374,2.13927 3.58981,4.2048 4.21348,4.59006 0.62366,0.38526 2.0155,2.12687 3.09297,3.87025 2.32298,3.75866 1.8692,6.76128 -1.50019,9.92665 -2.10419,1.9768 -3.21897,2.18428 -12.65858,2.35603 -5.69316,0.10359 -11.75878,-0.16523 -13.47916,-0.59737 z m 77.23392,33.00912 c 5.09479,-0.69109 10.87733,-1.94995 12.85009,-2.79747 1.97276,-0.84751 4.7031,-1.54094 6.06742,-1.54094 2.4248,0 4.70377,-1.45213 4.70377,-2.99716 0,-1.66945 -8.63413,-4.34074 -15.93478,-4.93002 l -7.6865,-0.62042 -8.33692,4.37237 c -8.96447,4.70147 -12.50538,7.40792 -12.50538,9.5583 0,1.49945 3.31006,1.33355 20.8423,-1.04466 z m -159.84365,-6.13891 c 1.08228,-0.68475 1.13016,-1.2994 0.25145,-3.22795 -1.37248,-3.01226 -3.69499,-3.07455 -4.43679,-0.11899 -0.93361,3.7198 1.06719,5.31979 4.18534,3.34694 z m 223.2377,-8.98617 c 9.15359,-2.29344 21.376,-8.98947 28.08678,-15.38729 3.18078,-3.03245 7.89198,-6.91683 10.46932,-8.63195 2.57733,-1.71511 6.03596,-4.79815 7.68582,-6.85119 2.49268,-3.1018 3.55857,-3.73281 6.3055,-3.73281 6.39875,0 17.35617,-4.45985 23.93901,-9.74356 2.04091,-1.63815 5.06737,-3.27642 6.72546,-3.64059 3.07301,-0.67495 12.68471,-8.04729 16.88311,-12.94967 4.96023,-5.79192 7.59197,-15.38429 6.75309,-24.61403 -0.67832,-7.46298 -1.91171,-9.40774 -8.27576,-13.04888 -5.95262,-3.40574 -14.62082,-4.64358 -18.6622,-2.665 -1.37657,0.67394 -5.83944,4.6937 -9.91748,8.93278 -6.79096,7.05914 -7.71674,7.70743 -11.00655,7.70743 -5.26719,0 -9.11845,-2.85135 -12.55178,-9.29294 l -2.98488,-5.60019 -3.63077,3.74126 -3.63078,3.74127 h -7.24846 c -3.98666,0 -11.53902,0.64154 -16.78302,1.42563 -7.45683,1.11497 -10.23468,1.19457 -12.74732,0.36533 -3.62639,-1.19681 -2.60932,-1.91637 -15.58677,11.02729 -6.34555,6.32902 -14.14429,12.19252 -16.21667,12.19252 -1.98559,0 -0.62552,2.16169 4.54048,7.21662 4.57469,4.47633 5.60022,6.08986 6.48106,10.19708 0.57554,2.6836 1.88156,6.51629 2.90229,8.51707 3.18725,6.24754 2.55406,11.96924 -2.3126,20.89724 -2.29265,4.20593 -4.16846,8.29566 -4.16846,9.08829 0,0.79263 1.71331,3.02112 3.80735,4.95219 2.09405,1.93109 4.82502,4.44897 6.06883,5.59529 2.74691,2.5316 6.63263,2.67615 15.0754,0.56081 z m 51.36061,-40.70652 c -7.4615,-3.1335 -12.9323,-15.49143 -9.60789,-21.70314 1.40064,-2.61713 18.12439,-13.27168 25.00183,-15.92844 13.68934,-5.28822 14.70166,-5.47567 19.29535,-3.57291 3.2281,1.33712 8.49438,9.98999 8.49438,13.95685 0,3.86148 -3.1723,6.62231 -12.0912,10.52292 -7.89197,3.45149 -16.1889,8.6562 -21.71964,13.62487 -4.34685,3.9051 -6.08586,4.48023 -9.37283,3.09985 z m -95.50737,19.76657 c 2.29444,-4.9514 5.81429,-12.98986 7.15268,-16.33489 1.13367,-2.83334 1.08789,-3.25643 -0.4761,-4.40004 -2.39403,-1.75056 -4.3628,-1.5904 -9.17212,0.74614 -2.88599,1.40213 -5.04827,3.4365 -7.1381,6.71586 -1.64889,2.58744 -4.4073,6.29648 -6.1298,8.24231 -4.44603,5.02252 -3.8162,6.52786 3.00857,7.19071 11.37428,1.10472 11.23074,1.12903 12.75487,-2.16009 z M 170.50396,428.48021 c 0.77122,-10.03328 1.7615,-13.79451 5.76433,-21.89393 3.95447,-8.00155 6.89967,-11.5257 12.30958,-14.72929 5.02584,-2.97615 11.52306,-3.40046 16.13175,-1.0535 4.25149,2.16506 13.18022,11.3489 14.77832,15.20057 0.74817,1.80319 1.64569,5.97165 1.99449,9.26325 0.53639,5.06189 0.28348,6.94836 -1.64021,12.2344 -1.25091,3.43733 -1.9648,6.44103 -1.58643,6.67488 1.1686,0.72224 7.25195,-3.9434 8.67418,-6.65268 0.74104,-1.41163 2.21279,-4.23399 3.27055,-6.27191 3.64421,-7.02106 6.82048,-19.04874 6.75919,-25.59523 -0.0605,-6.45899 -2.49045,-12.65131 -6.73946,-17.17417 -3.26486,-3.47529 -13.73145,-6.02548 -26.71454,-6.50904 l -11.57905,-0.43126 -3.40921,3.21148 c -2.75838,2.5984 -4.61511,3.42148 -9.72611,4.31152 -8.67198,1.51016 -15.7195,6.3151 -17.39497,11.85973 -0.34808,1.15192 -1.74967,2.69983 -3.11462,3.43983 -4.61619,2.50257 -5.06088,3.06796 -5.95451,7.57084 -2.00506,10.10312 -0.68363,15.94604 5.79801,25.63689 4.15576,6.21339 9.30061,10.54301 11.16149,9.39292 0.32624,-0.20163 0.87399,-4.02001 1.21722,-8.4853 z m 192.79273,-8.6022 c 1.52844,-1.00372 5.38416,-4.82318 8.56828,-8.48771 7.79495,-8.97099 9.58138,-15.55319 5.52486,-20.35652 -1.128,-1.33568 -2.91357,-2.87324 -3.96792,-3.41682 -2.91308,-1.50185 -10.29873,-1.58942 -17.71725,-0.21007 -6.07464,1.12948 -6.88681,1.09451 -9.15909,-0.39435 -2.24741,-1.47256 -3.31633,-1.52819 -10.83547,-0.56389 -9.86546,1.26519 -14.39484,3.56949 -20.61494,10.48775 -3.1163,3.46607 -4.15619,5.33455 -3.95106,7.0993 0.22827,1.96368 0.69142,2.33654 2.57122,2.06997 1.26104,-0.17883 9.2782,8.49652 10.29581,7.78376 1.24889,-0.87475 -1.6225,-10.70076 3.94393,-10.70076 6.87353,0 9.13433,0.39842 13.57863,2.39289 5.03591,2.25999 11.11756,7.99884 14.88854,14.04937 1.59445,2.55828 3.26368,2.61827 6.87446,0.24708 z m 77.3481,-8.48254 c 0,-2.10948 -0.78822,-5.54846 -1.75161,-7.64217 -0.96337,-2.09372 -2.49473,-5.5985 -3.403,-7.78839 -0.90826,-2.1899 -1.99722,-4.19536 -2.41989,-4.4566 -0.42268,-0.26122 -3.58085,0.84456 -7.01815,2.45729 -3.43731,1.61274 -8.02125,3.75166 -10.18653,4.75316 -2.16528,1.0015 -3.93688,2.15397 -3.93688,2.56105 0,1.01418 5.79306,1.8864 12.61065,1.89866 4.92917,0.009 5.99182,0.33881 8.19846,2.54545 1.39439,1.3944 3.33551,4.1039 4.3136,6.02111 2.31778,4.54323 3.59335,4.41914 3.59335,-0.34956 z m -33.37641,-8.79562 c 0.64471,-0.64472 -2.03791,-2.15953 -3.85348,-2.17597 -1.87336,-0.017 -2.95276,1.44794 -2.09251,2.83985 0.56437,0.91318 4.8471,0.43501 5.94599,-0.66388 z m 115.7003,-4.65271 c 5.49913,-1.4795 14.90567,-5.36087 25.66307,-10.58924 9.34008,-4.53952 17.44521,-8.25366 18.0114,-8.25366 0.56619,0 6.45642,-2.7095 13.0894,-6.02111 6.63298,-3.31161 12.61289,-6.02111 13.28869,-6.02111 1.48945,0 5.65915,-4.7985 6.51621,-7.49885 1.10092,-3.46868 -0.78067,-3.77476 -7.50542,-1.2209 -3.5296,1.34044 -11.41961,4.0976 -17.53335,6.12702 -6.11374,2.02942 -13.61697,4.66209 -16.67384,5.85038 -3.05687,1.18828 -8.61885,3.05485 -12.35996,4.14793 -3.7411,1.09309 -9.40314,3.41719 -12.5823,5.16468 -10.07976,5.54054 -14.20248,4.01288 -19.39446,-7.18653 -3.06071,-6.60217 -3.06955,-9.12821 -0.0445,-12.72325 2.00582,-2.38374 3.06206,-2.85005 6.45569,-2.85005 2.23162,0 7.24993,-1.04212 11.15179,-2.31582 3.90186,-1.27369 8.27748,-2.31581 9.7236,-2.31581 1.44611,0 3.99819,-0.58635 5.67128,-1.303 1.67309,-0.71665 7.6273,-2.63784 13.23156,-4.26932 5.60426,-1.63147 11.44011,-3.47761 12.96854,-4.10253 3.52265,-1.44026 7.78904,-2.94846 14.82119,-5.23939 3.05687,-0.99587 6.68148,-2.43455 8.05467,-3.19706 1.37321,-0.76252 5.18713,-2.39906 8.47541,-3.63676 15.1207,-5.69142 19.46146,-11.2032 21.90178,-27.8103 0.44919,-3.05687 1.51543,-8.47587 2.36943,-12.04222 0.854,-3.56635 2.52348,-10.86116 3.70994,-16.21068 1.18647,-5.34952 2.62909,-11.32748 3.20581,-13.28434 0.57673,-1.95686 0.82319,-4.1453 0.5477,-4.8632 -0.71497,-1.86319 -3.74344,-1.61203 -6.26986,0.51998 -6.53119,5.51157 -15.96978,12.975 -20.4054,16.13528 -2.78097,1.98137 -6.06064,5.10772 -7.28816,6.94743 -5.94473,8.90949 -10.12232,12.73231 -17.36367,15.88908 -10.17366,4.43508 -31.32015,15.2996 -36.7696,18.89128 -9.77308,6.44134 -13.78252,8.85969 -14.68872,8.85969 -0.51667,0 -1.79995,0.79356 -2.85174,1.76346 -2.683,2.47412 -22.18416,13.05773 -24.05991,13.05773 -2.86637,0 -8.83543,-3.70276 -10.18917,-6.32061 -0.73867,-1.42842 -1.62706,-5.10751 -1.97418,-8.17573 -0.9727,-8.59756 2.79314,-14.21972 9.52467,-14.21972 1.67993,0 5.61908,-1.04211 8.75367,-2.31581 3.13458,-1.27369 6.07204,-2.31581 6.52767,-2.31581 0.45563,0 2.15536,-0.97472 3.77717,-2.16603 5.39825,-3.96535 32.32161,-18.37047 36.84563,-19.71396 2.45175,-0.72809 5.72629,-2.39122 7.27675,-3.69585 1.55045,-1.30462 3.96708,-2.67381 5.37029,-3.04264 2.04297,-0.537 3.32916,-2.22841 6.45561,-8.48943 2.14738,-4.30036 3.91897,-8.37978 3.93688,-9.06539 0.0179,-0.68561 0.62551,-2.353 1.35023,-3.7053 1.73024,-3.22857 4.24027,-11.54409 4.24027,-14.04771 0,-2.50143 3.27881,-16.67102 5.17971,-22.38439 0.79251,-2.38203 1.30605,-5.50838 1.14117,-6.94743 -0.42185,-3.68192 -3.07899,-3.16518 -10.24906,1.99319 -6.64265,4.77892 -18.07273,12.45645 -26.17737,17.5832 -3.05687,1.9337 -9.14188,7.21461 -13.52224,11.73536 -5.06132,5.22354 -8.67604,8.21956 -9.91696,8.21956 -1.15579,0 -4.33209,2.36268 -7.78322,5.78952 -3.20681,3.18425 -7.28952,7.08142 -9.0727,8.6604 -1.78317,1.57897 -7.41059,7.3899 -12.50538,12.91316 -5.09478,5.52325 -11.44937,12.32768 -14.12131,15.12096 -2.67193,2.79326 -5.71022,6.83901 -6.75176,8.99053 -2.82247,5.83044 -5.65973,8.43957 -9.96925,9.16766 -4.51373,0.76259 -7.95599,-0.64922 -10.73395,-4.40243 -1.53714,-2.07679 -1.91583,-3.98665 -1.93596,-9.76386 l -0.025,-7.18205 17.62951,-17.56272 c 26.01603,-25.91745 39.11346,-40.59626 40.36931,-45.24351 1.65114,-6.10998 2.88038,-9.19996 4.72767,-11.88416 0.95083,-1.38158 2.34074,-5.7104 3.08869,-9.6196 0.74795,-3.9092 2.41761,-10.69888 3.71034,-15.08819 1.29273,-4.38931 3.19169,-10.89849 4.2199,-14.46484 1.02821,-3.56635 2.30333,-7.97826 2.8336,-9.80425 1.12789,-3.88388 0.79265,-6.554 -0.89334,-7.11539 -2.41314,-0.80351 -15.62272,14.41611 -21.03254,24.23295 -2.03792,3.69807 -5.06005,8.34991 -6.71586,10.33743 -1.6558,1.98753 -3.01055,4.14277 -3.01055,4.78943 0,0.64667 -1.50746,2.84435 -3.34992,4.88374 -2.68689,2.97406 -3.98785,3.70796 -6.57293,3.70796 -3.75216,0 -8.02626,-2.26648 -9.46674,-5.02005 -1.04337,-1.99444 -1.45561,-12.14909 -1.1124,-27.40131 0.23471,-10.43065 -1.471,-18.98965 -3.78443,-18.98965 -2.1086,0 -8.18055,8.53001 -12.83765,18.03464 -2.11417,4.31479 -5.46414,10.28432 -7.44438,13.26563 -1.98023,2.98131 -3.60043,5.66437 -3.60043,5.96236 0,0.298 -0.98213,1.83168 -2.18252,3.40821 -1.20039,1.57652 -2.47509,3.79194 -2.83267,4.92313 -1.0719,3.39097 -10.07816,12.30131 -12.43373,12.30131 -3.53614,0 -7.30047,-2.55808 -8.47812,-5.76138 -1.91562,-5.21062 -2.17484,-23.2079 -0.57486,-39.91165 1.72321,-17.99022 1.77807,-20.06226 0.58113,-21.94866 -1.32292,-2.08494 -3.70385,0.90361 -7.3799,9.26325 -1.68028,3.82109 -3.62877,8.1578 -4.33,9.63714 -0.70123,1.47934 -1.27495,3.17885 -1.27495,3.77668 0,0.59784 -1.91455,5.43173 -4.25456,10.742 -6.31406,14.32873 -6.54938,14.89862 -7.81186,18.91827 -1.60663,5.11543 -1.70646,5.37624 -2.65931,6.94743 -0.46346,0.76422 -1.37736,3.19393 -2.0309,5.39935 -1.23886,4.18066 -6.89708,10.05059 -12.4226,12.88739 -1.52843,0.7847 -3.98096,2.43012 -5.45005,3.65649 -3.48928,2.91277 -9.26606,5.83498 -14.46592,7.31764 -2.29266,0.65372 -5.83585,1.82238 -7.87376,2.59704 -5.48243,2.08398 -10.82513,1.8744 -14.00153,-0.54925 -1.46977,-1.12146 -6.45213,-5.61903 -11.07192,-9.99459 -4.61978,-4.37557 -11.28932,-9.9325 -14.82119,-12.34876 -3.53187,-2.41627 -7.83798,-5.42193 -9.56913,-6.67926 -1.91468,-1.39062 -4.41145,-2.28605 -6.37433,-2.28605 -4.4881,0 -18.37488,4.92418 -24.88397,8.82373 -5.3015,3.17608 -23.48944,18.5557 -23.48944,19.86254 0,1.37444 -4.90673,2.80877 -9.60858,2.80877 -4.35558,0 -5.4893,-0.4527 -10.37756,-4.14378 -5.74194,-4.33569 -6.87727,-4.85987 -6.87727,-3.17523 0,3.09187 -3.17664,7.27696 -6.5471,8.62555 -3.30985,1.32434 -3.90078,1.31928 -6.78918,-0.0581 -4.60596,-2.19643 -5.39028,-4.43589 -5.59198,-15.9667 -0.0987,-5.64087 -0.38724,-10.46396 -0.64127,-10.71799 -0.53356,-0.53356 -11.56587,3.34839 -17.02029,5.98894 -2.03791,0.98658 -5.79771,3.82327 -8.35508,6.30376 -2.55739,2.48049 -5.09332,4.68093 -5.63539,4.88988 -1.12562,0.43389 -8.70448,15.27416 -8.70448,17.04435 0,2.55621 -4.93087,9.76966 -7.95639,11.63953 -3.81451,2.3575 -5.93848,1.32428 -5.93848,-2.88879 0,-1.43598 -0.41335,-2.86635 -0.91856,-3.17859 -1.12451,-0.69498 -4.54491,2.77436 -6.68976,6.78549 -0.87296,1.63256 -2.33193,3.20932 -3.24213,3.50391 -6.72038,2.17507 -10.28892,4.69753 -14.62347,10.33671 -7.06961,9.19746 -6.95901,9.49051 1.0736,2.84498 4.09166,-3.38512 9.06715,-6.97901 11.05665,-7.98642 4.2233,-2.13853 9.64452,-3.46952 9.62443,-2.36294 -0.0339,1.86892 -2.54655,7.79165 -3.9752,9.37029 -0.86284,0.95343 -1.5688,2.26003 -1.5688,2.90354 0,1.60672 -3.05334,5.55049 -10.34927,13.36739 -8.58977,9.20313 -18.36679,21.16473 -18.36679,22.47068 0,3.75905 12.62526,2.02535 18.41584,-2.52885 1.21284,-0.95389 3.73402,-2.14601 5.60262,-2.64917 1.86861,-0.50317 5.6411,-2.58881 8.3833,-4.63477 6.40423,-4.7782 9.3773,-4.85897 15.20002,-0.413 2.38202,1.81881 5.36512,4.94516 6.6291,6.94744 1.26399,2.00228 2.78659,3.64051 3.38356,3.64051 1.6852,0 8.80148,-3.64192 10.04571,-5.14113 0.61309,-0.73873 1.76033,-1.34314 2.54941,-1.34314 0.78909,0 2.0928,-0.55662 2.89714,-1.23693 0.80433,-0.68031 2.92138,-1.81565 4.70456,-2.52297 1.78317,-0.70733 5.31686,-2.65179 7.85264,-4.32102 2.53576,-1.66924 4.96044,-3.03498 5.38817,-3.03498 0.42772,0 2.14395,-1.04211 3.81385,-2.31581 1.6699,-1.2737 3.35069,-2.31581 3.73508,-2.31581 0.79154,0 3.35577,-1.07993 13.98857,-5.8913 4.09845,-1.8546 8.7293,-3.37197 10.29076,-3.37197 2.5612,0 11.77662,4.17951 15.04927,6.82537 1.75644,1.42005 10.69406,2.95495 27.88249,4.78841 14.39924,1.53595 21.29518,1.21687 30.10554,-1.39302 1.52844,-0.45276 5.90532,-1.72994 9.72641,-2.83816 3.82109,-1.10823 7.73807,-2.43071 8.70441,-2.93886 0.96634,-0.50814 8.678,-1.56239 17.13701,-2.34277 17.14558,-1.58175 29.11915,-0.7868 39.20365,2.60282 2.91343,0.97926 6.20905,1.78048 7.32361,1.78048 1.11455,0 8.80475,3.578 17.08932,7.95111 11.7144,6.18359 16.27937,9.1489 20.5352,13.33923 7.84055,7.71988 8.85121,11.87463 8.34016,34.28566 -0.32698,14.3391 -0.12892,17.80693 1.31545,23.03175 1.57177,5.68571 5.09487,13.8631 6.44142,14.95103 0.31529,0.25474 1.64419,2.58672 2.95309,5.18218 2.49921,4.95572 5.76221,7.78636 8.97566,7.78636 1.05295,0 4.50661,-0.89943 7.67477,-1.99875 10.45064,-3.62622 18.96592,-1.90525 31.00385,6.26597 4.05487,2.75241 6.40387,2.61807 20.49053,-1.17183 z M 166.93562,237.43189 c 2.85689,-3.53592 6.00121,-8.6364 6.98736,-11.3344 2.12781,-5.82144 2.08011,-5.39475 0.60299,-5.39475 -0.96415,0 -8.15223,8.71463 -15.35644,18.61773 -1.46668,2.01615 -0.80338,4.54038 1.19309,4.54038 0.75826,0 3.7161,-2.89303 6.573,-6.42896 z"
       id="path50" />
    <path
       style="fill:#00ff00;fill-opacity:1;stroke-width:0.930918;stroke-dashoffset:0.5"
       d="m 497.74906,395.88708 c -9.64982,-5.48347 -15.93323,-6.37933 -25.87275,-3.68884 -4.29627,1.16294 -8.95775,1.7506 -10.35886,1.30591 -2.81153,-0.89234 -11.15743,-14.14404 -14.36854,-22.81449 -1.49519,-4.03723 -2.26989,-11.72764 -2.85339,-28.32513 -0.90201,-25.65749 -1.44303,-27.51394 -10.20355,-35.01262 -6.94386,-5.9437 -31.61915,-18.42164 -41.63848,-21.056 -23.77286,-6.25055 -45.80769,-4.6033 -78.81773,5.89214 -5.76482,1.83291 -23.47664,1.45971 -39.67061,-0.83588 -10.26634,-1.45532 -14.7077,-2.72513 -20.02223,-5.72447 -3.77577,-2.13091 -8.61465,-3.85144 -10.822,-3.84791 -4.49931,0.007 -20.89612,6.85975 -32.93344,13.76355 -4.40271,2.5251 -13.38208,7.45785 -19.95416,10.9617 l -11.94923,6.37061 -6.59338,-6.80729 c -4.68145,-4.83332 -7.52568,-6.80728 -9.80848,-6.80728 -1.7683,0 -9.54585,3.32513 -17.28343,7.38917 -9.75172,5.12193 -15.45105,7.38916 -18.5748,7.38916 -2.48399,0 -4.50647,-0.61418 -4.50647,-1.3685 0,-1.51527 6.40771,-9.44086 18.27639,-22.60577 7.48131,-8.29837 14.97484,-20.63813 14.97484,-24.65939 0,-3.35458 -8.67659,-0.30006 -17.15319,6.03865 -2.32218,1.73649 -4.49494,2.88448 -4.82834,2.55108 -1.09489,-1.09489 5.25578,-6.94348 10.28202,-9.46912 2.70936,-1.36143 6.98068,-4.77117 9.49183,-7.5772 3.91159,-4.37093 4.57324,-4.72648 4.61823,-2.48173 0.0771,3.84801 2.99509,5.8739 6.08136,4.22218 3.14509,-1.6832 8.18472,-8.3497 9.362,-12.38419 2.0957,-7.18186 8.5864,-16.95818 14.6596,-22.08033 5.55975,-4.68912 18.10421,-10.90546 22.41441,-11.10736 0.83516,-0.0391 1.64463,4.07779 2.10626,10.71232 0.667,9.5862 1.10266,11.08177 3.94618,13.5468 1.75802,1.52401 4.0243,2.77093 5.03617,2.77093 3.40154,0 8.61496,-3.48321 10.10363,-6.75048 1.5611,-3.42625 1.46892,-3.44172 8.71918,1.46335 2.91225,1.97024 5.95757,2.82408 10.07241,2.82408 5.10076,0 6.53426,-0.60593 10.60401,-4.48225 8.85366,-8.43286 19.04192,-16.49214 24.13073,-19.08825 7.1827,-3.66434 17.93065,-7.21768 21.83168,-7.21768 4.38816,0 16.00753,7.9331 30.91171,21.10492 6.65949,5.88544 13.69037,11.04831 15.62416,11.47304 6.0007,1.31798 22.16137,-4.67676 34.56617,-12.82219 6.11068,-4.01248 11.94228,-8.57498 12.95912,-10.13889 1.01684,-1.56392 3.58536,-7.27698 5.70783,-12.6957 10.93046,-27.90591 20.54362,-50.55256 23.18988,-54.63072 1.74614,-2.69094 1.94593,-2.73663 2.69292,-0.61576 0.44377,1.25995 0.31505,7.5556 -0.28606,13.99033 -0.60109,6.43473 -0.92936,19.64691 -0.72948,29.3604 0.34697,16.86162 0.49499,17.76731 3.27078,20.01232 3.97811,3.2174 7.89279,2.94915 12.40815,-0.85027 3.44651,-2.90005 8.48846,-10.86476 26.71784,-42.20588 5.78036,-9.93795 8.20856,-12.51964 10.04658,-10.68162 0.47594,0.47593 1.21288,10.62633 1.63764,22.55643 0.76862,21.58772 0.78805,21.70465 4.07633,24.53311 3.47493,2.98901 8.00257,3.63605 11.67821,1.66891 1.20558,-0.64521 5.74118,-6.79264 10.07913,-13.66096 9.48854,-15.02332 21.049,-30.1102 24.47867,-31.94571 2.17622,-1.16467 2.49718,-0.96789 2.49718,1.53106 0,1.57713 -1.4402,7.83123 -3.20045,13.89801 -1.76024,6.06678 -4.77064,16.84947 -6.68975,23.96154 -4.66201,17.277 -9.04884,27.5798 -15.13526,35.54627 -2.77559,3.63296 -15.46015,17.28996 -28.18788,30.34889 l -23.14134,23.74352 v 8.02685 c 0,7.51556 0.2506,8.23772 3.93433,11.33737 3.14298,2.64465 4.7752,3.17407 8.11482,2.63212 5.30586,-0.86102 6.9347,-2.25251 12.11357,-10.34837 5.09677,-7.96755 43.91487,-47.83337 49.10598,-50.43138 2.03595,-1.01894 7.02686,-5.09391 11.0909,-9.05548 7.43631,-7.24881 42.86324,-31.94758 45.82434,-31.94758 2.24131,0 2.03457,2.4252 -1.57482,18.47291 -5.86497,26.07636 -13.40607,44.7557 -19.20906,47.58103 -19.90916,9.69326 -36.57882,18.31314 -43.23424,22.35644 -9.20707,5.5935 -20.38321,10.11179 -25.01185,10.11179 -1.69873,0 -4.52098,1.43239 -6.27167,3.18308 -2.9528,2.95279 -3.13564,3.77406 -2.52738,11.35172 0.55082,6.86205 1.17676,8.61684 3.91328,10.97069 5.41141,4.65471 8.18028,4.64722 17.45469,-0.0472 4.65808,-2.35778 10.57203,-5.7253 13.14214,-7.48342 2.5701,-1.7581 5.00859,-3.19655 5.41886,-3.19655 0.41026,0 4.95769,-2.69991 10.1054,-5.9998 5.14771,-3.29989 18.29433,-10.47219 29.21471,-15.93845 15.60729,-7.81231 20.81101,-11.05526 24.32266,-15.15783 2.45708,-2.87059 4.46742,-5.6462 4.46742,-6.16806 0,-1.56725 29.37997,-24.46988 31.39046,-24.46988 2.45432,0 2.35344,1.97478 -0.71297,13.95737 -1.41555,5.53157 -4.15667,17.64733 -6.09135,26.92389 -4.06976,19.51391 -5.72001,23.28531 -11.99733,27.41798 -13.74425,9.04855 -81.16653,31.45445 -94.65053,31.45445 -3.8231,0 -9.07978,5.15692 -9.04424,8.8726 0.0361,3.77564 4.05869,12.45451 7.2531,15.64891 3.567,3.56701 7.28527,3.238 18.95827,-1.67751 10.31356,-4.34305 59.3118,-21.61247 61.3207,-21.61247 2.05509,0 1.13441,2.39979 -2.27586,5.93208 -1.86268,1.92932 -8.92857,6.05421 -15.70197,9.1664 -6.7734,3.11219 -20.19102,9.27014 -29.81696,13.68433 -19.30327,8.85194 -35.31434,14.36366 -41.3673,14.24046 -2.16639,-0.0441 -7.26402,-1.96966 -11.32805,-4.27905 z"
       id="path52" />
    <path
       style="fill:#00ff00;fill-opacity:1;stroke-width:0.930918;stroke-dashoffset:0.5"
       d="m 160.3663,239.22414 c 3.64651,-5.64883 13.22893,-17.60621 13.71763,-17.11751 1.96321,1.96321 -10.6555,20.50421 -13.95483,20.50421 -1.72019,0 -1.69234,-0.39765 0.2372,-3.3867 z"
       id="path54" />
    <path
       style="fill:#ff0000;fill-opacity:1;stroke-width:0.930918;stroke-dashoffset:0.5"
       d="m 297.01014,533.18384 c -3.43938,-1.62755 -7.71371,-2.34127 -14.16256,-2.36486 -10.68302,-0.039 -37.76739,-2.94715 -52.95567,-5.68588 -25.63848,-4.6231 -34.20796,-8.92551 -51.28614,-25.74886 -11.81143,-11.6352 -12.9544,-13.22258 -20.69761,-28.74543 -4.5077,-9.03659 -8.01489,-16.97294 -7.79376,-17.63631 0.22112,-0.66337 2.55654,0.50605 5.18982,2.59871 13.91222,11.05604 23.87287,13.61061 53.06974,13.61061 13.53786,0 15.45278,-0.28707 21.27768,-3.18974 7.04563,-3.51098 15.51889,-12.39616 20.43467,-21.42804 4.76055,-8.74672 7.16034,-21.82062 7.34909,-40.03739 0.14882,-14.36351 -0.14687,-16.79716 -2.8754,-23.66603 -5.10995,-12.86392 -10.75666,-20.14096 -19.12622,-24.64834 -12.89052,-6.94213 -19.66255,-8.93647 -33.03603,-9.72898 -17.57991,-1.04179 -24.45374,0.5336 -43.54469,9.9799 -14.47504,7.16231 -17.00225,8.90108 -23.30187,16.03212 l -7.06596,7.99853 -10.56513,-0.77528 c -12.12674,-0.88988 -15.78356,-2.1705 -13.62495,-4.77146 0.77525,-0.93412 3.44342,-2.34244 5.92927,-3.12959 2.48584,-0.78715 6.73646,-2.68673 9.44582,-4.2213 5.48904,-3.10897 17.71084,-8.31674 42.45701,-18.09114 9.12722,-3.60513 22.7048,-10.06424 30.17241,-14.35358 7.46761,-4.28933 15.34259,-8.54096 17.49995,-9.44807 3.83386,-1.61202 4.01471,-1.53844 8.00493,3.2571 5.71366,6.8668 10.84516,7.85785 24.27901,4.689 l 10.34435,-2.44007 5.27366,2.55293 c 3.5445,1.71586 6.55401,4.54819 9.17855,8.6382 10.76593,16.77723 21.23002,15.6181 17.30583,-1.917 -1.28704,-5.75111 -2.88384,-8.40413 -9.43863,-15.68194 -4.33924,-4.81786 -7.68885,-8.96044 -7.44356,-9.20572 0.59354,-0.59355 21.37938,3.99963 25.7841,5.69767 5.49358,2.11781 8.14421,1.71368 33.20858,-5.06318 29.09671,-7.8671 37.68588,-8.31712 56.92061,-2.98224 12.74855,3.53589 35.32582,13.027 39.10098,16.43741 1.87386,1.69281 2.15517,4.40719 2.15517,20.7953 v 18.84837 l -4.61822,1.23583 c -2.54003,0.6797 -10.1295,2.73341 -16.8655,4.5638 -8.08463,2.19686 -12.39913,2.87236 -12.6941,1.98745 -0.24576,-0.73729 -3.41301,-3.62891 -7.03835,-6.42584 -9.1475,-7.05724 -27.87702,-13.54839 -39.14097,-13.56522 -7.15791,-0.0107 -8.31281,-0.31827 -8.31281,-2.21389 0,-3.02941 10.69312,-13.2763 16.27818,-15.59889 2.51828,-1.04724 6.55393,-1.90408 8.96813,-1.90408 5.71181,0 12.38342,-2.83327 14.06343,-5.97241 2.09361,-3.91194 1.58165,-7.08711 -1.78847,-11.09227 -3.77539,-4.48681 -9.4744,-6.52414 -18.81515,-6.72621 -12.62383,-0.27309 -29.41732,9.98419 -38.29848,23.39228 -4.60924,6.95868 -4.81393,11.53835 -0.8644,19.33966 l 2.94224,5.81168 -3.25012,1.96416 c -9.90534,5.98612 -16.73073,11.11378 -19.33054,14.5223 -4.49111,5.88815 -7.00877,18.82116 -6.4763,33.2682 0.39183,10.63069 0.97215,13.41823 4.24254,20.37854 6.9445,14.7798 12.63132,19.38677 30.36833,24.60183 5.27511,1.551 9.91437,3.34303 10.30946,3.98229 0.39508,0.63926 -2.63,4.57015 -6.72242,8.73529 -10.38767,10.5723 -16.25697,21.00458 -16.25697,28.89567 0,6.01285 -0.11823,6.20583 -6.19412,10.10467 -7.77165,4.98706 -9.81573,7.88983 -9.81573,13.9392 0,3.95395 0.79736,5.52422 4.55101,8.96243 5.10324,4.67438 4.49342,5.04385 -2.70372,1.63811 z m -13.71288,-33.27322 c 4.98267,-3.91938 4.32728,-8.46191 -2.29697,-15.92047 -3.04803,-3.43192 -5.54187,-6.82244 -5.54187,-7.5345 0,-0.71204 2.21674,-6.59994 4.9261,-13.0842 2.70936,-6.48425 4.92611,-12.55549 4.92611,-13.49163 0,-3.82571 -5.28561,-11.65914 -9.94964,-14.74565 -4.06328,-2.68895 -5.57509,-3.08114 -8.25038,-2.14028 -3.75083,1.31909 -4.73994,3.05753 -10.53558,18.51695 -2.31756,6.18194 -6.49844,14.33253 -9.2908,18.11244 -5.59994,7.58034 -6.55187,13.42455 -3.39973,20.87194 3.70092,8.74395 10.38778,11.95041 24.94231,11.96025 9.49896,0.006 11.72465,-0.385 14.47045,-2.54485 z"
       id="path58" />
    <path
       style="fill:#ff0000;fill-opacity:1;stroke-width:0.930918;stroke-dashoffset:0.5"
       d="m 379.00858,514.3276 -5.43998,-5.60416 3.97716,-8.62857 c 2.19163,-4.7548 4.00651,-10.75434 4.04252,-13.36357 0.10716,-7.76518 -5.83069,-22.35858 -11.43075,-28.09325 l -4.9138,-5.0319 5.29207,-3.50117 c 2.91064,-1.92565 9.51676,-7.52495 14.68026,-12.4429 7.41565,-7.063 9.95412,-8.79373 12.08171,-8.23736 1.48144,0.38741 10.55725,0.0215 20.16846,-0.81321 15.76577,-1.36915 17.7904,-1.81409 20.70022,-4.54917 l 3.22528,-3.03159 3.27888,5.59498 c 3.75878,6.41388 6.28056,8.10333 12.0955,8.10333 3.33569,0 5.30476,-1.19788 10.24106,-6.23012 9.0923,-9.26903 13.18241,-11.47535 19.42347,-10.47756 15.71,2.51163 21.27253,12.93915 16.13356,30.24395 -2.33631,7.86724 -11.60687,17.54734 -21.7788,22.74096 -3.53945,1.80718 -9.76048,5.17462 -13.82452,7.48321 -4.06404,2.30859 -10.10002,4.57246 -13.4133,5.03083 -4.75799,0.65824 -7.21697,1.93523 -11.6995,6.0758 -21.06733,19.46009 -36.62887,28.75145 -49.84193,29.75921 l -7.55759,0.57642 z m 83.66497,-40.99943 c 3.71271,-2.81606 11.36041,-7.46558 16.99489,-10.33225 12.28847,-6.25206 14.60805,-9.06574 12.56849,-15.24571 -0.78305,-2.37262 -3.0611,-6.0667 -5.06236,-8.20905 -3.28129,-3.51264 -4.17651,-3.83457 -9.11507,-3.27792 -11.07497,1.24831 -38.06167,16.61523 -39.54285,22.51671 -1.63494,6.51411 3.62244,17.0828 9.78724,19.6749 4.50247,1.89315 5.65838,1.48075 14.36966,-5.12668 z"
       id="path60" />
    <path
       style="fill:#ff0000;fill-opacity:1;stroke-width:0.930918;stroke-dashoffset:0.5"
       d="m 314.86728,534.51285 c 0,-2.14483 18.83499,-12.34641 22.7575,-12.32612 5.08872,0.0263 17.80964,3.10947 19.40281,4.70265 0.91152,0.91152 0.23527,1.53619 -2.26542,2.09263 -1.96066,0.43627 -6.05868,1.5492 -9.10671,2.47316 -5.60958,1.70045 -22.30952,4.25912 -27.79847,4.25912 -1.64434,0 -2.98971,-0.54065 -2.98971,-1.20144 z"
       id="path68" />
    <path
       style="fill:#ff0000;fill-opacity:1;stroke-width:0.930918;stroke-dashoffset:0.5"
       d="m 435.17434,408.29151 c -4.47137,-5.34919 -4.94201,-5.58215 -11.27748,-5.58215 -11.87188,0 -12.11549,-1.23161 -1.25054,-6.32209 l 9.8318,-4.60643 2.10227,3.92485 c 2.82358,5.27152 6.20558,15.33134 5.68215,16.90165 -0.23216,0.69647 -2.52185,-1.24565 -5.0882,-4.31583 z"
       id="path70" />
    <path
       style="fill:#ff0000;fill-opacity:1;stroke-width:0.930918;stroke-dashoffset:0.5"
       d="m 693.36798,592.91914 c -0.41555,-1.08292 0.1563,-9.82498 1.27078,-19.4268 1.51134,-13.02095 1.69814,-18.62212 0.73499,-22.03888 -1.52974,-5.42671 -8.51951,-13.27612 -11.82216,-13.27612 -1.28166,0 -6.7581,1.93289 -12.16986,4.29531 -15.21226,6.64068 -20.69159,5.5412 -24.70063,-4.95633 -1.82627,-4.78199 -1.92567,-6.5202 -0.6868,-12.00945 2.28074,-10.10555 6.18345,-16.00166 11.81892,-17.85565 8.00755,-2.63439 8.39177,-3.33447 7.76566,-14.14995 -0.51106,-8.82833 -1.20232,-10.94038 -8.07417,-24.66924 -8.00111,-15.98492 -16.00112,-26.36225 -22.816,-29.59612 -3.00586,-1.42637 -9.78106,-2.20488 -24.36924,-2.80014 -25.96313,-1.05942 -38.09279,0.53043 -54.68864,7.16812 -20.81874,8.32668 -27.73581,10.82961 -29.92858,10.82961 -1.80798,0 -2.10604,-1.3552 -2.09915,-9.54434 0.004,-5.24938 -0.26907,-11.48399 -0.60774,-13.85468 -0.59906,-4.19345 -0.41538,-4.41809 6.7734,-8.28381 4.06404,-2.18541 9.883,-4.9026 12.93103,-6.03821 3.04803,-1.13561 12.19212,-5.16651 20.3202,-8.95757 12.52656,-5.84257 15.90421,-6.90956 22.16749,-7.00269 10.01286,-0.14889 9.40055,0.0387 15.78458,-4.83586 l 5.67078,-4.32997 8.36099,1.19725 c 4.59854,0.65849 13.62816,1.76295 20.06582,2.45434 21.75726,2.3367 26.74688,5.60246 36.82136,24.10003 2.95034,5.41706 7.81499,13.31381 10.81032,17.54833 7.07579,10.00305 9.01324,14.84241 9.01324,22.51324 0,5.49923 -0.4701,6.67225 -3.79522,9.47016 -3.35693,2.82468 -3.70124,3.70436 -2.98149,7.61754 2.17535,11.827 11.62331,24.74427 18.0985,24.74427 3.9202,0 8.30274,-3.84213 12.69299,-11.1278 1.77245,-2.9414 4.18957,-4.69006 8.62069,-6.23661 8.87939,-3.09907 10.06012,-2.88173 14.01666,2.58011 5.41287,7.47225 5.89175,12.47873 1.92015,20.07426 -2.87097,5.49063 -3.20444,7.25009 -2.55385,13.47457 1.1698,11.19202 6.01991,18.18128 12.6167,18.18128 1.46759,0 3.93527,1.02589 5.48372,2.27974 l 2.81535,2.27973 -2.45554,4.73174 c -4.21515,8.12239 -7.63967,9.78995 -20.22582,9.84888 -6.03971,0.0283 -11.48124,0.58247 -12.09227,1.23152 -0.61104,0.64907 -1.33711,6.23607 -1.6135,12.41559 -0.65795,14.71052 -2.04303,16.84167 -12.99063,19.988 -13.94778,4.00858 -15.06636,4.14691 -15.90303,1.9666 z"
       id="path72" />
    <path
       style="fill:#ff0000;fill-opacity:1;stroke-width:0.930918;stroke-dashoffset:0.5"
       d="m 83.065242,597.04241 c -3.87659,-0.48757 -9.794587,-2.06789 -13.151104,-3.51183 -10.401739,-4.47471 -12.093551,-8.5386 -5.384649,-12.93444 3.856102,-2.52662 9.218406,-2.52485 22.567515,0.007 l 10.252624,1.94489 8.439672,-3.31119 c 10.78849,-4.23268 16.95976,-10.57238 16.95976,-17.42262 0,-5.58782 -5.38024,-16.97692 -8.91313,-18.86767 -6.70078,-3.58615 -9.47219,-3.53973 -13.76633,0.23057 -2.267943,1.99129 -4.693038,3.62052 -5.389096,3.62052 -0.696057,0 -1.936701,-4.01786 -2.756985,-8.92857 -3.053138,-18.2779 -7.934226,-26.21285 -15.585011,-25.33579 l -3.4663,0.39736 -0.349547,13.23892 c -0.19225,7.2814 -0.601701,13.23892 -0.909891,13.23892 -0.308191,0 -3.871042,-2.51781 -7.917447,-5.59512 -5.758521,-4.3794 -7.530632,-6.52012 -8.155737,-9.85222 -0.999369,-5.3271 0.106778,-11.4728 2.742165,-15.23534 1.902915,-2.71679 2.542945,-2.84096 10.769856,-2.08948 13.569918,1.23955 19.489558,4.8009 34.105623,20.51854 10.15977,10.92549 13.48932,13.73667 17.57156,14.8359 7.02348,1.89123 14.77876,0.56814 26.53699,-4.52735 5.5447,-2.40283 11.1921,-4.19508 12.54977,-3.98279 2.35531,0.36829 2.3186,0.58363 -0.80055,4.69633 -3.1058,4.09511 -11.37103,20.15313 -17.58358,34.16207 -3.30343,7.44907 -12.35938,16.05167 -21.77396,20.68394 -7.13702,3.51164 -25.014674,5.47521 -36.592218,4.01906 z"
       id="path74" />
    <path
       style="fill:#ff0000;fill-opacity:1;stroke-width:0.930918;stroke-dashoffset:0.5"
       d="m 170.99619,526.41278 c 0.55699,-2.67501 2.74264,-2.83869 3.24256,-0.24283 0.2596,1.34803 -0.34443,2.15517 -1.61285,2.15517 -1.18316,0 -1.86202,-0.79659 -1.62971,-1.91234 z"
       id="path90" />
    <path
       style="fill:#ff0000;fill-opacity:1;stroke-width:0.930918;stroke-dashoffset:0.5"
       d="m 538.38945,790.77547 c -2.03202,-1.27533 -6.74261,-5.47578 -10.46798,-9.33434 -6.84321,-7.08787 -17.91017,-13.69079 -28.02071,-16.71808 -4.24725,-1.27171 -6.14121,-1.26993 -10.01765,0.009 -6.20194,2.04682 -9.19434,1.17375 -5.03993,-1.47046 1.89867,-1.20848 8.63897,-2.4737 17.82062,-3.34511 9.11568,-0.86515 15.87967,-2.13057 17.67448,-3.30658 2.72601,-1.78614 3.11405,-1.70721 6.21564,1.2643 1.81947,1.74316 6.88935,4.64833 11.26641,6.45592 6.92888,2.86143 10.15404,3.36249 24.93365,3.87366 19.56105,0.67655 19.99533,0.93781 17.52054,10.54045 -2.10151,8.15426 -4.66844,10.26267 -15.17987,12.46836 -12.44761,2.61198 -22.09824,2.45387 -26.7052,-0.43753 z"
       id="path92" />
    <path
       style="fill:#ff0000;fill-opacity:1;stroke-width:0.930918;stroke-dashoffset:0.5"
       d=""
       id="path94" />
    <path
       style="fill:#ff0000;fill-opacity:1;stroke-width:0.930918;stroke-dashoffset:0.5"
       d="m 156.75477,755.15056 c -1.95861,-3.1691 5.68201,-23.90775 18.31491,-49.71142 5.92396,-12.10014 8.74212,-16.6627 9.99508,-16.1819 3.27745,1.25768 3.2852,5.95996 0.0178,10.77479 -1.7118,2.52248 -4.23778,7.59428 -5.6133,11.27068 -1.37552,3.67641 -4.26716,10.14651 -6.42588,14.37802 -2.15871,4.23151 -5.97807,12.65895 -8.48747,18.72765 -4.37615,10.58326 -6.2795,13.20418 -7.8011,10.74218 z"
       id="path96" />
    <path
       style="fill:#afe9af;fill-opacity:1;stroke-width:0.930918;stroke-dashoffset:0.5"
       d="m 402.92147,635.38462 c -2.03202,-0.60675 -13.11576,-1.95641 -24.63054,-2.99924 -11.51478,-1.04283 -25.7692,-2.50888 -31.67649,-3.25789 -10.45511,-1.32566 -10.93973,-1.53436 -18.23707,-7.85386 -4.12311,-3.57062 -8.6336,-6.78937 -10.02333,-7.15279 -2.48447,-0.6497 -6.20861,2.20774 -9.02863,6.92745 -2.41395,4.0401 -8.30012,-0.76712 -17.51807,-14.30696 -11.27309,-16.55854 -24.6468,-48.85956 -20.22951,-48.85956 0.74438,0 5.53867,1.66256 10.65398,3.69458 10.95332,4.35113 16.53528,4.58652 28.71626,1.211 4.92927,-1.36597 13.23094,-3.06954 18.44815,-3.7857 16.05409,-2.20373 46.06289,-8.37782 53.3331,-10.97288 3.7958,-1.35489 12.66279,-3.91368 19.70444,-5.6862 15.66766,-3.94386 23.7208,-7.90637 38.99525,-19.18743 l 11.79218,-8.7092 3.99693,2.1525 c 5.35464,2.88366 14.85121,15.8201 17.13511,23.34183 1.01426,3.34031 1.8441,9.54964 1.8441,13.79852 0,7.56554 -0.15911,7.93643 -7.69704,17.9415 -4.78987,6.35757 -8.69864,10.359 -10.34883,10.59418 -3.79535,0.5409 -28.81313,-12.27256 -40.65945,-20.82471 -10.80008,-7.79686 -15.64593,-9.0545 -19.30577,-5.01042 -1.12486,1.24294 -2.03817,4.29756 -2.03817,6.81672 0,9.23526 7.08696,16.67616 27.284,28.64666 12.55697,7.44233 15.88043,9.99926 17.10784,13.16206 0.83783,2.15895 2.94427,7.19715 4.68097,11.196 l 3.15765,7.27064 -5.48715,4.90491 c -3.01794,2.6977 -7.27046,5.66052 -9.45006,6.58405 -4.47608,1.89657 -24.58435,2.13655 -30.51985,0.36424 z"
       id="path98" />
    <path
       style="fill:#008080;fill-opacity:1;stroke-width:0.930918;stroke-dashoffset:0.5"
       d="m 551.38701,738.26187 c -2.33409,-1.64815 -12.75023,-5.83175 -23.14697,-9.29688 -10.39672,-3.46513 -25.11263,-9.49182 -32.70199,-13.39266 -7.58936,-3.90084 -18.78653,-8.61044 -24.88259,-10.46577 -19.04302,-5.79575 -20.64303,-6.58827 -32.58402,-16.13967 -8.80651,-7.0442 -12.26145,-9.1311 -14.16256,-8.55466 -14.5095,4.39944 -62.30939,7.59541 -81.58034,5.45457 -18.3517,-2.03872 -45.28008,-7.52637 -51.47604,-10.49014 -3.3867,-1.62 -10.31404,-6.32062 -15.39408,-10.44583 -5.08005,-4.1252 -12.12648,-9.15872 -15.65873,-11.1856 -3.53225,-2.02688 -9.65739,-6.9304 -13.61143,-10.89673 -10.57364,-10.60649 -17.70568,-11.48577 -21.59837,-2.6628 -2.2339,5.06326 -15.056,22.48208 -21.91022,29.76504 l -4.0566,4.31034 -2.09666,-6.83099 c -2.93654,-9.56734 -7.27726,-31.01942 -7.26286,-35.89351 0.0199,-6.75408 5.28087,-15.85975 14.89811,-25.78579 9.71218,-10.02405 19.60249,-17.08084 23.93929,-17.08084 3.48883,0 10.33508,5.05935 23.03929,17.02594 11.0159,10.3763 14.19995,12.1873 17.92362,10.19445 3.3399,-1.78746 6.66472,0.95646 13.22505,10.91441 6.26644,9.51186 14.07302,17.19228 21.13835,20.79674 2.7415,1.39861 9.55545,2.99703 15.82441,3.71211 32.87901,3.75037 56.61689,6.8548 86.13285,11.26444 22.03793,3.29243 28.58383,3.15453 38.58306,-0.81284 10.30196,-4.08747 10.86895,-4.48631 22.6139,-15.90726 11.23526,-10.92534 11.61583,-10.96566 21.93112,-2.32357 3.72537,3.12108 11.48399,8.88428 17.24138,12.80711 13.23701,9.01909 28.9357,25.3049 40.42262,41.93438 4.91271,7.11207 11.62638,16.35351 14.91925,20.53653 7.0553,8.96252 9.07015,16.29007 5.54909,20.1808 -3.02651,3.34427 -9.95654,3.01212 -15.25793,-0.73132 z"
       id="path100" />
    <path
       style="fill:#008080;fill-opacity:1;stroke-width:0.930918;stroke-dashoffset:0.5"
       d="m 425.70472,791.9438 c 0,-2.25717 8.40206,-18.2231 13.19457,-25.07284 9.00439,-12.86962 12.04277,-14.91557 17.67457,-11.90152 3.21254,1.7193 3.02943,6.51975 -0.54118,14.18771 -3.36925,7.23551 -10.65167,13.94428 -21.09151,19.43008 -9.67637,5.08462 -9.23645,4.92475 -9.23645,3.35657 z"
       id="path102" />
    <path
       style="fill:#008080;fill-opacity:1;stroke-width:0.930918;stroke-dashoffset:0.5"
       d="m 123.60306,784.17488 c -1.70637,-4.23338 -5.3035,-12.46212 -7.99361,-18.2861 C 108.72013,750.97367 108.47635,750 111.63138,750 c 4.32653,0 11.99475,4.62947 16.07192,9.70296 2.11819,2.6358 7.40132,7.19977 11.7403,10.14215 8.46396,5.73965 10.01532,7.82187 7.80869,10.4807 -2.47545,2.98273 -16.08874,11.54611 -18.35497,11.54611 -1.53661,0 -3.11915,-2.30077 -5.29426,-7.69704 z"
       id="path104" />
    <path
       style="fill:#ffffff;fill-opacity:1;stroke-width:0.930918;stroke-dashoffset:0.5"
       d="m 162.28321,431.60478 c -2.10345,-2.39569 -5.26728,-7.2031 -7.03075,-10.68312 -2.72238,-5.37238 -3.12946,-7.53394 -2.69722,-14.32219 0.42996,-6.7523 0.96571,-8.29797 3.44706,-9.94496 1.61589,-1.07254 3.36559,-2.50426 3.88821,-3.1816 7.71162,-9.99457 9.78754,-11.43486 20.37644,-14.13735 2.8479,-0.72684 6.88897,-2.76121 8.98017,-4.52084 l 3.80217,-3.19932 13.33962,1.25797 c 17.42372,1.64311 23.44621,4.22953 27.01513,11.60195 4.62948,9.56323 2.96199,22.66872 -4.85501,38.15753 -2.97669,5.89809 -8.11243,11.6721 -9.31352,10.47101 -0.18536,-0.18536 0.5087,-3.08209 1.54235,-6.43719 1.97907,-6.42378 1.52216,-15.99837 -0.99181,-20.78363 -2.08532,-3.96935 -6.90861,-9.42014 -11.71701,-13.24138 -3.37966,-2.68581 -5.67309,-3.47766 -10.05829,-3.47279 -14.14767,0.0157 -25.72423,15.76104 -27.91198,37.96318 -1.00529,10.20219 -2.18983,10.88009 -7.81556,4.47273 z"
       id="path110" />
    <path
       style="fill:#ff8080;fill-opacity:1;stroke-width:0.930918;stroke-dashoffset:0.5"
       d="m 337.23753,498.91985 c -1.26061,-0.79908 -0.16432,-3.07115 4.69611,-9.7327 6.76515,-9.2721 13.31061,-13.4484 17.54845,-11.19669 1.96912,1.04626 1.89148,1.6541 -1.04519,8.18318 -1.74476,3.87913 -3.72601,8.57698 -4.40276,10.43966 -1.14576,3.15356 -1.70965,3.3854 -8.19127,3.36784 -3.82845,-0.0103 -7.70085,-0.48795 -8.60534,-1.06129 z"
       id="path112" />
    <path
       style="fill:#ffffff;fill-opacity:1;stroke-width:0.930918;stroke-dashoffset:0.5"
       d="m 353.59499,415.08673 c -5.80179,-7.62199 -15.57146,-12.70493 -23.34717,-12.14699 -5.23755,0.37581 -5.38047,0.50011 -5.7532,5.00361 -0.21022,2.54002 -0.69124,4.61823 -1.06894,4.61823 -0.3777,0 -2.58028,-1.66257 -4.89462,-3.69458 -2.31434,-2.03202 -4.7428,-3.69459 -5.39657,-3.69459 -2.35387,0 -1.11373,-3.69423 2.69718,-8.03462 6.05259,-6.89352 12.46416,-9.59429 22.59198,-9.51651 4.74137,0.0364 11.39162,0.0244 14.77832,-0.0267 3.3867,-0.0511 9.02276,-0.13487 12.52457,-0.18611 7.91964,-0.11588 12.72174,3.59778 12.72174,9.83825 0,6.30531 -14.44809,24.19078 -19.27878,23.86545 -0.57278,-0.0386 -3.08131,-2.75001 -5.57451,-6.0254 z"
       id="path49" />
    <path
       style="fill:#ffffff;fill-opacity:1;stroke-width:0.930918;stroke-dashoffset:0.5"
       d="m 357.51232,420.11791 c 0,-0.5854 -2.74781,-3.85586 -6.10625,-7.26768 -6.89281,-7.0024 -14.55324,-10.5042 -21.70042,-9.91988 -4.62398,0.37803 -4.84521,0.5939 -5.21558,5.08933 -0.21272,2.58201 -0.76691,4.52166 -1.23152,4.31034 -3.23549,-1.47156 -11.22783,-8.04785 -11.266,-9.26993 -0.0794,-2.54295 7.46233,-10.2109 12.7677,-12.98135 4.56303,-2.3828 7.05402,-2.63948 26.18727,-2.69838 20.72558,-0.0638 21.20755,-0.006 24.32266,2.92052 4.83829,4.54525 4.24459,9.45727 -2.20141,18.21353 -2.95872,4.01915 -6.91277,8.51361 -8.78677,9.9877 -3.48192,2.73888 -6.76968,3.52361 -6.76968,1.6158 z"
       id="path51" />
  </g>
</svg>
