<?xml version="1.0" encoding="UTF-8" standalone="no"?>
<svg
   xmlns:dc="http://purl.org/dc/elements/1.1/"
   xmlns:cc="http://creativecommons.org/ns#"
   xmlns:rdf="http://www.w3.org/1999/02/22-rdf-syntax-ns#"
   xmlns:svg="http://www.w3.org/2000/svg"
   xmlns="http://www.w3.org/2000/svg"
   width="600px"
   height="1000px"
   viewBox="0 0 600 1000"
   version="1.1"
   id="SVGRoot">
  <defs
     id="defs1847" />
  <metadata
     id="metadata3">
    <rdf:RDF>
      <cc:Work
         rdf:about="">
        <dc:format>image/svg+xml</dc:format>
        <dc:type
           rdf:resource="http://purl.org/dc/dcmitype/StillImage" />
        <dc:title>Fille neutre</dc:title>
        <cc:license
           rdf:resource="http://creativecommons.org/licenses/by/4.0/" />
        <dc:creator>
          <cc:Agent>
            <dc:title>Frédéric Wang</dc:title>
          </cc:Agent>
        </dc:creator>
      </cc:Work>
      <cc:License
         rdf:about="http://creativecommons.org/licenses/by/4.0/">
        <cc:permits
           rdf:resource="http://creativecommons.org/ns#Reproduction" />
        <cc:permits
           rdf:resource="http://creativecommons.org/ns#Distribution" />
        <cc:requires
           rdf:resource="http://creativecommons.org/ns#Notice" />
        <cc:requires
           rdf:resource="http://creativecommons.org/ns#Attribution" />
        <cc:permits
           rdf:resource="http://creativecommons.org/ns#DerivativeWorks" />
      </cc:License>
    </rdf:RDF>
  </metadata>
  <title
     id="title5">Fille neutre</title>
  <g
     id="g50">
    <path
       id="path75"
       style="fill:#000000;stroke-width:0.914904"
       d="m 74.796537,999.19947 c -38.501863,-19.81204 1.282115,-62.46953 27.297333,-72.77887 18.54502,-26.44376 20.72272,-61.01806 35.77176,-87.81352 -32.41991,-4.79944 -18.67961,-41.36426 -10.08822,-64.5007 10.22147,-29.49084 13.76549,-59.48653 18.39811,-90.64103 2.49836,-21.65386 12.7128,-64.73066 5.3109,-74.7732 -20.13957,16.27471 -54.620501,26.00887 -75.77498,15.45199 -28.133784,-2.32272 -43.620929,-61.53126 -7.353436,-59.64694 -5.145726,-41.08018 55.237656,-3.47216 45.093716,-42.96333 -4.01594,-21.58724 -17.12822,-54.87303 10.97288,-66.63676 19.8935,-10.78444 44.70436,-34.39857 61.3909,-36.71115 2.6561,-19.78329 76.74422,-22.73995 36.09611,-30.17713 -33.39676,-10.88051 -44.7919,-47.62051 -48.39538,-79.13092 -18.90052,32.59202 -32.1721,-17.81354 -30.15176,-7.87146 -17.49229,2.11326 -28.04238,-17.97409 -13.72529,-24.15017 -25.32357,-16.10881 9.88626,-23.62498 16.74856,-17.2933 -23.52065,-8.05197 15.07479,-54.19304 -15.47715,-27.30825 -48.826316,13.03604 -16.06072,-54.00137 5.76873,-69.15037 31.92028,-34.98746 75.33009,-56.71863 116.23364,-79.298761 30.74425,-19.010607 66.8989,-5.695726 96.74755,7.956153 19.59086,36.549778 38.96554,-30.059554 72.34192,-8.893944 37.79578,10.230544 52.29666,50.961042 65.76005,83.478962 11.56205,34.16502 14.24369,72.63154 40.10545,99.18887 18.16383,19.88974 49.98644,29.93831 61.48064,47.43003 13.18809,32.50796 -73.82506,18.48274 -28.61236,45.77448 7.23276,31.69823 -54.31342,29.34249 -69.24503,27.39419 7.13651,37.56881 -49.71356,21.15708 -45.30708,51.96421 -22.83054,-0.46195 -73.8594,-11.8753 -49.71273,25.71951 8.89746,55.94355 1.30002,112.36867 -5.66927,167.98748 26.9461,15.11211 59.11597,54.96737 23.0435,80.88987 -23.33145,4.71496 -39.66262,17.73949 -61.0389,28.63009 -3.12428,31.80883 2.73146,64.84004 3.81376,94.98085 5.5791,34.46892 10.6366,71.14112 43.32463,89.75094 23.55534,9.33753 45.46871,46.81867 4.67417,45.06365 -33.86771,-0.79908 -74.66522,28.80018 -102.84875,9.77053 -9.20312,-25.55296 -10.71013,-51.91969 -12.15959,-78.63006 -7.8636,-20.20611 9.56221,-55.709 -12.17189,-65.98614 -10.07844,-29.14855 -8.93338,-65.28332 -11.85458,-97.82555 10.01709,-35.55752 -26.99399,-33.36469 -23.57761,-0.48203 -12.12634,31.67026 -2.88563,77.21814 -24.46889,100.54817 -27.09792,3.86632 -9.77029,54.08737 -24.22069,76.47773 8.19792,27.69709 -15.40155,46.11792 -25.67854,69.36056 -28.11857,0.66603 -59.10805,-0.45425 -85.2589,12.48697 l -4.036485,2.07199 z m 27.424433,-30.58901 c -1.21519,-7.44108 -18.205767,4.25419 0,0 z m 19.77757,-12.7262 c -47.937795,8.91186 -18.70134,14.88591 18.26844,15.5975 z m 224.30834,-2.47096 c 17.09273,-0.31948 54.39372,-10.66814 21.80334,-16.43496 -15.73955,-3.70284 -71.10034,25.05161 -28.60851,17.36031 z M 155.7655,922.82368 c 23.43794,-13.28196 16.31686,-57.61269 25.6173,-83.39244 -17.76627,-2.70758 -31.62744,-8.46188 -21.33209,13.63641 -2.42176,19.31302 -44.78665,81.0129 -4.28521,69.75603 z m 168.07345,-4.81806 c 45.53113,0.39555 11.27386,-41.77748 10.70118,-68.4197 -4.25016,-24.58756 -36.05844,-6.77735 -22.26823,14.63846 4.60219,11.89119 -7.45601,60.94787 11.56705,53.78124 z m -7.0549,-104.02669 c 21.54977,2.63211 10.52845,-21.45439 13.1525,-34.58581 -1.25778,-20.71244 4.26708,-42.66973 -7.42552,-61.11076 -21.12201,12.21626 -42.13811,-37.77481 -35.43002,-1.17313 4.18285,30.73877 -5.0741,77.48569 17.31494,98.02652 l 5.39597,-0.20054 6.99218,-0.95628 z m -117.10318,-1.7456 c 16.83291,-23.76732 12.26693,-68.37372 23.01775,-99.37872 -23.24667,-36.09201 45.11171,-32.11389 61.67677,-24.09263 13.64919,-17.33426 21.11503,-50.10184 -14.94719,-40.44785 -31.43531,7.80252 -70.61765,-22.25991 -94.42701,-12.68398 0.29195,38.56013 -10.2218,76.01731 -13.28387,114.59445 -5.39901,27.57236 -27.89618,70.56922 19.0869,62.00232 6.24459,0.0804 12.67612,1.40075 18.87665,0.006 z M 354.33602,711.41689 c 13.35806,-13.05062 20.41029,-29.86083 40.56754,-18.55434 36.26521,-27.05647 -16.19919,-26.1487 -26.97809,-41.61502 -5.48664,-38.37035 12.96909,-76.91865 11.24567,-116.11794 -5.0763,-23.25786 13.35872,-83.72168 -20.19034,-79.27197 4.723,32.48348 16.46569,65.01534 9.03056,96.10688 -7.47476,25.62879 12.96264,94.11638 -31.50583,74.25387 -22.3701,5.97265 -27.71869,32.71396 -0.50993,19.96003 43.99618,22.73483 -28.02265,32.8401 -19.26921,45.74232 17.23214,-20.58216 48.48155,-2.1156 33.47509,21.34457 l 4.1345,-1.8484 z m -78.58741,-93.39325 c 17.47676,3.95831 77.37018,-23.35879 31.43343,-19.39298 -34.576,-0.91638 -67.82594,-12.14144 -101.90442,-9.42248 -30.76747,-5.08159 -20.13506,28.7584 5.58922,25.2526 21.23993,5.27782 43.17671,6.30725 64.88177,3.56286 z m -113.57879,-7.739 c -2.82848,-4.94582 -1.62571,6.2095 0,0 z M 99.111858,598.97272 c 13.650852,-18.65397 38.912842,6.60942 49.654502,-25.00969 23.16993,-29.67596 -22.97863,-74.43236 20.54768,-87.57323 24.56159,-7.14385 45.91475,-36.40636 17.74613,-44.72127 -21.57433,20.66432 -71.93541,31.94548 -53.32547,70.49743 17.44244,22.05039 2.20424,70.26543 -29.76476,53.0623 -10.54256,-2.96531 8.43679,36.86357 -19.020574,22.6403 -32.337837,-3.51164 2.863881,21.11005 14.162492,11.10416 z M 321.27837,571.04023 c 31.69418,-11.84004 24.3068,-64.58865 21.66689,-92.81556 -6.77463,-20.32219 -14.6974,-46.17879 7.3934,-50.85445 -30.70277,-11.30619 -52.39219,14.82285 -75.42577,31.55188 -21.57616,-12.28736 -8.67633,-64.08132 -45.49766,-35.66675 -53.04411,6.96687 27.99125,44.67629 -10.2253,64.57257 -8.82367,28.05145 -48.82769,84.989 7.48059,75.33982 31.13153,4.47625 63.09472,7.74563 94.60785,7.87249 z M 180.00715,525.02388 c 15.34261,-16.89992 -1.71059,-26.13563 -5.59878,-8.70721 3.604,1.81539 -0.3732,21.47501 5.59878,8.70721 z M 283.13393,421.09026 c 19.71287,-6.96705 52.11997,-54.17174 10.14111,-37.18057 -31.72739,-5.59559 -24.07342,22.73764 -14.8734,41.16097 z m 100.28249,-4.36124 c 18.66413,-8.25181 55.08337,4.65463 33.82934,-29.67832 -5.72657,-16.64402 -26.44788,-77.38571 5.01693,-44.21342 14.03305,20.58059 6.58609,64.71911 35.79802,48.88157 30.21763,-8.78137 -38.23601,-59.59402 3.7575,-55.65472 16.43586,14.22551 15.65176,49.14159 34.06268,27.2185 20.51748,5.64057 54.19955,-5.53412 19.194,-22.14506 -22.15124,-17.54477 -2.41491,-30.46448 14.88616,-20.95817 21.47313,0.72434 40.95239,-9.94628 9.33994,-19.14291 -27.01232,-18.12633 -53.35975,-47.52815 -56.2056,-80.48936 -13.48862,-34.95082 -18.29124,-73.83602 -41.59338,-104.6971 -25.26117,-30.110322 -51.37973,4.47642 -66.61711,18.00674 -28.10353,-2.50855 -37.04785,-38.791752 -71.36248,-35.602274 -38.91515,-5.828726 -70.37297,26.241964 -102.51057,43.196054 -15.64835,6.24086 -58.19364,49.27467 -20.63358,18.87475 16.8812,-25.30272 37.84933,6.44794 37.08478,9.94472 26.76699,-19.40039 55.70487,-40.1398 90.29021,-39.57353 35.54082,3.36559 76.13251,6.79402 98.22841,38.90824 15.30885,13.59362 24.89602,53.34704 36.27956,12.35063 10.33838,-37.48936 42.70724,8.69476 12.85333,23.08099 -36.5485,31.71613 36.29094,32.74804 16.06394,71.14617 -16.24514,31.64553 -61.80489,38.27903 -86.17161,34.88827 -10.95219,29.99758 -46.28439,42.52277 -24.30032,76.46276 2.48267,8.60193 7.61281,44.3463 22.70985,29.19547 z m 73.1907,-5.68646 c -3.24848,-5.61475 -3.16338,6.38507 0,0 z m -8.31033,-2.8537 c -4.23487,-3.62894 1.80597,5.49454 0,0 z m 20.20063,-1.21629 c -6.61788,-5.24235 -14.09967,9.08095 0,0 z M 341.08026,385.41039 c -4.31396,-33.75883 -10.69037,-9.56156 -8.0522,10.98131 5.38836,10.82585 14.37047,-1.46893 8.0522,-10.98131 z m 187.05098,-9.74452 c -1.10644,-3.34502 -2.25642,3.25914 0,0 z m 4.57452,-5.48942 c -1.10644,-3.34503 -2.25644,3.25913 0,0 z m -269.8934,-7.32091 c 43.20848,-2.16662 82.73479,-27.31536 104.71095,-64.2401 29.97665,-6.31511 8.38401,-39.2059 -10.9383,-17.18168 -25.72942,-0.54313 -81.38048,-31.19392 -45.7037,-60.17464 26.67482,-19.32436 75.41098,-31.80374 95.73212,1.98223 -4.93873,20.11927 36.31239,27.86248 13.03778,5.35366 -6.1162,-22.64034 -35.91148,-59.15895 -48.42593,-58.78245 10.48401,26.6946 -69.85562,19.32773 -46.28282,-3.6596 41.04915,-13.44177 -41.17809,-14.65718 -54.82557,-0.48971 -45.15975,12.51138 45.614,10.17668 14.1533,37.23931 -27.35699,-14.1044 -60.42437,-25.10664 -73.98771,9.85397 32.15048,-21.49813 81.2426,-0.34276 59.85968,41.55389 -19.50142,24.5094 -45.06222,45.22956 -76.59336,50.89895 -6.22178,33.60393 23.02483,68.22497 58.70361,58.72245 l 4.90261,-0.26012 5.65734,-0.8162 z m -7.89581,-5.96152 c -22.71909,-25.13739 45.51293,-33.59756 61.49737,-50.81203 42.30568,3.58948 -20.14852,41.98661 -39.38664,44.82151 -6.85867,2.36054 -14.41426,8.56521 -22.11073,5.99052 z m 14.14217,-58.34964 c -36.93529,-12.44 26.8298,-78.88571 22.91573,-32.52717 -24.14707,20.11456 41.78303,6.25011 16.50702,31.6502 -12.62634,2.34795 -26.82126,4.34286 -39.42275,0.87697 z m 273.9397,29.85548 c -5.03822,-1.48496 -0.91437,1.6013 0,0 z m 5.2607,-0.30898 c -2.33756,-3.28218 -2.33751,3.2822 0,0 z m 11.89374,0 c -6.01761,-3.38644 -6.01757,3.38645 0,0 z m 14.40974,-4.38261 c 5.79234,-10.38757 -15.52528,8.00789 0,0 z m -56.4953,-2.42517 c -2.13511,-3.14252 -2.63513,1.74344 0,0 z m -4.11706,-3.25616 c -3.51714,-3.28011 -2.34501,3.3887 0,0 z m 67.57626,-5.03197 c -3.207,-4.84208 -2.17534,4.94022 0,0 z m -421.86331,-21.0798 c 6.13591,-14.41193 -11.63503,6.17944 0,0 z m 251.3604,-4.12267 c 24.27755,0.45136 62.65404,-35.17664 20.68568,-37.64134 -5.25832,-9.43794 -4.85908,16.41339 -14.25648,11.82111 20.64088,23.2392 -10.99191,22.55282 -22.58072,7.95659 12.05994,6.3188 -0.083,26.58445 16.15152,17.86364 z m -214.54488,-7.80098 c 12.95822,-10.70852 10.00771,-62.30178 -11.0383,-25.39346 -10.39711,12.38701 -11.63675,33.31896 11.0383,25.39346 z m 44.26483,-25.22024 c 26.70129,-14.93881 10.05699,-45.70948 -9.0612,-21.39437 6.34635,4.57593 -4.12453,29.82137 9.0612,21.39437 z m 123.61997,-1.27751 c 25.62416,-7.99233 30.06953,-42.22423 -3.8631,-29.39402 4.60634,6.49021 -8.87003,34.92313 3.8631,29.39402 z m -28.35406,-5.87267 c 3.72289,-42.0795 -32.73175,20.64235 -0.003,2.60689 l 0.002,-2.14829 5.3e-4,-0.45865 z m 99.71653,-13.25384 c -2.1351,-3.1425 -2.63511,1.74344 0,0 z M 197.67312,187.53843 c 24.81642,-20.30103 -10.23122,0.13849 -7.06268,7.65319 l 2.46154,-2.91249 z m 210.60576,-1.14558 c -2.50903,-6.69794 -4.0975,2.84386 0,0 z m 46.97969,-9.74781 c -2.75532,-4.72862 -0.1462,6.15221 0,0 z m -243.68395,-1.55296 c -3.70342,0.006 -2.34015,3.73205 0,0 z m 192.12974,1.17881 c -1.73608,-4.60693 -2.84183,3.31796 0,0 z m -5.5333,-10.62826 c -4.93542,-3.7159 3.38279,8.05386 0,0 z M 64.275146,627.72181 c -1.806343,-5.06724 7.874418,5.09947 0,0 z" />
    <path
       style="fill:#00ff00;stroke-width:0.930918;stroke-dashoffset:0.5"
       d="m 371.57516,416.37421 c -2.94132,-3.49554 -7.11255,-14.42696 -8.89548,-23.31208 -0.46158,-2.30027 -2.43956,-7.56505 -4.39549,-11.69951 -4.2563,-8.99692 -4.70949,-18.4316 -1.24843,-25.99008 1.24064,-2.70936 6.81068,-10.98164 12.37787,-18.38286 5.5672,-7.40121 11.50067,-16.17707 13.1855,-19.50191 l 3.06331,-6.04518 5.77561,0.78115 c 6.72588,0.90968 24.71221,-0.94509 35.33227,-3.64352 11.91608,-3.02771 26.93337,-11.05516 34.49842,-18.44101 7.55854,-7.37948 14.14438,-19.68645 14.14593,-26.43451 10e-4,-6.91512 -4.51776,-14.35399 -13.34818,-21.97115 -13.95411,-12.03691 -16.2075,-14.75013 -16.2075,-19.51478 0,-7.12553 4.71283,-13.68509 13.95787,-19.42729 4.17121,-2.59077 8.15553,-10.77578 8.15553,-16.75392 0,-5.53343 -3.79096,-13.88145 -7.47583,-16.46244 -3.9845,-2.79085 -9.62795,-2.51827 -12.97565,0.62673 -1.54394,1.45046 -4.2139,6.85379 -5.93324,12.00739 -3.54859,10.63668 -7.27672,17.3935 -9.56526,17.33595 -2.81454,-0.0708 -5.65671,-3.08676 -12.89134,-13.67969 -9.14738,-13.3936 -20.3382,-26.42166 -27.73565,-32.28912 -13.20897,-10.47699 -33.85557,-17.48204 -62.5315,-21.21589 -37.4444,-4.87558 -57.67123,0.59397 -94.99821,25.68851 l -15.56471,10.46399 -3.68141,-5.22286 c -2.02478,-2.87258 -5.78417,-6.82671 -8.3542,-8.78698 -3.91743,-2.98796 -5.83187,-3.56411 -11.84292,-3.56411 -7.00517,0 -7.10654,-0.048 -4.40621,-2.08628 1.52015,-1.14746 6.84233,-4.36783 11.82707,-7.15638 4.98474,-2.78855 16.89976,-10.15655 26.47783,-16.37333 35.05269,-22.75144 47.43693,-27.245506 73.13752,-26.540559 14.90577,0.408854 16.19905,0.650452 23.74008,4.434849 4.38652,2.20134 12.88578,8.38115 18.88725,13.73291 11.7168,10.44838 19.77339,15.48566 26.64983,16.66248 4.08128,0.69846 4.96483,0.13797 16.62561,-10.54666 24.09782,-22.08053 37.73181,-23.898017 52.8803,-7.04925 7.73736,8.60581 18.89573,31.49106 25.3158,51.92143 13.28187,42.26644 17.13892,55.07028 18.99209,63.04617 2.32743,10.01698 7.27739,21.09972 13.89295,31.10569 10.35442,15.66101 34.12932,37.0344 46.03819,41.38788 6.26668,2.29089 11.36906,6.40477 10.64348,8.58149 -0.26007,0.78021 -2.36802,2.53201 -4.68433,3.8929 -4.5386,2.66654 -16.15567,3.14395 -31.30508,1.2865 -6.84983,-0.83985 -7.63635,-0.67655 -10.77586,2.2373 -7.4427,6.90775 -2.22239,17.08004 13.6136,26.5274 5.9299,3.53765 8.70357,7.97234 6.87274,10.98854 -2.84484,4.68675 -10.32704,6.92675 -22.64151,6.77836 -10.85952,-0.13085 -11.93312,0.0784 -14.9533,2.91489 -5.85956,5.50314 -8.20519,3.87394 -16.0479,-11.14643 -3.84253,-7.35922 -8.55312,-15.0292 -10.46798,-17.0444 -3.04893,-3.2087 -4.13187,-3.59251 -8.71487,-3.08869 -11.23738,1.23536 -11.42037,5.90042 -0.95051,24.23119 12.94871,22.67077 13.29281,26.6077 2.75448,31.51417 -15.35336,7.14824 -19.28293,3.62455 -26.08752,-23.39288 -2.33105,-9.25534 -5.51036,-19.12765 -7.06514,-21.93849 -3.39954,-6.14592 -12.60464,-13.50457 -16.24332,-12.98506 -2.24508,0.32054 -2.6433,1.33107 -2.96489,7.52367 -0.52788,10.1647 6.07363,35.26925 13.33958,50.72837 7.71039,16.40476 5.42797,19.33036 -16.79353,21.52589 -9.94718,0.98279 -14.95781,2.11275 -19.37935,4.37026 -3.27987,1.6746 -6.41718,3.04474 -6.9718,3.04474 -0.55462,0 -2.3918,-1.64408 -4.08261,-3.6535 z"
       id="path84" />
    <g
       id="g74"
       style="fill:#ff0000;fill-opacity:1">
      <path
         style="fill:#ff0000;stroke-width:0.930918;stroke-dashoffset:0.5;fill-opacity:1"
         d="m 83.22895,599.10494 c -5.291863,-1.93766 -10.522669,-6.20556 -10.522669,-8.58562 0,-2.25725 6.479769,-2.74236 13.147867,-0.98433 13.465187,3.55007 15.177252,2.10425 15.177252,-12.81712 0,-5.35036 0.34749,-10.07541 0.77219,-10.50011 0.4247,-0.42471 2.70913,0.0371 5.07651,1.02627 6.65922,2.7824 14.65552,2.28553 20.75628,-1.28976 4.13849,-2.42532 6.14395,-4.86419 9.34272,-11.36181 3.64332,-7.40063 4.07328,-9.38124 4.07501,-18.77139 0.002,-9.77494 -0.35848,-11.26878 -5.23207,-21.69452 -11.25271,-24.07218 -5.94773,-34.25507 29.34491,-56.32746 7.16495,-4.48104 15.11913,-9.80981 17.67596,-11.84172 4.52045,-3.59241 4.75577,-3.64066 8.52455,-1.74804 5.37325,2.69838 8.12648,6.50282 8.15872,11.27384 0.064,9.48311 -10.43844,21.3347 -24.38196,27.51381 -27.33105,12.11185 -28.8884,15.33513 -23.02841,47.66242 4.34132,23.9494 3.97291,28.22833 -3.71377,43.13433 -7.42164,14.39205 -10.16683,16.26174 -24.95977,16.99963 -15.95392,0.7958 -18.11973,1.34444 -23.694787,6.00226 -5.614153,4.69049 -8.799275,5.13577 -16.518533,2.30932 z"
         id="path78" />
      <path
         style="fill:#ff0000;stroke-width:0.930918;stroke-dashoffset:0.5;fill-opacity:1"
         d="m 352.90797,710.05234 c 1.98615,-5.69765 2.0507,-12.6034 0.15212,-16.27484 -6.25469,-12.09522 -21.98903,-14.81469 -32.84815,-5.67734 -2.78679,2.34493 -3.66329,2.62842 -3.66329,1.18485 0,-2.10123 6.31173,-6.67335 18.49132,-13.39479 18.69439,-10.31671 20.44659,-17.63023 6.48892,-27.08416 -4.91799,-3.3311 -5.02418,-3.34512 -10.69342,-1.41342 -6.26658,2.13523 -11.13904,1.56523 -12.29146,-1.43792 -1.17244,-3.05532 2.29494,-9.79947 6.808,-13.24175 6.98182,-5.32529 10.25173,-6.05114 17.12804,-3.802 7.59493,2.48418 13.27196,1.52987 17.40452,-2.92569 5.49101,-5.92017 6.21998,-10.23566 7.22643,-42.78023 0.52367,-16.9335 1.61614,-33.83621 2.42771,-37.56158 2.47963,-11.3824 0.77608,-33.12847 -4.86679,-62.12509 -2.7609,-14.18728 -5.01983,-26.30252 -5.01983,-26.92277 0,-2.16986 9.25821,0.59132 12.59469,3.75625 6.24614,5.92499 6.52793,8.4469 6.0899,54.50344 -0.42864,45.06973 -0.0755,41.34568 -8.29179,87.43842 -2.22997,12.50991 -3.20757,22.44043 -3.26472,33.16313 l -0.0816,15.30597 4.19917,3.84826 c 2.30955,2.11654 9.45253,5.94494 15.8733,8.50755 21.3774,8.53201 24.32305,13.41364 14.20151,23.53518 l -5.47753,5.47753 -5.14528,-1.81537 c -10.72578,-3.78427 -15.25186,-1.86934 -28.64929,12.12111 -5.30812,5.54307 -9.26475,8.96994 -8.79252,7.61526 z"
         id="path80" />
      <path
         style="fill:#ff0000;stroke-width:0.930918;stroke-dashoffset:0.5;fill-opacity:1"
         d="m 226.74458,362.58549 c -19.60883,-6.86436 -33.34864,-27.09255 -33.34864,-49.09688 v -7.56989 L 199.6288,304.48 c 17.67459,-4.07979 37.06223,-15.36874 53.50555,-31.15498 5.75225,-5.52239 10.45863,-9.7043 10.45863,-9.29314 0,0.41116 -1.20833,3.06579 -2.68517,5.89918 -3.52295,6.75892 -4.35904,16.73112 -1.81522,21.65032 3.46686,6.70417 9.06373,8.37695 27.89941,8.33848 18.71969,-0.0382 22.41082,-1.1196 26.2345,-7.68591 2.17332,-3.73216 2.20062,-4.24409 0.375,-7.03034 -1.17872,-1.79895 -4.07174,-3.56822 -7.20798,-4.40813 -12.48246,-3.34295 -18.66202,-5.56501 -19.06813,-6.85657 -0.23941,-0.76141 0.9731,-3.05816 2.69447,-5.10389 3.4596,-4.11149 3.73349,-6.06656 1.81682,-12.96867 -2.46075,-8.86139 -9.99707,-8.79746 -19.92186,0.16899 -5.37463,4.85566 -5.78126,4.47222 -1.67467,-1.57918 6.52499,-9.61511 7.17399,-24.73805 1.4787,-34.45633 -8.20903,-14.00765 -31.47686,-20.09936 -50.52652,-13.22826 -4.01616,1.4486 -7.54305,2.3929 -7.83752,2.09843 -1.05478,-1.05478 4.98433,-9.39877 9.04322,-12.49464 4.66868,-3.56097 13.78193,-6.64322 19.64196,-6.64322 6.36955,0 21.7706,4.41895 32.50929,9.32774 9.52454,4.35378 10.1212,4.47272 12.34449,2.46066 3.81418,-3.45178 5.59079,-8.94982 4.01182,-12.41528 -1.54258,-3.3856 -9.38654,-7.64529 -21.28288,-11.55775 -4.47306,-1.4711 -9.17337,-3.43558 -10.44512,-4.36551 -2.16129,-1.58037 -1.9921,-1.82729 2.59096,-3.78123 2.69679,-1.14976 7.39709,-3.36862 10.44512,-4.93082 9.52311,-4.88085 19.41837,-6.88181 37.66533,-7.61645 18.96754,-0.76366 27.85334,0.67145 25.05261,4.04613 -0.78857,0.95017 -3.53705,2.35774 -6.10772,3.12794 -8.65507,2.59312 -11.22193,13.03153 -4.31706,17.55578 8.07056,5.28803 26.06698,7.15177 37.18281,3.85072 7.52026,-2.23328 10.77034,-5.55993 10.77034,-11.0241 0,-4.90725 1.06961,-4.74376 9.69892,1.48248 11.03989,7.96552 27.54758,29.87064 34.05404,45.18851 1.74252,4.10233 4.69223,9.44749 6.55492,11.87812 4.32677,5.64607 4.40957,8.4972 0.24672,8.4972 -7.57013,0 -15.49414,-7.2636 -16.02293,-14.68754 -0.63922,-8.97451 -11.35043,-19.02109 -24.41623,-22.90121 -25.76027,-7.64998 -69.59311,7.50905 -81.68511,28.24975 -1.84564,3.16572 -2.02212,12.9499 -0.3146,17.44103 3.72521,9.79803 18.73722,21.50295 35.35807,27.56881 13.11948,4.78803 20.27319,5.78948 22.46766,3.14531 2.56086,-3.08566 8.071,-5.56492 12.36797,-5.56492 4.79169,0 11.05017,5.82158 11.05017,10.27876 0,4.17706 -5.30231,10.1839 -10.50516,11.901 -3.04836,1.00606 -5.53525,3.31902 -8.7081,8.09912 -10.6927,16.10924 -29.65133,33.06059 -47.2892,42.28239 -17.61217,9.20835 -29.4667,12.56517 -54.43619,15.41457 -20.74817,2.36767 -27.14569,2.34933 -34.13635,-0.0979 z m 42.22595,-7.4464 c 1.98845,-1.02826 6.99529,-2.96923 11.1263,-4.31324 20.57134,-6.69282 44.39473,-22.13743 49.56279,-32.13133 2.75151,-5.32083 1.32084,-8.8827 -4.50398,-11.21333 -6.74005,-2.69683 -7.46214,-2.58937 -14.52123,2.16105 -3.38896,2.2806 -14.38985,7.59703 -24.44642,11.81429 -28.09931,11.78353 -36.14181,17.31797 -36.14181,24.87096 0,4.10728 2.86071,10.33553 5.20808,11.33889 2.27542,0.97261 9.5348,-0.36496 13.71627,-2.52729 z"
         id="path82" />
      <path
         style="fill:#ff0000;fill-opacity:1;stroke-width:0.930918;stroke-dashoffset:0.5"
         d="m 402.84999,287.19926 c -0.72929,-1.36268 -1.32598,-4.23589 -1.32598,-6.38491 0,-3.25459 0.36002,-3.75191 2.15518,-2.97709 1.18534,0.51162 4.8293,1.52019 8.09769,2.24126 4.80216,1.05945 6.57462,0.95741 9.23645,-0.53173 4.20219,-2.35089 4.6095,-5.46053 1.50825,-11.51474 -2.38387,-4.65375 -2.3921,-4.88499 -0.22789,-6.40087 1.23493,-0.86498 3.20885,-4.09562 4.38648,-7.17921 2.35236,-6.15955 2.28678,-6.10501 5.34085,-4.44228 1.17615,0.64033 4.16044,1.48618 6.63175,1.87965 6.40121,1.01919 10.9008,4.91352 10.9008,9.43448 0,2.72451 -1.59399,5.36432 -6.14431,10.17562 -7.62651,8.06391 -15.8931,12.65212 -26.94851,14.95723 -4.68901,0.97769 -9.37131,2.1022 -10.40512,2.49891 -1.1421,0.43826 -2.39997,-0.25091 -3.20564,-1.75632 z"
         id="path88" />
      <path
         style="fill:#ff0000;fill-opacity:1;stroke-width:0.930918;stroke-dashoffset:0.5"
         d="m 275.93911,418.25242 c -3.42754,-7.99615 -5.47209,-19.10753 -4.48451,-24.37177 1.24208,-6.62086 5.61246,-9.56967 14.16407,-9.55688 3.80336,0.006 10.60549,-0.93534 15.11585,-2.09117 7.06165,-1.80963 8.48953,-1.86176 10.28054,-0.37535 6.60613,5.4826 -7.3969,25.99836 -25.58409,37.48309 l -7.1029,4.48529 z"
         id="path90" />
      <path
         style="fill:#ff0000;fill-opacity:1;stroke-width:0.930918;stroke-dashoffset:0.5"
         d="m 141.97968,921.88916 c -5.61537,-4.05531 -3.47253,-13.83882 9.79486,-44.72011 7.33177,-17.06549 8.5064,-20.75837 7.83452,-24.63054 -2.21575,-12.76974 -2.22825,-13.75345 -0.18461,-14.53767 2.46048,-0.94417 16.79943,0.4982 19.10244,1.92154 1.34446,0.83092 1.41069,2.10162 0.33341,6.39625 -0.7394,2.94763 -2.52085,14.70952 -3.95878,26.13754 -3.62432,28.80438 -8.03848,41.50337 -16.64843,47.89545 -4.30766,3.19803 -12.8558,4.00568 -16.27341,1.53754 z"
         id="path92" />
      <path
         style="fill:#ff0000;fill-opacity:1;stroke-width:0.930918;stroke-dashoffset:0.5"
         d="m 315.76302,914.39144 c -2.04515,-3.12842 -2.25913,-5.77739 -1.97827,-24.48998 0.28233,-18.81063 0.0446,-21.71257 -2.29661,-28.04008 -3.38032,-9.13573 -2.51238,-14.22753 3.29422,-19.3258 8.92227,-7.83385 17.86302,-3.25326 19.4144,9.94652 0.4263,3.62714 3.21559,14.35122 6.19842,23.83129 6.46224,20.53835 7.34622,25.70596 5.36081,31.33823 -2.09367,5.93939 -7.49442,8.71954 -18.56516,9.55682 -9.00254,0.68086 -9.16777,0.64013 -11.42781,-2.817 z"
         id="path94" />
    </g>
    <path
       style="fill:#afe9af;fill-opacity:1;stroke-width:0.930918;stroke-dashoffset:0.5"
       d="m 282.06589,568.87069 c -7.78941,-0.58092 -23.30665,-2.21611 -34.48276,-3.63374 -11.96408,-1.51759 -23.10557,-2.28461 -27.0936,-1.86521 -14.84228,1.56085 -22.16749,-3.23805 -22.16749,-14.52239 0,-8.59785 1.88489,-14.54993 12.57863,-39.72074 7.05538,-16.60685 9.69825,-21.55754 12.3661,-23.16448 4.05605,-2.44308 7.08518,-7.86347 7.04793,-12.61172 -0.0367,-4.6802 -3.48316,-11.9288 -10.89218,-22.90848 -6.66426,-9.87601 -8.23701,-13.97916 -7.0979,-18.51774 0.73383,-2.9238 6.2803,-5.99349 13.70678,-7.58601 2.03202,-0.43574 6.22755,-2.40956 9.32339,-4.38625 13.37446,-8.5396 17.75836,-5.77371 25.15076,15.86813 3.50413,10.25863 5.96525,15.30067 9.30624,19.06549 3.50763,3.95261 4.92961,4.8181 6.24299,3.79981 0.93542,-0.72524 8.35101,-6.48056 16.47909,-12.78959 21.70001,-16.8436 35.38875,-22.56787 48.62145,-20.33222 5.76009,0.97316 6.17867,2.00906 1.7661,4.37061 -8.01617,4.29012 -9.48151,19.0737 -3.78774,38.21391 7.8554,26.40672 7.53019,69.08332 -0.65106,85.437 -2.97113,5.93908 -8.95191,12.53059 -13.56001,14.94473 -3.74847,1.96379 -19.40859,2.08762 -42.85672,0.33889 z"
       id="path96" />
    <path
       style="fill:#afe9af;fill-opacity:1;stroke-width:0.930918;stroke-dashoffset:0.5"
       d=""
       id="path98" />
    <path
       style="fill:#afe9af;fill-opacity:1;stroke-width:0.930918;stroke-dashoffset:0.5"
       d="m 222.95259,616.3945 c -5.08005,-1.0064 -12.06101,-2.03879 -15.51324,-2.2942 -7.54173,-0.55797 -12.63941,-3.00907 -16.97554,-8.16226 -3.87309,-4.60291 -4.18232,-10.07667 -0.76246,-13.49654 2.86087,-2.86086 2.3861,-2.81621 26.47784,-2.49049 12.99434,0.17569 25.77765,1.33207 43.10345,3.89914 13.54679,2.00716 32.11206,3.92771 41.25615,4.26788 19.07178,0.7095 22.16749,1.16856 22.16749,3.28715 0,2.76679 -11.66495,8.8673 -25.25228,13.20638 -7.66252,2.447 -11.74553,2.7987 -36.93984,3.18192 -21.53214,0.32751 -30.54022,-0.008 -37.56157,-1.39898 z"
       id="path100" />
    <path
       style="fill:#008080;fill-opacity:1;stroke-width:0.930918;stroke-dashoffset:0.5"
       d="m 160.54554,811.17335 c -2.15023,-0.9823 -4.85844,-3.23426 -6.01824,-5.00434 -3.08501,-4.70832 -1.73925,-21.06072 3.13728,-38.12107 2.11182,-7.38814 4.90311,-21.81134 6.20285,-32.05156 1.29975,-10.24023 3.71409,-27.19416 5.36521,-37.67541 4.32533,-27.45703 4.58798,-29.64573 5.56248,-46.35169 0.4853,-8.31943 1.31589,-15.55685 1.84576,-16.08316 0.52987,-0.52631 5.48635,-0.89158 11.0144,-0.8117 8.34033,0.12051 13.61428,1.23271 30.98696,6.53467 28.29408,8.63505 36.40783,9.7602 51.26013,7.10833 12.1861,-2.17582 18.92754,-1.49942 22.00426,2.20779 4.79775,5.78094 3.09379,19.36445 -3.87829,30.91656 l -3.78547,6.27219 -4.69734,-1.61836 c -9.07787,-3.12758 -26.38472,-4.47028 -37.90909,-2.94106 -12.97353,1.72152 -19.68242,5.05733 -22.73697,11.30531 -2.13533,4.36775 -2.12844,4.74115 0.21539,11.68383 2.38787,7.07312 2.38924,7.30779 0.0998,17.03978 -1.27675,5.42734 -3.4652,18.86805 -4.86322,29.86825 -3.92787,30.90605 -6.28903,41.32828 -11.84845,52.29926 l -2.99095,5.90236 -7.6763,0.007 c -4.22196,0.004 -12.10979,0.29791 -17.52851,0.65301 -7.14527,0.46824 -10.92638,0.15493 -13.76173,-1.14037 z"
       id="path102" />
    <path
       style="fill:#008080;fill-opacity:1;stroke-width:0.930918;stroke-dashoffset:0.5"
       d="m 301.15301,810.19537 c -7.74059,-9.19917 -11.69796,-26.40223 -11.69796,-50.85212 0,-8.27289 -0.6035,-23.76059 -1.34111,-34.41712 -0.7376,-10.65652 -1.03889,-19.6777 -0.66951,-20.04708 0.36937,-0.36937 4.15944,2.24924 8.42238,5.81914 9.64137,8.07393 14.65588,10.26642 21.67194,9.47561 5.32276,-0.59995 5.3961,-0.55597 7.58399,4.54817 1.21509,2.83468 2.62347,7.60573 3.12975,10.60232 1.31767,7.79927 1.54308,68.91638 0.26868,72.853 -1.30349,4.02651 -4.96744,5.3654 -15.80476,5.77542 -7.85818,0.29731 -8.26206,0.16608 -11.5634,-3.75734 z"
       id="path104" />
    <path
       style="fill:#008080;fill-opacity:1;stroke-width:0.930918;stroke-dashoffset:0.5"
       d="m 325.50758,954.10338 c -0.46543,-0.75307 -0.32302,-1.72289 0.31646,-2.15517 9.38433,-6.34367 21.43819,-11.48027 32.51481,-13.85578 6.91043,-1.48203 18.44652,0.35141 20.91335,3.32377 3.58797,4.32323 -8.01926,8.31127 -33.95509,11.66637 -10.1601,1.31432 -18.57875,2.38976 -18.70811,2.38985 -0.12936,10e-5 -0.616,-0.61597 -1.08142,-1.36904 z"
       id="path106" />
    <path
       style="fill:#008080;fill-opacity:1;stroke-width:0.930918;stroke-dashoffset:0.5"
       d="m 111.12153,968.85789 c -4.16603,-0.59897 -9.13043,-1.89621 -11.03201,-2.88276 l -3.457418,-1.79373 5.490138,-2.38974 c 3.01958,-1.31435 8.69119,-3.03904 12.60358,-3.83263 l 7.11344,-1.44288 7.357,6.37347 c 4.04635,3.50542 7.357,6.59574 7.357,6.86739 0,0.85667 -17.5303,0.2369 -25.43173,-0.89912 z"
       id="path114" />
    <path
       style="fill:#ffffff;fill-opacity:1;stroke-width:0.930918;stroke-dashoffset:0.5"
       d="m 183.04177,280.12651 c -6.51356,-2.75392 -5.14991,-12.94642 3.4935,-26.11193 8.72683,-13.29258 12.27207,-15.10434 15.31329,-7.82569 3.38235,8.09511 1.17686,25.0251 -4.07667,31.29365 -2.4579,2.93279 -10.59323,4.39304 -14.73012,2.64397 z"
       id="path233" />
    <path
       style="fill:#ffffff;fill-opacity:1;stroke-width:0.930918;stroke-dashoffset:0.5"
       d="m 234.1212,244.07328 c -0.53639,-11.21051 -0.48954,-11.44506 2.94678,-14.75248 4.61645,-4.44328 8.89463,-5.43439 12.69871,-2.94186 7.27407,4.76615 4.29103,18.16208 -5.64758,25.36157 -8.53352,6.18165 -9.36583,5.54336 -9.99791,-7.66723 z"
       id="path235" />
    <path
       style="fill:#ffffff;fill-opacity:1;stroke-width:0.930918;stroke-dashoffset:0.5"
       d="m 323.91215,252.18083 c -2.70362,-2.70362 2.0335,-15.14403 6.91108,-18.14957 3.1578,-1.94582 4.54148,0.87525 4.56432,9.30578 0.0182,6.70672 -0.12271,7.01016 -3.8595,8.31281 -4.45858,1.55426 -6.45353,1.69335 -7.6159,0.53098 z"
       id="path237" />
    <path
       style="fill:#ffffff;fill-opacity:1;stroke-width:0.930918;stroke-dashoffset:0.5"
       d="m 359.75373,251.57709 c -0.35072,-0.91397 0.1138,-6.64771 1.03227,-12.74165 0.91847,-6.09394 1.41334,-11.79037 1.09973,-12.65873 -1.47413,-4.08165 14.50213,-5.46037 19.19926,-1.65686 5.96963,4.83391 1.52067,17.53243 -8.45556,24.13438 -5.79418,3.83441 -11.98649,5.2401 -12.8757,2.92286 z"
       id="path239" />
  </g>
</svg>
