<?xml version="1.0" encoding="UTF-8" standalone="no"?>
<svg
   xmlns:dc="http://purl.org/dc/elements/1.1/"
   xmlns:cc="http://creativecommons.org/ns#"
   xmlns:rdf="http://www.w3.org/1999/02/22-rdf-syntax-ns#"
   xmlns:svg="http://www.w3.org/2000/svg"
   xmlns="http://www.w3.org/2000/svg"
   width="800px"
   height="1000px"
   viewBox="0 0 800 1000"
   version="1.1"
   id="SVGRoot">
  <defs
     id="defs1847" />
  <metadata
     id="metadata3">
    <rdf:RDF>
      <cc:Work
         rdf:about="">
        <dc:format>image/svg+xml</dc:format>
        <dc:type
           rdf:resource="http://purl.org/dc/dcmitype/StillImage" />
        <dc:title>Fille course</dc:title>
        <cc:license
           rdf:resource="http://creativecommons.org/licenses/by/4.0/" />
        <dc:creator>
          <cc:Agent>
            <dc:title>Frédéric Wang</dc:title>
          </cc:Agent>
        </dc:creator>
      </cc:Work>
      <cc:License
         rdf:about="http://creativecommons.org/licenses/by/4.0/">
        <cc:permits
           rdf:resource="http://creativecommons.org/ns#Reproduction" />
        <cc:permits
           rdf:resource="http://creativecommons.org/ns#Distribution" />
        <cc:requires
           rdf:resource="http://creativecommons.org/ns#Notice" />
        <cc:requires
           rdf:resource="http://creativecommons.org/ns#Attribution" />
        <cc:permits
           rdf:resource="http://creativecommons.org/ns#DerivativeWorks" />
      </cc:License>
    </rdf:RDF>
  </metadata>
  <title
     id="title5">Fille course</title>
  <g
     id="g1125">
    <path
       style="fill:#000000"
       d="m 194.32661,985.46654 c -8.50605,-5.61331 -14.71048,-14.13677 -17.25495,-23.70435 -1.39925,-5.2614 -3.7586,-11.70032 -9.51688,-25.97255 -3.50911,-8.69753 -18.78886,-32.52425 -30.33852,-47.30885 -8.56934,-10.96953 -8.80341,-12.90125 -2.30431,-19.01714 4.51359,-4.24745 4.56526,-4.26585 7.65364,-2.72517 1.71015,0.85314 3.19362,1.55116 3.29659,1.55116 0.10298,0 2.0235,-1.8 4.26784,-4 3.21265,-3.14919 4.8357,-4 7.63062,-4 4.81401,0 14.33509,4.35003 18.60704,8.50125 1.925,1.8706 5.13542,4.08235 7.13426,4.91498 1.99884,0.83264 5.49806,3.63129 7.77605,6.21922 l 4.14179,4.70532 4.88077,-5.47609 c 4.97364,-5.58031 23.21361,-22.00881 27.71146,-24.95936 1.36459,-0.89516 4.48534,-3.53775 6.935,-5.87242 2.44966,-2.33468 6.06267,-5.33659 8.02891,-6.67091 3.4198,-2.32074 8.28338,-6.30313 25.81086,-21.13436 4.3555,-3.6855 10.16406,-9.55758 12.90791,-13.04906 5.26994,-6.70587 7.65614,-8.17857 13.25166,-8.17857 4.17465,0 5.87557,-0.91624 14.90367,-8.02826 6.48864,-5.11152 13.8486,-10.17629 22.51766,-15.49557 4.84363,-2.97202 6.89696,-4.38214 12.92946,-8.87929 5.01206,-3.73642 5.207,-4.05596 4.56436,-7.48152 -0.36922,-1.96811 -2.01722,-6.45711 -3.66222,-9.97554 l -2.99091,-6.39716 -6.67034,0.53279 c -8.36545,0.66817 -18.79142,4.88173 -22.23482,8.986 -2.46682,2.94027 -2.79046,3.03394 -8.5,2.46003 -5.40913,-0.54371 -6.29028,-0.98396 -9.93553,-4.96415 -2.2,-2.40214 -4.7875,-4.66611 -5.75,-5.03104 -1.38363,-0.52461 -1.75,-1.85367 -1.75,-6.34841 0,-4.03515 -0.74878,-7.26769 -2.58024,-11.13908 -2.15128,-4.54742 -2.7339,-7.72226 -3.50447,-19.0965 -0.50832,-7.50326 -1.36876,-15.6673 -1.91208,-18.1423 -0.54332,-2.475 -1.24612,-10.1037 -1.56177,-16.95267 -0.31566,-6.84897 -0.79567,-12.81147 -1.0667,-13.25 -1.05789,-1.71171 -3.12463,-0.52057 -9.49702,5.47353 -13.96292,13.13401 -15.14999,13.76681 -21.13459,11.26628 -2.60339,-1.08777 -4.26483,-1.26562 -5.48838,-0.58753 -0.96511,0.53487 -4.45475,2.1541 -7.75475,3.59828 -7.71647,3.37698 -10.3779,4.57148 -19.5,8.75199 -4.125,1.89042 -8.625,3.78003 -10,4.19914 -1.375,0.41911 -5.65,2.45786 -9.5,4.53055 -3.85,2.0727 -8.125,4.09176 -9.5,4.48682 -1.375,0.39506 -4.76289,1.73882 -7.52864,2.98614 -7.79149,3.51386 -13.45964,5.24332 -21.02161,6.41408 -19.57574,3.03076 -26.09261,5.02977 -30.45764,9.34267 -5.53685,5.47075 -11.77322,9.9066 -19.86859,14.13228 l -7.376486,3.85043 -11.129466,-0.42601 c -8.051989,-0.3082 -12.095628,-0.92028 -14.623515,-2.21352 -1.921727,-0.98314 -5.232768,-2.41899 -7.357868,-3.19079 -10.401673,-3.77769 -23.201671,-14.64957 -26.629776,-22.61842 -2.623114,-6.09759 -2.190684,-11.12019 1.519207,-17.64532 3.115345,-5.47942 3.095064,-6.10805 -0.366116,-11.3478 -6.096549,-9.22933 -8.563717,-21.18325 -5.567999,-26.97806 4.039594,-7.81404 12.991692,-15.82207 17.687344,-15.82207 2.903595,0 2.982913,-2.10308 0.267484,-7.09222 -3.726186,-6.84623 -3.17366,-9.48775 2.953675,-14.12094 5.301133,-4.00846 10.700256,-6.96627 14,-7.66963 1.1,-0.23447 9.65,-0.57222 19,-0.75055 13.289186,-0.25346 18.091416,0.0155 21.999996,1.23202 11.57243,3.60192 21.01052,10.4962 25.99462,18.98839 1.77528,3.02482 2.34761,5.36398 2.20205,9 -0.1948,4.86623 -0.16815,4.91148 2.80333,4.76085 3.2735,-0.16595 15.90959,-4.34315 24.27734,-8.02553 2.90253,-1.27731 5.66359,-2.32239 6.13569,-2.32239 0.4721,0 2.14729,-0.67223 3.72266,-1.49384 1.57537,-0.82161 3.56181,-1.49661 4.41431,-1.5 0.8525,-0.003 1.9775,-0.42557 2.5,-0.93817 0.5225,-0.51261 6.69242,-3.2224 13.71092,-6.02175 18.97503,-7.56824 29.03552,-13.34268 36.83521,-21.14237 2.14713,-2.14713 4.70374,-3.90387 5.68136,-3.90387 5.55315,0 8.69161,-6.874 9.13035,-19.99772 0.28234,-8.44531 2.13447,-16.13283 4.57816,-19.00228 2.96061,-3.47642 2.79654,-5.94159 -0.65588,-9.85517 -1.83157,-2.07622 -4.28371,-5.09566 -5.44922,-6.70988 l -2.1191,-2.93495 -5.27829,2.83356 c -2.90306,1.55846 -7.34947,3.21737 -9.8809,3.68647 -2.53144,0.4691 -9.55261,1.75762 -15.60261,2.86339 -6.05,1.10577 -14.15,3.01564 -18,4.24416 -6.5248,2.08204 -8.86686,2.23672 -34.5,2.2786 -24.05241,0.0393 -28.06415,-0.17764 -32,-1.73038 -2.475,-0.97642 -6.61817,-2.43961 -9.20704,-3.25154 -2.58887,-0.81192 -4.97001,-1.90172 -5.29142,-2.42177 -0.32141,-0.52005 -2.4922,-1.78947 -4.82399,-2.82093 -2.61113,-1.15502 -6.36443,-4.33488 -9.7714,-8.27847 -5.953005,-6.89064 -16.906146,-22.84728 -16.906146,-24.62903 0,-0.5982 -1.328481,-4.04856 -2.95218,-7.66748 -1.623698,-3.61892 -3.243261,-8.13145 -3.599027,-10.02785 -0.355767,-1.89639 -1.506088,-4.22559 -2.556269,-5.17599 -1.777577,-1.60869 -1.799054,-1.89645 -0.311035,-4.16745 0.949372,-1.44893 1.337797,-3.31159 0.956609,-4.58737 -0.352977,-1.18136 -1.038238,-5.06858 -1.5228,-8.63827 -0.697551,-5.13874 -0.563035,-7.16047 0.645939,-9.70819 1.364445,-2.87535 1.365992,-3.54051 0.01453,-6.24958 -0.831839,-1.66746 -1.823895,-4.44982 -2.204571,-6.18303 -0.898548,-4.09106 2.240943,-29.52502 4.098094,-33.19989 2.251077,-4.45435 1.59155,-7.28194 -1.119289,-4.79873 -1.333567,1.22159 -14.767212,5.12977 -17.63262,5.12977 -5.6206,0 -18.708622,-16.72266 -16.234736,-20.74324 0.59452,-0.96622 2.056638,-2.20097 3.24915,-2.74389 1.665244,-0.75814 2.168205,-1.86 2.168205,-4.75 0,-3.55005 -0.177253,-3.76287 -3.13398,-3.76287 -1.72369,0 -4.797021,0.49826 -6.829626,1.10724 -3.153494,0.94481 -4.284655,0.80675 -7.7107,-0.94108 -4.690096,-2.39271 -10.325694,-8.43456 -10.325694,-11.07005 0,-3.35699 10.057764,-26.36074 16.199942,-37.05191 6.530905,-11.36779 20.221834,-27.40521 27.300058,-31.97901 2.2,-1.42159 5.30321,-3.81782 6.896023,-5.32495 1.592812,-1.50713 3.505312,-2.74024 4.25,-2.74024 0.744687,0 1.353977,-0.45 1.353977,-1 0,-0.55 0.673704,-1 1.497119,-1 0.823416,0 3.185916,-1.48798 5.25,-3.30662 6.085439,-5.36181 13.387046,-9.6912 17.436489,-10.33873 2.078248,-0.33233 4.292228,-1.22307 4.919958,-1.97944 0.62773,-0.75637 1.78955,-1.37521 2.58183,-1.37521 0.79228,0 3.77468,-1.09395 6.62755,-2.431 2.85288,-1.33705 8.76316,-2.92249 13.13396,-3.52321 4.3708,-0.60072 8.68123,-1.75677 9.57874,-2.569 1.92093,-1.73842 5.92459,-1.91222 9.24103,-0.40115 1.7814,0.81167 3.89377,0.67841 8.6072,-0.54296 3.43552,-0.89023 8.13185,-1.56295 10.43627,-1.49492 2.30442,0.068 8.46485,-0.64672 13.68985,-1.58832 5.225,-0.94161 12.65,-1.81349 16.5,-1.93752 6.44212,-0.20754 8.31743,0.21504 14,3.15481 13.68782,7.08114 14.45782,7.38196 17.15954,6.70387 3.56867,-0.89568 8.95949,-3.99701 13.09356,-7.5327 2.9934,-2.56013 5.46455,-3.87454 18.2469,-9.70554 2.475,-1.12904 6.51098,-3.94357 8.96883,-6.25452 2.45786,-2.31094 7.18286,-5.50013 10.5,-7.08707 3.31715,-1.58694 7.2021,-3.61654 8.63323,-4.51021 2.47635,-1.54637 3.15275,-1.44992 14,1.99618 6.26887,1.99157 12.74794,3.89128 14.39794,4.22158 4.91194,0.98327 10.68464,2.62197 16,4.54194 2.75,0.99332 6.68318,2.08521 8.7404,2.4264 4.51031,0.74806 25.2928,11.12283 32.2596,16.10424 8.72029,6.23519 15.16718,13.17648 24,25.84051 1.65,2.36568 5.61073,7.43535 8.80162,11.26593 4.71611,5.66157 6.77427,7.31322 11,8.82741 2.85911,1.0245 6.99838,3.16735 9.19838,4.76191 5.69365,4.12676 9.62856,5.57338 19.93276,7.32801 10.70916,1.8236 39.7606,2.78386 44.35532,1.46611 1.76624,-0.50655 9.22927,-1.47776 16.58452,-2.15825 13.31585,-1.23193 13.39406,-1.22687 18.24294,1.18012 5.51767,2.73898 10.22825,8.38397 12.34283,14.7912 1.96836,5.9642 0.49872,8.25343 -9.00999,14.03475 -8.48763,5.16049 -15.94838,10.94832 -15.94838,12.37226 0,1.44942 9.58994,-0.60586 15.7391,-3.37315 5.68043,-2.55635 9.02135,-2.40436 14.86196,0.67609 8.18477,4.31682 13.39894,10.7082 13.39894,16.42402 0,5.19409 -3.19001,8.04 -17.60978,15.71029 -3.91039,2.08004 -9.71732,5.58189 -12.90431,7.78189 -3.18698,2.2 -8.31258,5.37955 -11.39021,7.06566 -3.07764,1.68612 -5.5957,3.67014 -5.5957,4.40895 0,0.79226 2.54895,2.06206 6.2139,3.09553 6.84841,1.93119 16.19207,9.00855 19.05057,14.42986 2.11817,4.01723 1.65294,9.42246 -1.06168,12.33498 -2.24369,2.40726 -3.96382,3.43565 -14.33483,8.57013 -6.10214,3.02105 -16.50291,9.83859 -19.54413,12.81087 -0.96568,0.94379 -3.59259,2.8755 -5.83758,4.2927 -5.04656,3.18575 -5.79709,4.96438 -3.2881,7.7922 3.27192,3.6877 8.69293,12.54692 16.16028,26.40975 3.91382,7.26584 8.62854,15.59084 10.47715,18.5 1.84861,2.90915 5.03318,8.88937 7.07683,13.28937 2.04365,4.4 4.98289,9.35 6.53166,11 1.54877,1.65 3.33577,4.0125 3.97112,5.25 1.75697,3.42215 3.52834,2.76105 8.72254,-3.25536 6.42177,-7.43832 10.7047,-9.35633 21.36227,-9.5666 20.73134,-0.40903 25.4022,1.85436 31.19268,15.11527 2.03098,4.65118 3.71848,9.49154 3.75,10.75635 0.089,3.56906 2.89395,8.20034 4.96664,8.20034 2.81488,0 8.79339,7.27159 10.43371,12.69041 0.80075,2.64528 3.17665,8.40351 5.27978,12.79609 2.10312,4.39257 4.16132,10.24257 4.57377,13 0.41246,2.75742 1.02998,6.64785 1.37228,8.64539 0.37893,2.21125 0.19382,3.89675 -0.47324,4.30902 -0.60259,0.37242 -1.10049,2.56307 -1.10644,4.86811 -0.0255,9.86271 -4.36618,18.64773 -14.17627,28.69098 -6.75008,6.9105 -24.2669,19 -27.52964,19 -0.64292,0 -2.81111,0.9689 -4.81819,2.1531 -4.13803,2.4415 -7.85437,2.6595 -23.46503,1.37648 -7.18054,-0.59016 -11.44836,-1.44137 -13.5,-2.69254 -1.65003,-1.00626 -4.07633,-1.83125 -5.39179,-1.8333 -3.2957,-0.005 -7.60647,-4.82249 -9.77239,-10.92077 l -1.80531,-5.08297 h -6.08714 c -7.8388,0 -14.79999,-2.39113 -17.67969,-6.07287 -1.24505,-1.59182 -3.38038,-4.33606 -4.74518,-6.09831 -1.36481,-1.76225 -2.37371,-4.13216 -2.24201,-5.26646 0.1494,-1.28685 -1.4557,-3.85953 -4.26855,-6.84167 -2.47939,-2.62862 -4.50799,-5.566 -4.50799,-6.5275 0,-0.9615 -0.64632,-2.67093 -1.43627,-3.79874 -0.78995,-1.12781 -1.74241,-5.79855 -2.11659,-10.37941 -0.7617,-9.32522 -1.84638,-12.47434 -7.15386,-20.76954 -4.25302,-6.64717 -9.06191,-17.59377 -13.87948,-31.59424 -1.86393,-5.41681 -4.99234,-12.4882 -6.95203,-15.71419 -2.96313,-4.87785 -4.14598,-5.9748 -7.025,-6.51491 -7.97052,-1.49528 -22.30544,1.88562 -37.23775,8.78254 -4.18265,1.93188 -8.9389,1.83421 -10.20198,-0.20949 -0.85709,-1.3868 -12.61677,1.54994 -15.66972,3.91321 -12.63716,9.78232 -20.88283,16.50708 -21.17471,17.26906 -0.59904,1.5638 9.08915,11.19973 14.03996,13.96423 2.602,1.45294 7.11063,5.05294 10.01917,8 2.90854,2.94706 11.81326,9.54318 19.78826,14.65804 15.75454,10.10437 21.84988,15.208 30.09703,25.20025 2.95064,3.575 7.84839,9.26052 10.88389,12.63448 9.70934,10.79197 17.39445,22.47855 20.9548,31.86552 1.25164,3.3 4.19842,10.275 6.54838,15.5 5.52232,12.27852 6.46441,15.23605 7.17551,22.52625 0.53355,5.47 0.34934,6.30966 -1.99566,9.09654 -1.42091,1.68866 -3.30692,5.27684 -4.19114,7.97375 -0.88421,2.6969 -2.25232,6.32147 -3.04024,8.05459 -0.78791,1.73312 -1.43257,3.89297 -1.43257,4.79966 0,2.4422 2.70048,7.2203 4.46301,7.89664 0.84535,0.32439 1.53699,1.50392 1.53699,2.62119 0,1.11726 0.62244,2.03138 1.38321,2.03138 0.76076,0 2.89826,1.99572 4.75,4.43493 1.85173,2.43921 4.26679,4.68699 5.36679,4.99506 1.1,0.30807 5.55192,3.20381 9.89315,6.43498 4.34124,3.23118 12.66624,8.24314 18.5,11.1377 5.83377,2.89457 12.271,6.1031 14.30497,7.13009 2.03396,1.02698 4.40597,1.86724 5.27112,1.86724 1.82857,0 36.53076,-34.64 36.53076,-36.4653 0,-1.6281 3.28209,-4.5347 5.12053,-4.5347 0.80468,0 3.45044,-2.025 5.87947,-4.5 2.42903,-2.475 5.11022,-4.50215 5.95821,-4.50478 0.84798,-0.003 3.16927,-1.46513 5.15841,-3.25 3.72631,-3.34364 11.05825,-9.31051 19.85577,-16.159 2.76518,-2.15257 5.02761,-4.25555 5.02761,-4.67327 0,-1.99046 5.38907,-6.91295 7.5682,-6.91295 1.72317,0 5.3956,-3.07044 13.15666,-11 5.92144,-6.05 11.15329,-11 11.62634,-11 0.47305,0 2.19707,-1.125 3.83117,-2.5 1.63409,-1.375 4.11928,-2.5 5.52263,-2.5 2.4731,0 11.19995,4.40977 16.295,8.23404 9.00085,6.75589 16.21238,11.76596 16.93602,11.76596 0.46452,0 3.98574,1.5524 7.82493,3.44978 4.93048,2.43671 8.58819,5.2265 12.45548,9.5 4.85562,5.36563 5.90244,6.05022 9.25147,6.05022 3.30496,0 4.51236,0.75688 9.67282,6.06358 3.24307,3.33496 6.60058,7.13815 7.46113,8.45152 0.86055,1.31337 3.9886,3.75594 6.95122,5.42794 3.8092,2.14978 6.99098,5.17164 10.86543,10.31931 4.96016,6.59017 5.54275,7.90311 6.15394,13.8686 0.6689,6.52886 0.64246,6.62542 -2.88268,10.52733 -1.95677,2.16591 -5.72497,4.88096 -8.37377,6.03344 -13.22554,5.75435 -13.13019,5.73062 -18.11855,4.51007 -2.58359,-0.63215 -9.19744,-1.87334 -14.69744,-2.75819 -5.5,-0.88486 -11.125,-1.87047 -12.5,-2.19025 -1.375,-0.31979 -2.87709,-0.49441 -3.33799,-0.38806 -0.84777,0.19563 -11.64114,-2.89894 -19.3716,-5.55402 -2.31527,-0.7952 -5.82275,-2.54054 -7.79441,-3.87854 -5.03538,-3.41711 -6.496,-3.17614 -6.496,1.07168 0,3.0452 -1.09793,4.62732 -8.37891,12.07402 l -8.3789,8.56961 0.50179,6.25123 c 0.4768,5.93999 0.34115,6.43418 -2.72469,9.92598 -2.34545,2.67132 -4.03093,3.67475 -6.17254,3.67475 -4.08639,0 -8.26556,2.37146 -11.38384,6.45974 -2.94088,3.8557 -4.46837,4.54963 -10.9717,4.98439 -2.46243,0.16462 -5.04879,0.77373 -5.74747,1.35359 -0.69869,0.57985 -3.31788,1.56986 -5.82042,2.2 -3.82386,0.96286 -4.69958,1.64701 -5.4867,4.28646 -0.57044,1.91284 -2.21671,3.88111 -4.21088,5.0345 -1.80085,1.04157 -19.35085,7.49209 -39,14.33448 -41.6057,14.48829 -45.11882,15.18211 -52.87548,10.44258 -10.74833,-6.56752 -15.0973,-8.92713 -20.35026,-11.04141 -3.025,-1.21754 -7.42454,-3.07785 -9.77675,-4.13402 -2.35221,-1.05617 -4.81607,-1.92031 -5.47524,-1.92031 -0.65917,0 -4.35963,-1.17311 -8.22325,-2.60692 -3.86362,-1.4338 -10.62476,-3.94039 -15.02476,-5.5702 -12.48784,-4.62563 -25.64717,-13.23201 -33.2087,-21.71896 l -3.2087,-3.6014 -4.71993,4.49874 c -2.59595,2.47431 -8.22369,7.87374 -12.50608,11.99874 -10.89597,10.49552 -23.08648,21.64659 -31.60659,28.91162 -3.9875,3.4001 -7.25,6.59657 -7.25,7.10326 0,0.50668 -1.11342,1.50462 -2.47426,2.21764 -1.36085,0.71302 -7.09835,5.83601 -12.75,11.38443 -5.65166,5.54841 -11.02873,10.4919 -11.94906,10.98554 -0.92032,0.49363 -3.84532,2.84327 -6.5,5.22142 -2.65467,2.37814 -9.32668,7.66617 -14.82668,11.75116 -5.5,4.08499 -12.25,9.24492 -15,11.46652 -2.75,2.22159 -8.15,6.15133 -12,8.73276 -3.85,2.58143 -8.62349,6.27574 -10.60775,8.20958 -1.98426,1.93384 -5.13426,4.7547 -7,6.26859 -10.76023,8.73099 -16.14746,12.74748 -17.09789,12.74748 -0.59025,0 -4.13644,2.475 -7.88042,5.5 -3.74399,3.025 -7.16875,5.53016 -7.61059,5.56702 -1.94379,0.16216 -12.99012,8.91296 -14.80335,11.72708 -2.24345,3.48182 -2.8436,3.81975 -10.29879,5.79909 -6.57657,1.74606 -8.04817,1.69157 -11.24228,-0.41629 z m 14.37772,-38.517 4.83665,-4.26325 -3.33665,-4.10696 c -7.01333,-8.63245 -11.9306,-14.94454 -14.86888,-19.08649 -3.74345,-5.27698 -5.24114,-5.91993 -8.25946,-3.54571 -1.90759,1.5005 -2.20885,2.37853 -1.59879,4.65963 0.41344,1.54591 1.18823,3.34448 1.72174,3.99681 0.53352,0.65234 3.05836,5.84282 5.61076,11.53439 7.76191,17.30825 8.19216,17.60091 15.89463,10.81158 z m 28.25836,-23.77007 c 1.04775,-1.1606 3.61595,-3.467 5.70713,-5.12533 l 3.80215,-3.01516 2.43796,2.29035 c 1.99205,1.87144 2.85131,2.1016 4.69786,1.25838 2.59217,-1.1837 9.01837,-6.3839 16.25989,-13.15778 5.45798,-5.10551 11.95214,-10.14029 13.07957,-10.14029 0.39216,0 2.8441,-1.9125 5.44875,-4.25 2.60464,-2.3375 7.28138,-6.275 10.39274,-8.75 8.23506,-6.55075 17.02527,-14.23396 17.42921,-15.23424 0.49834,-1.23405 -1.92099,-6.76576 -2.95905,-6.76576 -0.74128,0 -3.58769,-3.81239 -7.39122,-9.89959 -0.55,-0.88023 -2.4625,-3.28921 -4.25,-5.35329 -1.7875,-2.06409 -3.25,-4.13072 -3.25,-4.59253 0,-0.46181 -1.54735,-1.67295 -3.43856,-2.69143 l -3.43855,-1.85179 -5.01861,4.69432 c -2.76023,2.58187 -5.46621,4.69431 -6.0133,4.69431 -0.54709,0 -2.47887,1.48175 -4.29284,3.29278 -1.81398,1.81103 -4.64814,4.13757 -6.29814,5.17008 -1.65,1.03252 -3.59224,2.70679 -4.31608,3.72061 -0.72385,1.01382 -2.97385,2.69607 -5,3.73834 -2.02616,1.04226 -5.03392,3.33349 -6.68392,5.09161 -1.65,1.75812 -5.475,4.89366 -8.5,6.96787 -4.84854,3.32459 -8.61019,7.05925 -18.65252,18.51871 -1.44595,1.65 -3.48407,4.90652 -4.52916,7.23671 -1.04509,2.3302 -2.78174,4.70853 -3.85924,5.28519 -3.28379,1.75743 -2.24067,4.59924 4.29092,11.68984 9.57393,10.39334 10.861,11.03737 14.34501,7.17809 z m 301.90499,-74.88983 c 2.15759,-1.1 4.44577,-2 5.08485,-2 1.10839,0 14.71983,-9.06724 28.89746,-19.25 3.63743,-2.6125 6.81625,-4.75 7.06404,-4.75 0.24779,0 6.14203,-3.825 13.0983,-8.5 6.95627,-4.675 13.01614,-8.5 13.46638,-8.5 1.35397,0 2.92501,-3.74251 2.2784,-5.42756 -0.33188,-0.86484 -1.36661,-1.57244 -2.29942,-1.57244 -0.9328,0 -3.47216,-1.28019 -5.64301,-2.84486 -2.17085,-1.56468 -5.972,-3.91291 -8.447,-5.21829 -2.475,-1.30538 -5.175,-2.8818 -6,-3.50314 -3.65631,-2.75372 -4.83712,-2.37092 -10.1902,3.30349 -2.92039,3.0957 -7.1678,7.45875 -9.43869,9.69567 -5.67522,5.59031 -9.29772,11.75255 -10.02408,17.05195 -0.65299,4.76406 -2.09688,6.23001 -8.34703,8.47451 -4.54958,1.63381 -10.07571,0.20554 -16.65768,-4.3053 -2.66328,-1.82523 -7.09232,-4.45499 -9.84232,-5.84391 -9.73698,-4.91778 -25.83262,-13.96118 -28.89513,-16.23485 -1.70768,-1.26781 -5.21499,-3.51761 -7.79403,-4.99955 -2.57903,-1.48195 -9.55403,-6.94135 -15.5,-12.132 -5.94596,-5.19066 -11.26726,-9.43894 -11.8251,-9.44064 -0.55785,-0.002 -4.86102,3.70942 -9.56261,8.24692 -8.80504,8.49773 -14.26519,13.10155 -18.73737,15.79872 -3.9825,2.40184 -4.53681,6.25853 -1.32709,9.23335 4.83403,4.48024 16.52765,10.59305 26.14133,13.66531 5.225,1.66976 10.2321,3.4589 11.12689,3.97587 0.89479,0.51696 3.36979,1.25821 5.5,1.64721 2.13021,0.389 5.67311,1.62186 7.87311,2.73967 2.2,1.11782 4.675,2.33507 5.5,2.705 3.75375,1.68321 10.52455,5.14894 23,11.77289 14.93776,7.93132 24.4487,9.80693 31.5,6.21198 z M 342.17754,844.0722 c 13.41682,-12.30225 39.71469,-38.03203 48.32651,-47.28256 8.64755,-9.28892 27.68894,-27.36605 32.12691,-30.5 4.92301,-3.47648 13.73672,-17.32218 13.73672,-21.57942 0,-0.65401 -6.32136,1.60124 -7.70357,2.74837 -1.66408,1.38106 -2.05924,1.62001 -11.93741,7.21827 -3.77246,2.13797 -8.43402,4.90852 -10.35902,6.15678 -5.13557,3.33013 -12.54158,6.456 -15.296,6.456 -2.4383,0 -14.44355,8.39537 -16.88328,11.80661 -2.12901,2.9768 -14.81532,11.6658 -21.32072,14.60281 -3.3,1.48986 -6.17469,2.6438 -6.3882,2.5643 -0.2135,-0.0795 -0.6635,0.2967 -1,0.836 -0.33649,0.5393 -4.6618,4.16712 -9.6118,8.06183 -15.05129,11.8425 -17.5,14.21505 -17.5,16.95575 0,4.88859 13.36244,27.1727 16.29384,27.1727 1.00423,0 4.38644,-2.34785 7.51602,-5.21744 z M 635.2616,777.53964 c 2.28175,-2.6125 6.03731,-6.87581 8.34568,-9.47403 6.00353,-6.75734 6.22399,-7.89861 2.24984,-11.64713 -1.83815,-1.73379 -3.88214,-4.83456 -4.54219,-6.89059 -1.75256,-5.4591 -3.70646,-7.33444 -6.8376,-6.56265 -3.03236,0.74744 -29.61235,21.58607 -30.50694,23.91734 -0.33149,0.86385 -0.60271,1.96221 -0.60271,2.44081 0,1.50529 9.19764,7.35359 15.98487,10.16393 9.37617,3.88232 10.98966,3.68479 15.90905,-1.94768 z m 91.39953,-16.87678 c 1.12738,-1.12738 -2.03703,-5.77536 -7.46641,-10.96689 -6.55699,-6.26974 -12.4949,-9.83171 -26.50341,-15.89857 -7.01609,-3.03855 -9.8996,-4.58916 -16.8561,-9.06437 -8.5986,-5.5316 -14.47282,-6.06661 -20.03425,-1.8247 -1.8883,1.44028 -3.42528,3.35278 -3.4155,4.25 0.0172,1.58147 12.4722,15.13131 13.90864,15.13131 0.39247,0 2.55362,1.575 4.80255,3.5 2.24893,1.925 4.35372,3.5 4.67733,3.5 0.3236,0 3.40206,1.30606 6.84103,2.90236 3.43897,1.5963 8.82112,3.62833 11.96034,4.51563 5.72508,1.61819 8.30752,2.04294 21.29233,3.50209 10.1373,1.13917 10.10862,1.13796 10.79345,0.45314 z m -340.58777,-21.4056 c 7.03688,-3.31781 13.46932,-6.46474 14.29432,-6.99318 0.825,-0.52843 4.56313,-2.65136 8.30696,-4.71761 7.8844,-4.35148 15.45354,-10.04405 21.32539,-16.03832 2.79863,-2.85698 4.98757,-4.21851 6.78212,-4.21851 1.45737,0 4.20515,-0.64988 6.10617,-1.44418 3.41082,-1.42513 3.44832,-1.50755 2.84384,-6.25 -1.34849,-10.57966 -10.47346,-31.3634 -16.88636,-38.46172 -1.82822,-2.02362 -4.12449,-4.9539 -5.10282,-6.51171 -0.97832,-1.55781 -3.06178,-4.50219 -4.6299,-6.54305 -1.56813,-2.04086 -2.77403,-4.29086 -2.67979,-5 0.42683,-3.21167 -0.17415,-5.78934 -1.34977,-5.78934 -0.70629,0 -3.72842,-2.475 -6.71584,-5.5 -6.93302,-7.02022 -11.07127,-7.67449 -5.75,-0.90909 2.23345,2.83958 2.19851,2.83208 -4.75,-1.02051 -3.85,-2.13462 -8.575,-5.09955 -10.5,-6.58875 -1.925,-1.48919 -4.97154,-3.46051 -6.77008,-4.3807 -1.79854,-0.92019 -5.32614,-3.64313 -7.8391,-6.05097 -2.51296,-2.40784 -5.7191,-4.66654 -7.12475,-5.01934 -2.3061,-0.57879 -11.75528,-9.33123 -34.31055,-31.78064 -6.74553,-6.71387 -8.25551,-7.75 -11.29431,-7.75 -2.18441,0 -4.57418,-0.87253 -6.33448,-2.31278 -3.08445,-2.52364 -10.76442,-5.68722 -13.80641,-5.68722 -1.05205,0 -3.66208,1.21224 -5.80007,2.69387 -2.13799,1.48162 -5.74935,2.94412 -8.02525,3.25 -2.95173,0.3967 -4.4583,1.19918 -5.25528,2.79924 -0.6145,1.23372 -1.80395,3.03372 -2.64321,4 -1.76075,2.02724 -2.67298,6.64446 -3.43023,17.36191 l -0.53733,7.60501 7.15038,1.85457 c 4.54105,1.1778 8.49517,2.97075 10.83553,4.91324 2.02683,1.68227 4.94271,3.69974 6.47973,4.48326 4.47587,2.28164 5.99971,6.98986 7.34139,22.68265 0.40121,4.6927 0.11006,6.93644 -1.23272,9.5 -1.45865,2.78478 -1.73282,5.74002 -1.61021,17.35625 0.0813,7.7 0.61322,17.15 1.1821,21 0.56888,3.85 1.49194,11.05 2.05123,16 2.1703,19.20812 3.01142,24.9378 3.77262,25.699 0.89964,0.89964 19.15536,-3.40635 23.701,-5.59036 1.65,-0.79277 5.25,-2.25726 8,-3.25443 5.72582,-2.07622 27.00616,-13.6067 30,-16.25512 1.1,-0.97308 4.475,-3.01881 7.5,-4.54606 3.025,-1.52725 6.175,-3.35194 7,-4.05486 3.26597,-2.78269 11.989,-5.75037 15.08329,-5.13151 3.55494,0.71099 8.33188,4.84184 10.45039,9.03698 1.79219,3.54893 1.92827,11.96939 0.21632,13.38534 -0.6875,0.56863 -6.44044,3.70682 -12.78431,6.97374 -6.34387,3.26693 -13.42243,7.13179 -15.73013,8.58858 -2.3077,1.45678 -4.63477,2.6487 -5.17128,2.6487 -0.89726,0 -5.69098,2.8793 -10.56144,6.34361 -1.98564,1.41237 -1.98603,1.45445 -0.0672,7.28848 2.02356,6.15245 3.25269,8.36791 4.64247,8.36791 0.45828,0 6.59068,-2.71457 13.62756,-6.03238 z M 88.468461,712.12952 c 6.35644,-2.16937 12.608129,-7.90352 15.878899,-14.56438 1.68108,-3.42347 4.00286,-6.73097 5.15952,-7.35 1.15666,-0.61902 4.74852,-1.0405 7.98191,-0.93661 11.52572,0.37032 20.88599,-0.25721 22.96047,-1.53931 0.58958,-0.36438 3.88658,-1.01157 7.32667,-1.4382 6.2807,-0.77892 19.76727,-5.54967 31.25618,-11.05661 3.39044,-1.62512 6.87794,-2.95477 7.75,-2.95477 0.87206,0 1.58557,-0.44143 1.58557,-0.98095 0,-0.53952 1.2375,-1.27567 2.75,-1.63589 1.5125,-0.36022 3.875,-1.22884 5.25,-1.93028 1.375,-0.70143 4.075,-1.83939 6,-2.5288 1.925,-0.68941 4.175,-1.78455 5,-2.43365 0.825,-0.6491 3.525,-1.95897 6,-2.91083 7.35889,-2.83015 20.16923,-10.55389 25.14175,-15.15871 3.91815,-3.62843 5.27089,-4.28984 8.67761,-4.24282 4.6326,0.0639 9.9844,-3.26398 14.43492,-8.97608 2.41805,-3.10348 2.57935,-3.72835 1.32129,-5.11852 -0.78815,-0.87091 -2.70258,-1.53124 -4.25428,-1.46741 -5.73849,0.23607 -12.86539,1.66514 -14.32129,2.87168 -0.825,0.68369 -3.97049,2.46431 -6.98997,3.95693 -3.01948,1.49262 -5.71948,3.06724 -6,3.49916 -1.21161,1.86553 -25.89951,11.53343 -34.51003,13.51428 -1.65,0.37958 -3.9,1.51146 -5,2.51529 -1.1,1.00383 -4.1725,2.55202 -6.82778,3.44041 -2.65528,0.8884 -6.03028,2.22359 -7.5,2.96709 -1.46972,0.74349 -4.44737,1.67378 -6.61699,2.0673 -2.16963,0.39353 -6.09217,1.80367 -8.71676,3.13365 -2.62459,1.32998 -5.61194,2.41815 -6.63856,2.41815 -1.02662,0 -2.17498,0.3084 -2.55191,0.68534 -1.71834,1.71833 -8.83341,3.46422 -16.148,3.96239 l -8,0.54484 -8.47615,-5.34696 c -10.743,-6.77693 -11.17687,-7.82778 -8.12282,-19.67384 1.25439,-4.86553 2.12732,-9.89488 1.93984,-11.17632 -0.40698,-2.78182 -1.41604,-2.97934 -18.590866,-3.63915 -14.793727,-0.56833 -16.027603,0.69005 -5.5,5.60922 8.211277,3.83684 12.023326,7.30929 12.847606,11.70307 0.82776,4.41236 -0.0561,7.53445 -3.186208,11.25434 -2.092018,2.48622 -3.352808,3.07707 -6.566033,3.07707 -2.187266,0 -4.82584,-0.45437 -5.863497,-1.0097 -2.156265,-1.154 -20.194777,0.51809 -23.254466,2.15559 -1.244018,0.66578 -1.746054,1.86471 -1.537334,3.67137 0.282454,2.44489 0.841883,2.7714 6.309932,3.68274 8.782856,1.46381 17.431385,7.73204 19.557732,14.17493 0.941776,2.85361 0.769106,3.91039 -1.231163,7.53508 -2.297455,4.16321 -3.112785,4.62871 -10.87285,6.20772 -1.400455,0.28496 -4.278193,2.01523 -6.394974,3.84505 -3.423809,2.95964 -3.719516,3.5683 -2.678578,5.51331 0.643564,1.20251 2.396302,2.85181 3.894974,3.66511 3.286556,1.78355 12.637408,1.99872 17.325636,0.39868 z M 571.80275,655.69037 c 3.39464,-1.60729 7.88931,-5.09046 11.77733,-9.12692 3.45818,-3.59021 7.23884,-7.48304 8.40147,-8.65073 2.79238,-2.80454 8.38613,-13.3832 8.38613,-15.85948 0,-1.07517 -0.89207,-3.20766 -1.98238,-4.73886 -1.09031,-1.5312 -2.23359,-4.97567 -2.54062,-7.65437 -0.30702,-2.6787 -0.79528,-5.65787 -1.085,-6.62037 -0.75496,-2.50804 -4.64208,-2.17434 -7.70165,0.66117 -2.33416,2.16322 -2.49523,2.7545 -1.56639,5.75 4.53867,14.63713 4.71259,16.78833 1.68798,20.87932 -1.77022,2.39436 -2.92855,2.95951 -6.06574,2.95951 -2.13273,0 -4.69213,-0.43588 -5.68756,-0.96861 -2.8432,-1.52164 -8.0961,-10.44776 -9.64986,-16.39778 -1.61321,-6.17765 -3.9657,-11.17644 -4.68639,-9.95808 -0.79963,1.35181 1.02333,12.31315 2.30451,13.85689 0.91304,1.10014 0.91408,3.44237 0.005,10.19787 -1.67094,12.41055 -2.58239,14.84107 -6.11403,16.30392 -2.66088,1.10218 -3.25108,1.00094 -5.28074,-0.90582 -2.62404,-2.46472 -3.63713,-1.93447 -3.63713,1.90342 0,1.48416 -0.96747,3.92841 -2.14992,5.43166 -1.77273,2.25366 -1.90432,2.88737 -0.75,3.61203 0.76995,0.48336 2.07492,0.70167 2.89992,0.48513 0.825,-0.21655 3.525,-0.0376 6,0.39766 8.16106,1.43522 11.80101,1.11004 17.43507,-1.55756 z m -52.4653,-19.47959 c 5.16722,-1.19069 18.03023,-9.29549 18.03023,-11.3606 0,-0.76833 0.29271,-2.15976 0.65047,-3.09207 0.57417,-1.49626 0.13425,-1.61076 -3.75,-0.97606 -2.42026,0.39548 -5.80359,1.57148 -7.5185,2.61332 -1.71492,1.04185 -3.71766,1.89427 -4.45052,1.89427 -0.73287,0 -4.00349,0.7875 -7.26803,1.75 -6.42916,1.89553 -9.27468,4.74873 -8.17896,8.20104 0.74959,2.36174 5.00955,2.69274 12.48531,0.9701 z m -5.96977,-33.61476 c 3.575,-1.39866 7.80897,-3.21329 9.40882,-4.03251 1.59985,-0.81922 5.42485,-1.91289 8.5,-2.43037 3.07515,-0.51749 7.05007,-1.19279 8.83316,-1.50067 4.30484,-0.74329 3.27062,-2.06843 -2.26181,-2.89807 -5.49902,-0.82463 -14.85498,-6.28156 -19.27853,-11.24433 -3.9758,-4.46046 -9.20164,-15.32977 -9.20164,-19.13866 0,-1.51349 -0.9,-3.56628 -2,-4.56177 -1.1,-0.99549 -2.00385,-2.52773 -2.00856,-3.40499 -0.0227,-4.22617 -15.49511,-34.31037 -25.54609,-49.67116 -4.97624,-7.60512 -5.35469,-7.8027 -12.14721,-6.34177 -3.18898,0.68588 -7.01329,1.848 -8.49848,2.58249 -1.48519,0.73448 -3.486,1.33543 -4.44625,1.33543 -1.73657,0 -7.9898,-3.77529 -11.90433,-7.18707 -1.68483,-1.46844 -2.66658,-1.61043 -5.5,-0.79546 -1.89699,0.54563 -8.84908,1.4313 -15.44908,1.96816 -6.6,0.53687 -13.8,1.46752 -16,2.06812 -2.2,0.6006 -6.25,1.52494 -9,2.05408 -2.75,0.52914 -7.17183,1.39635 -9.82629,1.92712 -2.65446,0.53078 -6.3404,0.96505 -8.19098,0.96505 -4.00213,0 -4.77505,0.8944 -3.17175,3.67023 0.65396,1.13222 2.16737,3.83472 3.36313,6.00558 2.65248,4.81546 8.89418,9.32838 12.87964,9.31232 1.62044,-0.007 5.42125,-0.72361 8.44625,-1.59351 3.025,-0.86991 7.75,-2.22329 10.5,-3.00751 2.75,-0.78423 11.29319,-2.15068 18.98487,-3.03657 8.47913,-0.97657 14.38452,-2.11883 15,-2.90139 0.55832,-0.70989 3.373,-1.43885 6.25485,-1.61992 5.50336,-0.3458 6.26028,0.20031 6.26028,4.51667 0,3.05916 3.18028,11.40241 6.15763,16.1541 2.92842,4.67362 9.69335,18.61593 12.85802,26.5 6.5771,16.38538 8.78055,20.60491 13.46065,25.77661 5.35062,5.91266 7.14975,9.8549 8.08849,17.72339 0.9086,7.61592 0.81815,7.50377 5.12886,6.35965 2.09349,-0.55563 6.73135,-2.15461 10.30635,-3.55327 z m 38.68761,-17.05638 c 4.25963,-4.44612 4.88585,-4.75497 9.7885,-4.82775 3.92128,-0.0582 5.82377,-0.62372 7.56937,-2.25 1.28241,-1.19474 3.37179,-2.17225 4.64308,-2.17225 2.74224,0 2.82245,-0.68239 0.70286,-5.97976 -1.7606,-4.40017 -2.11328,-4.51772 -12.39142,-4.13 -5.1722,0.1951 -5.7533,0.48603 -9.75,4.88123 -3.5441,3.89748 -4.25,5.35247 -4.25,8.76002 0,2.24744 -0.66069,4.95976 -1.4682,6.02738 -1.73827,2.29821 -1.96186,4.44113 -0.46337,4.44113 0.58763,0 3.11626,-2.1375 5.61918,-4.75 z M 345.95338,545.40173 c 3.29085,-2.13836 6.64229,-4.68188 7.44765,-5.65227 0.80535,-0.97039 3.82731,-3.51003 6.71546,-5.64363 3.18638,-2.35392 5.25119,-4.63946 5.25119,-5.81255 0,-2.21865 -2.80883,-4.02042 -6.18426,-3.96698 -3.66248,0.058 -27.2527,12.27823 -27.64616,14.32132 -0.37902,1.96806 2.51892,8.7373 4.22825,9.87671 2.10066,1.40026 4.23327,0.74661 10.18787,-3.1226 z m -66.56054,-11.71511 c 2.69552,-0.88166 5.42267,-2.23166 6.06034,-3 0.63766,-0.76834 1.79341,-1.39698 2.56833,-1.39698 2.62554,0 2.58229,-3.00165 -0.0938,-6.51021 -1.464,-1.91938 -3.28619,-3.48979 -4.04933,-3.48979 -1.28124,0 -9.97819,4.35709 -15.2607,7.64547 -3.13624,1.95232 -2.80766,4.04392 1,6.36549 3.91901,2.38947 3.67895,2.37999 9.77516,0.38602 z m -122.94337,-4.39698 c 6.07582,0 6.27248,-1.24326 0.94477,-5.97273 -7.424,-6.59037 -5.71485,-12.70487 4.2162,-15.0835 5.60806,-1.34322 9.42991,-2.90102 14.25724,-5.8113 1.65,-0.99475 5.77987,-3.3001 9.17749,-5.12301 6.86593,-3.68374 15.33737,-10.783 15.32835,-12.8455 -0.003,-0.73483 -2.36834,-3.70976 -5.25584,-6.61097 -2.8875,-2.9012 -6.10886,-6.23048 -7.15857,-7.39839 -1.04971,-1.16791 -3.52471,-2.39477 -5.5,-2.72635 -6.1039,-1.02465 -7.19054,-1.523 -11.18014,-5.12736 -5.80931,-5.24836 -7.69449,-8.97386 -7.53258,-14.88589 0.12395,-4.52613 0.63284,-5.63504 4.63027,-10.08962 3.8954,-4.34087 7.9397,-13.01491 7.2304,-15.50745 -0.10675,-0.37514 0.47072,-2.27318 1.28326,-4.21788 0.81255,-1.9447 1.47736,-4.72027 1.47736,-6.16793 0,-1.67858 1.27757,-3.90969 3.52654,-6.15866 3.01047,-3.01047 4.01537,-3.44721 6.86702,-2.98445 3.04827,0.49467 3.60805,0.1625 6.39913,-3.79724 3.55456,-5.0429 13.97708,-12.18276 19.13881,-13.1109 1.96268,-0.35291 4.1397,-1.09529 4.83783,-1.64975 2.28647,-1.8159 22.0897,-1.40221 28.61476,0.59776 l 5.8841,1.80352 3.1159,-2.89359 c 4.78752,-4.44593 13.00414,-9.23881 15.83845,-9.23881 1.61379,0 3.1478,0.91627 4.1855,2.5 1.66579,2.54231 4.00248,3.26282 5.05558,1.55887 0.31991,-0.51763 -1.45353,-3.23265 -3.94098,-6.03338 -2.48745,-2.80074 -4.52264,-5.49261 -4.52264,-5.98195 0,-0.48933 -1.35,-2.23969 -3,-3.88969 -1.65,-1.65 -3,-3.60137 -3,-4.33638 0,-0.73501 -0.9,-1.89844 -2,-2.5854 -1.1,-0.68696 -2,-2.2146 -2,-3.39476 0,-4.29456 -18.07972,-18.1346 -26.42652,-20.22951 -1.33319,-0.33461 -5.49512,0.10122 -9.24873,0.96852 -3.75361,0.86729 -11.09975,2.21575 -16.32475,2.99657 -13.15404,1.96574 -36.60115,10.73057 -37.72499,14.10208 -0.35236,1.05708 11.72644,9.32503 13.6231,9.32503 0.6035,0 3.31761,-1.59516 6.03138,-3.54481 7.38984,-5.30907 17.43069,-7.81487 27.98948,-6.98507 5.04864,0.39676 9.87985,1.40692 12.06821,2.52334 4.96735,2.53415 10.65595,9.05454 11.93228,13.67703 2.04235,7.39679 -3.60862,9.60755 -19.91946,7.79286 -4.85758,-0.54044 -5.90881,-0.31311 -9,1.94628 -7.60993,5.56219 -9.633,6.58169 -13,6.5512 -1.925,-0.0174 -4.625,-0.67481 -6,-1.46083 -1.51314,-0.86499 -5.35887,-1.44312 -9.74235,-1.46456 -6.6498,-0.0325 -7.94741,-0.41039 -15.86005,-4.61826 -4.73974,-2.52055 -11.02157,-6.12055 -13.95962,-8 -5.49956,-3.51803 -7.86265,-4.1571 -8.93798,-2.41718 -0.33992,0.55 -1.26258,1 -2.05036,1 -0.78779,0 -3.42513,1.4625 -5.86077,3.25 -2.43564,1.7875 -6.48954,4.47019 -9.00865,5.96152 -2.51912,1.49134 -4.58022,3.42266 -4.58022,4.29183 0,1.52321 9.34791,6.38167 15,7.79606 1.375,0.34408 6.86157,4.80497 12.19237,9.9131 11.32015,10.84728 12.72322,13.91868 10.78332,23.60534 -1.7626,8.80127 -10.70254,25.75856 -16.40369,31.11451 -3.09932,2.91166 -3.10496,3.00745 -0.5124,8.69846 3.00071,6.58697 2.37715,8.4126 -3.92202,11.48286 -6.55157,3.19327 -9.64154,7.43061 -8.19433,11.23706 0.54231,1.42637 2.02007,2.85293 3.28392,3.17014 2.81653,0.7069 10.96498,-2.74284 15.75067,-6.66823 1.91282,-1.56896 4.0475,-2.85265 4.74373,-2.85265 2.28245,0 7.27843,8.04949 7.27843,11.72696 0,3.74236 -4.4649,9.27304 -7.48609,9.27304 -1.42607,0 -6.0659,1.94369 -18.01391,7.54628 -1.65,0.77371 -4.8,1.83675 -7,2.36231 -2.2,0.52557 -4.9,1.2042 -6,1.50809 -3.9688,1.09641 -10.71692,-3.49103 -15.32291,-10.41668 -16.314845,-37.0762 -29.917999,1.94581 4.63155,23.85474 2.03025,1.57008 5.26636,3.4455 7.19136,4.1676 1.925,0.7221 4.0392,1.72325 4.69823,2.22479 1.27407,0.96959 17.88691,2.70985 20.13356,2.10906 0.73248,-0.19588 3.54498,-0.35614 6.25,-0.35614 z m 37.92481,-4.07485 c 1.92137,-0.59117 6.66507,-1.88063 10.54155,-2.86547 7.95915,-2.02206 10.57004,-3.30807 15.16395,-7.46911 2.79818,-2.53451 4.28013,-3.00161 11.5,-3.62471 6.87939,-0.59371 9.47753,-1.35484 15.2879,-4.47865 3.85,-2.06985 8.19447,-4.60124 9.65437,-5.62529 1.4599,-1.02406 3.22447,-1.86192 3.92126,-1.86192 0.69679,0 2.13707,-0.7875 3.20062,-1.75 1.2242,-1.10789 3.54634,-1.75 6.32874,-1.75 2.41725,0 4.39501,-0.37212 4.39501,-0.82692 0,-0.45481 -1.35,-2.17693 -3,-3.82693 -3.99922,-3.99922 -3.794,-4.99675 0.87441,-4.25024 2.3378,0.37383 4.13655,0.19537 4.5354,-0.44997 0.44631,-0.72216 1.48259,-0.75715 3.19069,-0.10773 3.95903,1.50522 7.39651,1.16746 8.02182,-0.78821 2.82773,-8.84381 6.69364,-15.31718 14.62768,-24.49374 4.8125,-5.56616 8.75,-10.71339 8.75,-11.43828 0,-3.09454 -3.35151,-0.78754 -10.07052,6.93202 -9.30369,10.68913 -9.39193,10.75 -15.58581,10.75 -4.47325,0 -5.81081,-0.47126 -8.80887,-3.10359 -2.03482,-1.7866 -3.5348,-4.03718 -3.5348,-5.30366 0,-3.52147 4.57707,-11.62466 10.07844,-17.84275 4.32258,-4.88572 5.60087,-5.75 8.5044,-5.75 3.24862,0 4.48872,-1.21971 2.49369,-2.4527 -1.77793,-1.09882 -18.07653,0.68264 -18.07653,1.9758 0,1.96386 -4.91616,12.53438 -7.3101,15.71787 -5.76661,7.6685 -11.68228,13.23065 -18.60871,17.49665 -4.16965,2.5681 -8.93119,5.65067 -10.58119,6.85016 -3.40488,2.47522 -18.87451,9.41222 -20.98942,9.41222 -2.32064,0 -2.55449,1.53809 -1.00856,6.63373 2.03631,6.71205 1.85699,8.39298 -1.27892,11.98832 -3.59255,4.11887 -14.6948,13.30122 -19.7231,16.31239 -5.41522,3.24289 -7.5578,5.16302 -6.9174,6.19921 0.65443,1.05889 0.2416,1.07834 4.424,-0.2085 z m 121.29826,-12.77778 c 2.30733,-1.01895 5.02006,-2.14419 6.0283,-2.50053 1.00823,-0.35634 1.64584,-1.21016 1.4169,-1.89737 -0.60166,-1.80601 -8.58984,-1.79001 -12.92012,0.0259 -3.55033,1.48881 -3.61998,1.61546 -2.13499,3.88184 1.85018,2.82374 2.26523,2.85048 7.60991,0.49019 z m 41.19514,-35.61114 c 10.54969,-0.78385 24.78179,-2.56335 32,-4.0011 7.15,-1.42416 17.6917,-3.06855 23.426,-3.65421 5.73431,-0.58565 13.60931,-2.14531 17.5,-3.4659 3.8907,-1.32059 8.5365,-2.40421 10.324,-2.40805 1.7875,-0.004 3.25,-0.45697 3.25,-1.00697 0,-0.55 0.9,-1 2,-1 1.1,0 2,-0.45 2,-1 0,-0.55 0.3375,-0.92991 0.75,-0.84424 2.86499,0.59502 24.52202,-13.64748 25.07332,-16.48919 0.26796,-1.38117 -0.55672,-1.66657 -4.81574,-1.66657 -2.82648,0 -6.00095,0.46127 -7.05437,1.02504 -1.05341,0.56377 -5.1851,1.43561 -9.18152,1.93742 -8.7098,1.09364 -13.1126,-0.43795 -18.94212,-6.58936 -4.30923,-4.54718 -8.82957,-12.71046 -8.82957,-15.94531 0,-2.66216 4.73334,-8.69125 6.37418,-8.11912 1.46515,0.51087 11.41214,-2.34668 22.12582,-6.35625 7.90101,-2.95694 23.48518,-10.62904 25.74533,-12.67444 2.70232,-2.44557 2.21696,-4.29959 -0.99533,-3.802 -15.25503,2.36303 -27.35433,3.64243 -37.21626,3.9353 l -8.46627,0.25143 -4.70064,-4.70064 c -4.65099,-4.651 -6.84948,-9.49905 -6.86125,-15.13028 -0.009,-4.44069 0.99139,-5.83179 4.19503,-5.83179 2.14563,0 3.1339,-0.56318 3.50964,-2 0.40222,-1.53808 1.36402,-2 4.16434,-2 2.00273,0 5.75463,-1.125 8.33756,-2.5 2.58293,-1.375 5.59029,-2.5 6.68303,-2.5 1.09273,0 2.23151,-0.39597 2.53061,-0.87993 0.61788,-0.99975 9.67051,-4.12007 11.95309,-4.12007 2.09888,0 3.00642,-1.83081 1.69239,-3.41412 -1.09965,-1.325 -4.26719,-2.05486 -15.57127,-3.58791 -3.3,-0.44754 -9.375,-1.55347 -13.5,-2.45762 -5.04215,-1.10518 -9.65037,-1.44933 -14.06174,-1.05013 -5.67363,0.51342 -6.91925,0.31258 -9.20306,-1.48387 -1.45272,-1.14272 -3.89994,-2.51968 -5.43826,-3.05993 -1.96308,-0.68942 -3.98947,-3.06123 -6.79694,-7.95558 -2.2,-3.83533 -4.47117,-6.97726 -5.04705,-6.98208 -2.19069,-0.0183 -11.92295,-11.67271 -16.8355,-20.1605 -3.69382,-6.3821 -9.95667,-13.30796 -16.03106,-17.72816 -5.15484,-3.75106 -20.33858,-11.1201 -22.91273,-11.1201 -0.77217,0 -2.47713,-0.81926 -3.7888,-1.82059 -4.02506,-3.07271 -22.27719,-7.19572 -31.81636,-7.18706 -7.91668,0.007 -8.9852,0.27633 -17.5,4.40807 -4.98767,2.42023 -11.0935,5.32258 -13.5685,6.44966 -2.475,1.12708 -6.71671,3.64689 -9.42602,5.59958 -2.70931,1.95269 -5.518,3.55034 -6.24153,3.55034 -0.72353,0 -1.88182,0.92556 -2.57398,2.0568 -0.69216,1.13123 -2.60847,2.90228 -4.25847,3.93566 -5.03563,3.15376 -12.90963,11.0054 -11.92051,11.88665 0.50628,0.45107 2.94551,1.59335 5.42051,2.53841 2.475,0.94506 6.075,2.74778 8,4.00605 1.925,1.25826 5.62452,3.48906 8.22115,4.95734 5.96683,3.37396 17.84296,17.33315 21.45035,25.21273 1.80029,3.93236 6.99457,10.77223 15.75705,20.74905 12.58075,14.32424 13.40751,15.05182 22.02348,19.38163 8.93725,4.49125 8.9648,4.49757 16.68188,3.8244 11.22188,-0.9789 19.03179,1.84994 26.5621,9.62107 12.12946,12.51739 14.86317,34.08593 5.89986,46.54894 -4.21411,5.85951 -11.39698,13.10634 -14.09587,14.22142 -3.4673,1.43256 -21.5,18.21708 -21.5,20.01183 0,2.45472 0.87752,3.01584 3.86806,2.47338 1.44756,-0.26258 11.18194,-1.11269 21.63194,-1.88913 z M 230.19975,450.53964 c 1.00763,-0.9625 3.37013,-3.13908 5.25,-4.83685 6.82291,-6.16199 10.7498,-11.0499 14.37645,-17.89476 3.22874,-6.09385 3.61523,-7.54092 3.0395,-11.38016 -0.86178,-5.74675 -5.00126,-9.66123 -11.10062,-10.49724 -6.06128,-0.83079 -18.19263,1.82303 -21.21792,4.64158 -2.60856,2.43029 -2.62245,1.00978 0.19781,20.21743 0.72681,4.95 1.16312,11.33951 0.96958,14.1989 -0.28043,4.14304 0.004,5.4062 1.40062,6.21959 2.61079,1.52056 5.03205,1.2921 7.08458,-0.66849 z M 125.84971,435.65258 c 4.75722,-5.83999 12.51797,-20.81121 12.51797,-24.14836 0,-1.04753 -0.89544,-2.71497 -1.98987,-3.70541 -2.33824,-2.11608 -11.40362,-3.29955 -12.43921,-1.62391 -0.37893,0.61311 -1.36742,1.11474 -2.19666,1.11474 -1.70746,0 -8.35792,4.71063 -9.87426,6.99409 -2.29488,3.45589 -2.49814,6.48045 -0.60849,9.05477 2.90543,3.95816 7.10849,12.68017 7.10849,14.75123 0,1.96785 0.81308,3.19991 2.11173,3.19991 0.42811,0 2.84475,-2.53668 5.3703,-5.63706 z m 203.71325,-2.05003 c 23.30472,22.62724 31.11637,-3.39827 27.6552,-3.39827 -9.42084,1.35133 -34.41606,9.70822 -27.6552,3.39827 z m 12.30808,-10.95839 c 0.95337,-1.45501 1.79262,-4.04251 1.86501,-5.75 0.1305,-3.07792 0.0932,-3.10158 -4.34829,-2.7613 -3.56281,0.27295 -8.94485,2.08838 -10.79362,3.64083 -0.72844,0.61168 1.14643,3.51595 2.26974,3.51595 0.70523,0 2.34458,0.88503 3.64302,1.96673 3.22839,2.68953 5.31439,2.51611 7.36414,-0.61221 z m -6.11002,5.35569 c 0.99256,-1.606 -30.3816,-19.61558 -33.9454,-22.45914 -1.89633,-1.51309 -3.44789,-3.46883 -3.44791,-4.34608 -3e-5,-1.75114 -2.5137,-4.2512 -5.25003,-5.22161 -1.0181,-0.36105 -1.75,-1.63974 -1.75,-3.05738 0,-1.34023 -1.52302,-4.25971 -3.3845,-6.48775 -3.21009,-3.84224 -3.46774,-3.959 -5,-2.26588 -0.88852,0.98181 -1.6155,2.24188 -1.6155,2.80016 0,0.55827 -2.7,3.18063 -6,5.82747 -3.3,2.64684 -6.00202,5.30463 -6.00448,5.90621 -0.002,0.60159 1.64894,4.35629 3.66979,8.34379 l 3.67427,7.25 h 9.22866 c 8.32006,0 9.79017,0.29537 14.93176,3 5.96073,3.13552 33.95197,12.23337 34.89334,10.71021 z M 78.867684,334.75705 c 0.55,-0.66071 2.575,-2.04867 4.5,-3.08435 1.925,-1.03568 5.477211,-3.34556 7.893802,-5.13306 2.416592,-1.7875 4.923092,-3.25 5.570002,-3.25 0.646909,0 3.023773,-1.58145 5.281922,-3.51434 2.25814,-1.93289 6.59872,-4.82574 9.64572,-6.42856 3.04699,-1.60281 6.28059,-3.50886 7.18576,-4.23565 4.06846,-3.26671 7.42279,-6.75514 7.42279,-7.71953 0,-1.32718 -5.92586,-0.29479 -8,1.39374 -0.825,0.67162 -3.04463,1.74007 -4.9325,2.37434 -3.51619,1.18132 -18.096653,9.80537 -25.970609,15.3611 -7.294014,5.14653 -16.507183,14.29601 -15.704053,15.5955 0.851132,1.37716 5.582565,0.47231 7.107166,-1.35919 z m 84.618876,-10.7281 c 17.3164,-8.75629 21.01724,-10.15336 37.88112,-14.30015 3.575,-0.87909 8.075,-2.00179 10,-2.49489 1.925,-0.49311 4.93594,-0.90729 6.69098,-0.92041 1.75504,-0.0131 3.47952,-0.49071 3.83217,-1.06131 0.80375,-1.30051 -4.47146,-7.29426 -10.99866,-12.49679 l -4.97551,-3.96576 -10.39823,0.28828 c -6.46988,0.17937 -11.76819,0.86584 -14.02449,1.81706 -1.99444,0.84083 -6.10126,1.65676 -9.12626,1.8132 -3.025,0.15643 -6.175,0.52283 -7,0.81422 -1.35684,0.47924 -13.82298,2.23343 -24.75,3.48272 -2.72328,0.31136 -4.25,0.98407 -4.25,1.87267 0,1.49571 6.43944,5.9604 9.44828,6.55083 3.08509,0.60539 5.62119,5.13399 6.24162,11.14535 0.52296,5.06702 0.30576,6.03258 -2.05253,9.12445 -1.45055,1.90178 -2.63737,3.7128 -2.63737,4.0245 0,1.68781 5.04515,-0.0944 16.11888,-5.69397 z m 38.45478,-53.51312 c -1.72775,-1.65022 -1.75457,-1.6234 -0.60945,0.60946 0.6588,1.2846 1.47209,2.06139 1.80729,1.72619 0.3352,-0.3352 -0.20383,-1.38625 -1.19784,-2.33565 z"
       id="path44" />
    <path
       style="fill:#ff0000;fill-opacity:1;stroke:none;stroke-width:0.930918;stroke-dashoffset:0.5"
       d="m 201.9668,517.06417 c 4.60792,-3.48417 10.5083,-8.52614 13.11196,-11.20439 4.57927,-4.71044 4.7201,-5.11258 4.31035,-12.3089 l -0.42359,-7.43936 6.15763,-1.78243 c 7.15209,-2.07028 27.04416,-14.91745 35.13249,-22.69009 8.25315,-7.93103 14.23329,-15.84828 15.91456,-21.06964 1.75108,-5.43815 4.32577,-7.10764 10.75623,-6.9746 2.58455,0.0535 3.8679,0.40289 2.8519,0.77647 -3.10527,1.14178 -6.27076,4.33908 -11.87654,11.99587 -6.8556,9.36387 -7.11326,13.66527 -1.13311,18.91592 3.67362,3.22548 4.93241,3.63498 9.54434,3.10486 4.52813,-0.52049 6.37056,-1.70472 12.47745,-8.01997 9.24257,-9.55792 10.51313,-8.54169 1.49672,1.19711 -3.98336,4.3025 -8.40744,10.81976 -10.54517,15.53442 -2.02554,4.46723 -4.44088,8.12223 -5.36743,8.12223 -0.92655,0 -3.55342,-0.73134 -5.83749,-1.62521 -3.56917,-1.39678 -4.68451,-1.34733 -7.93542,0.35184 -3.95272,2.06599 -4.13997,3.89568 -0.79198,7.73889 1.70555,1.95784 1.65703,2.15517 -0.52993,2.15517 -1.32407,0 -9.14039,3.63935 -17.36961,8.08745 -11.85656,6.40875 -16.44506,8.2379 -22.10614,8.81232 -4.54876,0.46155 -8.48604,1.7179 -10.8385,3.45847 -4.4879,3.32057 -10.64921,6.13698 -17.24138,7.88124 -8.43136,2.23092 -8.39673,1.5148 0.24266,-5.01767 z"
       id="path894" />
    <path
       style="fill:#ff0000;fill-opacity:1;stroke:none;stroke-width:0.930918;stroke-dashoffset:0.5"
       d="m 127.51075,524.00105 c -10.25898,-4.77647 -19.99843,-11.40473 -19.99843,-13.61008 0,-0.82872 -0.78827,-1.80925 -1.7517,-2.17895 -1.08328,-0.41569 -1.49436,-1.65626 -1.0773,-3.25107 0.37091,-1.41839 -0.13841,-3.53049 -1.13183,-4.69356 -0.99343,-1.16308 -2.69251,-5.33127 -3.775744,-9.26265 -1.791398,-6.50151 -1.793921,-7.21536 -0.0279,-7.89304 1.067894,-0.40979 2.836124,-0.18649 3.929394,0.49623 1.88848,1.17927 2.62063,2.38974 6.47363,10.7029 0.90426,1.95099 4.03143,5.96885 6.94928,8.92857 6.04368,6.13039 8.92869,6.62171 20.77074,3.53725 9.93056,-2.58658 26.04037,-10.37903 28.85519,-13.95748 3.62076,-4.60305 3.00657,-9.39884 -1.88222,-14.69687 -3.6999,-4.00962 -4.52987,-4.39847 -6.46551,-3.0292 -4.62067,3.26869 -15.23739,7.82979 -17.30695,7.43535 -1.18533,-0.22591 -2.32585,-1.60327 -2.53448,-3.06078 -0.28,-1.95607 1.02855,-3.61868 4.99694,-6.34901 8.40516,-5.7829 8.8077,-6.56099 7.01434,-13.55833 l -1.54417,-6.02501 7.47695,-11.17817 c 8.2593,-12.34777 10.85889,-20.69738 9.8177,-31.53331 -0.57007,-5.93283 -1.05193,-6.6339 -10.9106,-15.87418 -6.27352,-5.88001 -13.08332,-10.95765 -17.38265,-12.96115 -3.88765,-1.81166 -7.07422,-3.68295 -7.08128,-4.15841 -0.0169,-1.13834 9.08439,-7.33914 15.70276,-10.69847 l 5.2476,-2.66356 5.83615,3.32763 c 17.51983,9.98938 19.32093,10.7331 28.5475,11.78798 21.77483,2.48954 22.31697,2.50124 24.49655,0.52875 5.03358,-4.55533 12.37896,-6.64103 21.17245,-6.01186 10.32732,0.73892 14.74772,-1.35943 14.74772,-7.00071 0,-3.66528 -4.94973,-10.62582 -11.28956,-15.87593 -7.0326,-5.82379 -31.27999,-4.70758 -40.1267,1.84721 -2.20135,1.63104 -4.01095,2.52169 -4.02132,1.97922 -0.0104,-0.54248 -0.50508,-0.21858 -1.09934,0.71977 -0.69542,1.09806 -2.16935,1.43281 -4.13576,0.93927 -4.2367,-1.06334 -8.8623,-5.03797 -7.82201,-6.72119 2.29644,-3.71572 26.31727,-12.27175 38.87237,-13.84602 5.48898,-0.68826 11.43946,-1.80629 13.22329,-2.4845 2.70103,-1.02693 4.80644,-0.49215 12.59211,3.19845 10.66688,5.05636 14.85857,8.63133 19.40972,16.554 1.763,3.069 5.90092,8.72283 9.1954,12.56405 3.29448,3.84123 5.98997,7.19362 5.98997,7.44976 0,0.25613 -1.8011,0.25663 -4.00246,0.001 -3.93703,-0.45701 -6.51741,0.84214 -16.85926,8.4882 -3.2916,2.43359 -4.12083,2.54645 -8.93261,1.21583 -8.15365,-2.25476 -20.34838,-2.16067 -30.63708,0.23638 -8.53036,1.98739 -10.06551,2.84972 -18.05572,10.14222 -5.95625,5.43617 -9.73046,7.97016 -11.87097,7.97016 -4.56569,0 -8.81053,5.31596 -10.66097,13.35112 -2.09569,9.10008 -7.52166,21.13358 -10.86386,24.09345 -2.13479,1.89058 -2.64909,3.72758 -2.64909,9.46225 0,6.86303 0.21622,7.33818 6.07768,13.35593 3.52141,3.61528 7.173,6.23972 8.68185,6.23972 4.17324,0 8.9152,3.03306 15.13072,9.67796 3.51368,3.75641 5.52426,6.91165 5.10329,8.00869 -0.38206,0.99562 -2.73148,3.17692 -5.22094,4.84731 -7.06987,4.74381 -30.43857,16.8749 -32.50692,16.8749 -1.02279,0 -3.31982,1.1486 -5.10452,2.55244 -4.42782,3.48292 -4.51131,9.88131 -0.16608,12.7284 1.69335,1.10953 3.07882,2.83583 3.07882,3.83622 0,1.47172 -2.05686,1.80358 -10.77587,1.73862 -9.56581,-0.0713 -11.78003,-0.54781 -19.71831,-4.24379 z"
       id="path896" />
    <path
       style="fill:#ff0000;fill-opacity:1;stroke:none;stroke-width:0.930918;stroke-dashoffset:0.5"
       d=""
       id="path900" />
    <path
       style="fill:#ff0000;fill-opacity:1;stroke:none;stroke-width:0.930918;stroke-dashoffset:0.5"
       d="m 271.55172,531.7734 c -0.8128,-0.81281 -1.47783,-1.90495 -1.47783,-2.42698 0,-1.57976 13.51347,-7.45524 15.44349,-6.71462 3.33509,1.27979 1.86754,5.02696 -3.07381,7.8485 -5.42775,3.09927 -8.69748,3.48746 -10.89185,1.2931 z"
       id="path918" />
    <path
       style="fill:#ff0000;fill-opacity:1;stroke:none;stroke-width:0.930918;stroke-dashoffset:0.5"
       d="m 335.38816,544.41594 c -0.70117,-1.31015 -1.27486,-3.13781 -1.27486,-4.06146 0,-2.046 25.23322,-15.02642 27.03992,-13.90982 3.43823,2.12494 -1.25935,7.72621 -13.32343,15.88653 -7.43698,5.03047 -10.583,5.55763 -12.44163,2.08475 z"
       id="path920" />
    <path
       style="fill:#ff0000;fill-opacity:1;stroke:none;stroke-width:0.930918;stroke-dashoffset:0.5"
       d="m 499.96718,603.75616 c -0.30121,-0.50801 -0.94431,-3.86375 -1.42914,-7.45721 -0.6394,-4.73924 -2.02298,-7.9523 -5.03795,-11.69951 -4.52343,-5.62202 -15.29812,-25.6143 -15.29812,-28.38543 0,-0.94434 -4.139,-9.96096 -9.19778,-20.03693 -5.05877,-10.07596 -9.65319,-20.53669 -10.20981,-23.24605 -1.00693,-4.90124 -1.04367,-4.92796 -7.28062,-5.29324 -4.63156,-0.27126 -6.81805,0.18234 -8.37266,1.73694 -1.46997,1.46997 -5.31858,2.38809 -12.77037,3.04648 -13.68649,1.20925 -17.49318,1.91935 -27.46788,5.12389 -11.22404,3.60591 -16.86584,2.03843 -22.04235,-6.12409 -2.56404,-4.04307 -3.23874,-6.11478 -2.34293,-7.19416 0.69196,-0.83376 5.79526,-1.91756 11.34067,-2.40844 5.5454,-0.49088 12.31262,-1.69114 15.03827,-2.66725 2.72564,-0.97611 11.83572,-2.3061 20.24462,-2.95552 l 15.28891,-1.18076 4.85246,3.2112 c 4.20375,2.78191 5.78189,3.12884 11.80468,2.5951 3.82373,-0.33886 8.75438,-1.0024 10.95701,-1.47453 2.74353,-0.58807 4.91014,-0.2652 6.87949,1.02517 2.84845,1.86637 12.48224,18.02658 19.23375,32.26365 12.16369,25.64986 14.83272,31.70678 14.83272,33.66041 0,3.54334 6.46755,12.70441 13.30826,18.85071 4.66543,4.19184 7.92121,6.02192 12.22712,6.87291 l 5.86856,1.15982 -6.15764,0.96808 c -3.3867,0.53244 -11.66752,3.12005 -18.40182,5.75024 -12.53271,4.89484 -14.91021,5.47299 -15.86745,3.85852 z"
       id="path922" />
    <path
       style="fill:#ff0000;fill-opacity:1;stroke:none;stroke-width:0.930918;stroke-dashoffset:0.5"
       d="m 554.86453,656.72753 c -5.32807,-0.37273 -6.46552,-0.85658 -6.46552,-2.75028 0,-4.91586 1.33716,-6.28579 5.39279,-5.52495 3.04407,0.57107 4.4493,0.11494 6.55024,-2.12617 3.09862,-3.30538 3.80772,-6.74662 4.01376,-19.47884 l 0.14948,-9.23645 1.86411,4.31034 c 1.02526,2.37069 3.60613,6.11146 5.73525,8.31281 3.15544,3.26249 4.82487,4.00246 9.02979,4.00246 8.66794,0 11.23828,-7.14626 7.27246,-20.21943 -1.68766,-5.56329 -1.66383,-6.24867 0.29246,-8.41035 2.09156,-2.31114 2.16914,-2.30496 4.31378,0.34356 1.20115,1.48336 2.18391,3.95747 2.18391,5.49801 0,1.54055 0.79231,4.66573 1.76068,6.94485 1.68761,3.9719 1.57672,4.47603 -2.67235,12.14878 -5.90661,10.66585 -15.37176,19.99873 -24.27571,23.93648 -3.92634,1.73642 -7.48548,3.0546 -7.9092,2.92931 -0.42373,-0.1253 -3.67989,-0.43135 -7.23593,-0.68013 z"
       id="path924" />
    <path
       style="fill:#ff0000;fill-opacity:1;stroke:none;stroke-width:0.930918;stroke-dashoffset:0.5"
       d="m 509.69215,634.37599 c -1.08873,-1.76161 1.83459,-3.47926 13.52964,-7.9496 11.12568,-4.25269 14.85451,-3.93662 9.04606,0.76678 -7.72695,6.2569 -20.61389,10.35709 -22.5757,7.18282 z"
       id="path938" />
    <path
       style="fill:#ff0000;fill-opacity:1;stroke:none;stroke-width:0.930918;stroke-dashoffset:0.5"
       d="m 548.40471,584.61843 c -0.0143,-8.6129 9.22416,-18.11597 17.61151,-18.11597 3.30187,0 7.01334,3.45964 7.01334,6.53746 0,2.5568 -8.53451,7.00934 -13.43532,7.00934 -2.56266,0 -4.82108,1.21618 -7.43252,4.00246 l -3.75131,4.00247 -0.006,-3.43576 z"
       id="path940" />
    <path
       style="fill:#ff0000;fill-opacity:1;stroke:none;stroke-width:0.930918;stroke-dashoffset:0.5"
       d="m 73.953202,710.50728 c -2.540025,-1.34092 -4.618227,-3.24675 -4.618227,-4.23517 0,-1.87492 10.824309,-7.99625 14.139723,-7.99625 2.373535,0 6.785449,-7.03438 6.791635,-10.82862 0.0056,-3.43082 -9.786403,-14.24981 -14.512807,-16.03492 -1.836853,-0.69375 -4.863748,-1.59407 -6.726432,-2.00071 -1.862685,-0.40663 -3.3867,-1.49281 -3.3867,-2.41374 0,-3.33495 7.512171,-5.0651 20.499342,-4.72129 l 12.494417,0.33078 3.207557,-3.81196 c 1.76415,-2.09658 3.20755,-5.02501 3.20755,-6.50763 0,-5.68073 -6.084886,-13.03888 -15.572068,-18.83052 -1.256791,-0.76724 -1.984061,-1.7148 -1.616159,-2.1057 1.029519,-1.09387 22.122847,1.35885 23.823377,2.77017 1.65033,1.36965 1.17927,9.55877 -0.61358,10.66681 -0.6025,0.37237 -1.09546,3.86523 -1.09546,7.76191 0,7.67308 0.60524,8.45212 12.29261,15.82245 8.21015,5.17753 29.33547,2.43439 45.84798,-5.95339 2.51304,-1.27654 5.56107,-2.32956 6.7734,-2.34004 1.21233,-0.0105 7.19192,-2.25183 13.28798,-4.98076 6.09606,-2.72893 16.62562,-6.83261 23.39901,-9.11929 6.7734,-2.28668 17.71924,-7.2239 24.32408,-10.9716 15.3969,-8.73646 23.36677,-11.19264 24.73643,-7.62336 1.5377,4.00715 -9.96069,13.00964 -16.61647,13.00964 -1.51394,0 -4.16841,1.33932 -5.89881,2.97626 -4.46547,4.22427 -27.76034,16.91069 -39.781,21.66479 -5.58978,2.21073 -14.04255,5.81954 -18.78393,8.01959 -16.98015,7.87896 -21.08048,9.43772 -31.40394,11.93831 -6.05181,1.4659 -16.4428,2.76844 -24.63054,3.0875 -16.04664,0.62531 -16.41428,0.80661 -22.1132,10.90454 -3.152322,5.58561 -4.815275,7.06308 -11.587803,10.2953 -9.220879,4.40072 -9.774874,4.44356 -15.867965,1.2269 z"
       id="path942" />
    <path
       style="fill:#ff0000;fill-opacity:1;stroke:none;stroke-width:0.930918;stroke-dashoffset:0.5"
       d="m 228.182,920.36072 c -2.14694,-1.80653 -5.25406,-5.42399 -6.90472,-8.0388 l -3.0012,-4.75421 2.97499,-3.96858 c 1.63624,-2.18272 4.11884,-6.18534 5.51687,-8.8947 3.68905,-7.14927 12.28967,-15.09208 40.9721,-37.83836 19.00502,-15.07173 23.25933,-18.19612 24.77665,-18.19612 0.62842,0 2.18978,1.24692 3.46968,2.77094 14.35282,17.09035 18.4225,22.53924 18.4225,24.66591 0,2.22355 -20.36169,19.64216 -32.63547,27.91834 -3.3867,2.28364 -9.49586,7.25001 -13.57592,11.03638 -13.61511,12.63506 -16.17422,14.05548 -19.05955,10.57887 -2.19325,-2.6427 -2.89665,-2.40824 -9.23645,3.07882 -3.13042,2.70936 -6.16964,4.92611 -6.75381,4.92611 -0.58418,0 -2.81873,-1.47807 -4.96567,-3.2846 z"
       id="path944" />
    <path
       style="fill:#ff0000;fill-opacity:1;stroke:none;stroke-width:0.930918;stroke-dashoffset:0.5"
       d="m 619.21182,777.29356 c -4.06404,-1.82392 -8.63608,-4.02002 -10.1601,-4.88023 -3.8899,-2.19562 -3.5924,-6.81557 0.61577,-9.56217 1.86268,-1.21575 6.6041,-4.88341 10.53647,-8.15036 7.09651,-5.89566 13.11985,-9.62691 15.5407,-9.62691 0.69358,0 2.18454,1.80111 3.31324,4.00246 1.1287,2.20136 3.35488,5.56329 4.94706,7.47097 2.67712,3.2076 2.76109,3.7272 1.11634,6.9078 -2.55301,4.93697 -14.58738,17.34938 -16.71867,17.24385 -0.99091,-0.0491 -5.12677,-1.5815 -9.19081,-3.40541 z"
       id="path946" />
    <path
       style="fill:#00ff00;fill-opacity:1;stroke:none;stroke-width:0.930918;stroke-dashoffset:0.5"
       d="m 334.74122,476.62067 c -1.37841,-2.23034 2.65944,-7.08562 10.80028,-12.98672 12.43447,-9.01345 18.95357,-15.1249 23.2111,-21.75966 3.80394,-5.92795 4.00616,-6.83681 4.02367,-18.08505 0.023,-14.81808 -2.53664,-21.17168 -12.26575,-30.44547 -8.31994,-7.93056 -13.075,-9.67679 -23.45452,-8.61338 -7.48808,0.76718 -8.22929,0.58126 -18.75165,-4.70338 -9.74008,-4.89176 -12.03244,-6.74183 -20.66436,-16.67731 -5.33992,-6.14635 -11.37152,-14.10544 -13.40354,-17.68687 -9.34956,-16.47858 -21.4268,-28.98868 -35.09852,-36.35653 -5.08005,-2.7377 -9.23645,-5.56619 -9.23645,-6.28554 0,-2.73607 20.26883,-16.31636 37.10599,-24.86131 20.60707,-10.45822 25.70483,-11.37058 41.71174,-7.46526 12.17271,2.96986 41.66979,17.00821 47.11325,22.42229 2.20541,2.1935 6.46128,7.67571 9.45753,12.18269 2.99623,4.50699 8.68221,11.78098 12.6355,16.16443 3.95329,4.38344 8.8026,10.36023 10.77625,13.28175 5.20528,7.70519 12.79682,11.8265 20.17502,10.95266 3.32961,-0.39434 9.1854,0.0991 13.77729,1.16099 4.39249,1.01577 12.14275,2.40196 17.2228,3.08043 9.1224,1.21835 13.212,2.887 9.75027,3.97832 -6.82255,2.15082 -20.42654,7.44079 -21.3882,8.31688 -0.64348,0.58623 -2.6939,1.06586 -4.55649,1.06586 -1.8626,0 -5.90817,1.70183 -8.99015,3.78183 -4.32078,2.91606 -5.60361,4.53904 -5.60361,7.08942 0,8.20448 4.9093,16.71811 12.42718,21.55104 2.84703,1.83024 4.25404,2.01599 7.54369,0.99589 2.22415,-0.68969 10.69415,-1.80018 18.82223,-2.46775 8.12808,-0.66756 15.74816,-1.59065 16.9335,-2.05129 1.25351,-0.48713 2.15517,-0.27111 2.15517,0.51636 0,2.73437 -36.44219,18.37807 -43.87053,18.8325 -5.82246,0.35618 -9.08513,4.23278 -9.08513,10.79466 0,4.79992 0.76347,6.58779 5.03587,11.79272 8.07545,9.83808 10.74492,11.58492 17.74738,11.61342 3.3867,0.0138 9.48276,-0.77784 13.5468,-1.75914 12.64947,-3.05434 13.76217,-1.97046 4.61822,4.49861 -13.4669,9.52742 -35.55758,17.74226 -52.64778,19.57807 -10.44101,1.12157 -29.67888,4.38919 -31.13339,5.28812 -0.57851,0.35755 -8.21902,1.22761 -16.97892,1.93349 -8.75991,0.70587 -18.78334,1.60028 -22.2743,1.98757 -4.03056,0.44716 -6.65388,0.20797 -7.18744,-0.65534 z"
       id="path948" />
    <path
       style="fill:#00ff00;fill-opacity:1;stroke:none;stroke-width:0.930918;stroke-dashoffset:0.5"
       d="m 150.61576,326.35468 c 0,-0.67734 0.61875,-1.23153 1.375,-1.23153 0.92749,0 1.20435,-2.67995 0.85067,-8.23438 -0.46649,-7.32608 -0.90871,-8.51473 -4.00898,-10.77586 -8.1147,-5.91834 -8.79188,-6.63558 -6.83738,-7.24185 3.89532,-1.20828 15.88535,-3.21801 27.70936,-4.64457 6.7734,-0.8172 14.25493,-2.09805 16.62562,-2.84633 6.72071,-2.1213 15.9959,-1.50103 21.70469,1.4515 4.66078,2.4105 11.54654,9.08768 11.54654,11.19678 0,0.48608 -3.46367,1.49695 -7.69704,2.24636 -7.31889,1.29563 -20.36893,4.56844 -31.09439,7.79814 -2.70844,0.81558 -10.31845,4.18971 -16.91112,7.49807 -12.97534,6.51133 -13.26297,6.61507 -13.26297,4.78367 z"
       id="path950" />
    <path
       style="fill:#00ff00;fill-opacity:1;stroke:none;stroke-width:0.930918;stroke-dashoffset:0.5"
       d=""
       id="path952" />
    <path
       style="fill:#00ff00;fill-opacity:1;stroke:none;stroke-width:0.930918;stroke-dashoffset:0.5"
       d="m 74.261084,333.96593 c 0,-3.22895 24.572586,-20.07299 38.634046,-26.4829 9.01528,-4.10961 10.62152,-4.16844 5.92552,-0.21702 -2.01243,1.69335 -4.22918,3.07882 -4.92611,3.07882 -0.69692,0 -2.83367,1.30121 -4.74833,2.89157 -3.31766,2.75575 -33.346081,21.73897 -34.387569,21.73897 -0.273657,0 -0.497557,-0.45425 -0.497557,-1.00944 z"
       id="path954" />
    <path
       style="fill:#afe9af;fill-opacity:1;stroke:none;stroke-width:0.930918;stroke-dashoffset:0.5"
       d="m 369.75692,737.42228 c -1.75397,-6.51372 -1.85418,-6.42532 20.70915,-18.26793 24.26872,-12.73771 23.69866,-12.24061 23.68581,-20.65446 -0.01,-6.32334 -0.43236,-7.44232 -4.3879,-11.61565 -3.90362,-4.11855 -5.03325,-4.61823 -10.44043,-4.61823 -6.23445,0 -12.99939,3.17967 -32.57478,15.31081 -14.22404,8.81485 -38.44574,19.52474 -49.98561,22.10169 -6.01686,1.34362 -7.13597,-0.96934 -8.56794,-17.70807 -0.72432,-8.46675 -1.79756,-17.61083 -2.38498,-20.32019 -0.58742,-2.70936 -1.45427,-10.55009 -1.92633,-17.42384 -0.71022,-10.34154 -0.49095,-13.45962 1.2709,-18.07296 2.2964,-6.01305 2.77385,-16.03684 1.25924,-26.43731 -0.82319,-5.65262 -1.63732,-7.07956 -6.14818,-10.77586 -2.85964,-2.34326 -5.74911,-4.26048 -6.42105,-4.26048 -0.67193,0 -2.17966,-1.05853 -3.3505,-2.35229 -1.17083,-1.29376 -3.61202,-2.69832 -5.42486,-3.12123 -1.81283,-0.42291 -4.8052,-1.3651 -6.64969,-2.09376 -3.27208,-1.29261 -3.33523,-1.50871 -2.59696,-8.88616 0.77985,-7.79297 4.20058,-16.24156 7.66997,-18.94348 1.08636,-0.84604 4.33992,-2.163 7.23012,-2.92658 2.89021,-0.76357 5.55531,-1.87433 5.92244,-2.46836 1.33047,-2.15275 7.71274,-1.001 14.48808,2.61452 3.80792,2.03202 8.02206,3.69458 9.36475,3.69458 2.46955,0 10.08114,6.51838 30.24075,25.89743 12.22848,11.75501 24.63299,21.32592 42.70257,32.94788 13.27977,8.54127 15.79496,9.77992 15.79496,7.77848 0,-0.95578 0.74935,-0.90574 2.46306,0.16448 1.35468,0.84601 2.48066,2.65182 2.50219,4.0129 0.0215,1.36108 3.20812,6.83616 7.08128,12.16684 3.87318,5.33068 8.45384,11.98093 10.17925,14.77833 3.83799,6.22252 11.6892,24.57102 12.83171,29.98807 0.75096,3.56061 0.4182,4.22094 -3.25584,6.46091 -2.25076,1.37225 -4.98574,2.49706 -6.07774,2.49959 -1.092,0.002 -5.06681,2.85902 -8.83292,6.34774 -3.76611,3.48873 -10.63128,8.47772 -15.25593,11.08665 -11.3966,6.42923 -36.09895,18.2845 -38.09867,18.2845 -0.89034,0 -2.2475,-2.33485 -3.01592,-5.18856 z m 51.7948,-47.69442 c 0,-0.63737 -0.55418,-1.50136 -1.23152,-1.91998 -0.67734,-0.41862 -1.23153,0.10283 -1.23153,1.15884 0,1.05599 0.55419,1.91998 1.23153,1.91998 0.67734,0 1.23152,-0.52148 1.23152,-1.15884 z m 4.92611,-3.76727 c 0,-1.36836 -0.82102,-2.46305 -1.84729,-2.46305 -1.02627,0 -1.84729,1.09469 -1.84729,2.46305 0,1.36836 0.82102,2.46306 1.84729,2.46306 1.02627,0 1.84729,-1.0947 1.84729,-2.46306 z"
       id="path956" />
    <path
       style="fill:#ffffff;fill-opacity:1;stroke:none;stroke-width:0.930918;stroke-dashoffset:0.5"
       d="m 118.59606,435.67039 c 0,-1.5143 -1.45567,-5.63035 -3.23483,-9.14679 -4.55222,-8.9973 -3.58767,-11.73774 5.79903,-16.47614 7.77838,-3.92651 10.45099,-3.93842 13.95892,-0.0622 1.95668,2.1621 1.75838,2.88293 -3.63333,13.20747 -3.13662,6.00631 -6.5746,11.89039 -7.63995,13.07573 -2.68453,2.9869 -5.24984,2.69464 -5.24984,-0.59808 z"
       id="path958" />
    <path
       style="fill:#ffffff;fill-opacity:1;stroke:none;stroke-width:0.930918;stroke-dashoffset:0.5"
       d="m 224.81527,449.9233 c -0.9225,-0.37224 -1.54008,-2.92429 -1.54109,-6.36829 -9.3e-4,-3.16092 -0.84003,-10.45772 -1.86467,-16.21511 -2.63232,-14.7908 -1.4035,-16.59681 13.38094,-19.66604 6.80389,-1.41249 7.24121,-1.34648 11.22831,1.69463 5.8477,4.46025 6.44349,8.69591 2.41881,17.19616 -3.19495,6.74782 -18.37246,24.27286 -20.85185,24.07704 -0.67707,-0.0535 -1.92377,-0.37675 -2.77045,-0.71839 z"
       id="path960" />
    <path
       style="fill:#008080;fill-opacity:1;stroke:none;stroke-width:0.930918;stroke-dashoffset:0.5"
       d="m 332.61055,845.13547 c -1.03648,-1.18535 -4.22734,-6.46261 -7.09082,-11.72726 -3.69889,-6.8006 -4.99253,-10.42387 -4.46794,-12.51398 0.89024,-3.54703 23.04941,-21.63315 26.50499,-21.63315 2.19347,0 20.8062,-13.00048 27.60093,-19.2785 7.29722,-6.74229 15.08063,-11.50967 18.79113,-11.50967 2.62653,0 14.28815,-5.92841 27.28784,-13.87228 19.93576,-12.1824 14.53405,-4.18368 -21.13951,31.30287 -51.13526,50.86717 -62.28456,61.38714 -65.05946,61.38714 -0.29847,0 -1.39069,-0.96983 -2.42716,-2.15517 z"
       id="path962" />
    <path
       style="fill:#008080;fill-opacity:1;stroke:none;stroke-width:0.930918;stroke-dashoffset:0.5"
       d="m 526.23153,847.99733 c -3.04803,-0.84486 -15.79434,-6.57325 -28.32513,-12.72974 -12.53078,-6.15649 -28.32512,-12.99063 -35.09852,-15.18699 -21.46744,-6.96106 -35.90147,-14.83105 -34.39607,-18.75405 0.8345,-2.17466 23.81118,-23.43192 27.39737,-25.34713 3.47044,-1.8534 4.81533,-1.0868 16.23951,9.25666 8.68151,7.86024 23.85405,17.81917 48.0252,31.52272 13.49849,7.65281 16.34158,8.79861 23.08859,9.305 8.39916,0.63038 13.85636,-1.56982 13.8582,-5.58726 0.002,-5.43005 7.35954,-17.19446 15.84118,-25.33104 l 8.78325,-8.42594 10.77844,5.77723 c 11.91963,6.38892 14.52449,8.38291 13.37684,10.23985 -0.42452,0.68688 -8.11016,6.18798 -17.07922,12.22469 -8.96905,6.0367 -22.55101,15.22617 -30.18212,20.42104 -7.63109,5.19487 -14.83553,9.44887 -16.00985,9.45333 -1.17431,0.004 -3.79767,1.10919 -5.82969,2.45494 -2.03202,1.34575 -3.97168,2.40092 -4.31035,2.34482 -0.33867,-0.0561 -3.1096,-0.79326 -6.15763,-1.63813 z"
       id="path964" />
    <path
       style="fill:#008080;fill-opacity:1;stroke:none;stroke-width:0.930918;stroke-dashoffset:0.5"
       d="m 708.49754,757.96023 c -20.50304,-3.09579 -43.42856,-14.78306 -51.65202,-26.33185 -3.38456,-4.75318 -3.21898,-5.7374 1.34862,-8.01601 5.7794,-2.88315 7.93432,-2.46304 18.18175,3.54462 5.14305,3.01516 14.32111,7.7783 20.39569,10.58477 13.98134,6.4594 22.83619,12.32739 25.54818,16.93044 3.37537,5.72899 2.97491,5.82426 -13.82222,3.28803 z"
       id="path966" />
    <path
       style="fill:#008080;fill-opacity:1;stroke:none;stroke-width:0.930918;stroke-dashoffset:0.5"
       d="m 200.17657,946.18083 c -3.93967,-5.61898 -12.73858,-25.36323 -12.07436,-27.09416 0.33748,-0.87944 1.39521,-1.59899 2.35052,-1.59899 1.88243,0 19.8921,22.39555 19.8921,24.7364 0,0.78417 -1.7441,2.77078 -3.87578,4.41468 l -3.87579,2.98891 z"
       id="path968" />
    <path
       style="fill:#ff0000;fill-opacity:1;stroke:none;stroke-width:0.930918;stroke-dashoffset:0.5"
       d="m 335.65271,422.35772 c -3.84728,-1.52185 -3.46063,-4.28553 0.84931,-6.07077 5.80401,-2.4041 7.99901,0.10658 4.0768,4.66312 -1.66848,1.93832 -2.78092,2.2562 -4.92611,1.40765 z"
       id="path970" />
    <path
       style="fill:#ff0000;fill-opacity:1;stroke-width:0.930918;stroke-dashoffset:0.5"
       d="m 322.41379,424.38023 c -5.08005,-1.53574 -13.57327,-4.5461 -18.87384,-6.68969 -7.62298,-3.0828 -11.43407,-3.89744 -18.23315,-3.89744 h -8.59577 l -3.10811,-6.789 c -1.70947,-3.73396 -2.92573,-7.26177 -2.70281,-7.8396 0.22292,-0.57782 3.32685,-4.23086 6.89762,-8.11787 7.15284,-7.78633 8.80866,-7.79138 12.06745,-0.0368 2.85198,6.78652 13.243,16.2793 27.6225,25.23469 19.9535,12.42682 20.14011,12.735 4.92611,8.13569 z"
       id="path37" />
    <path
       style="fill:#ff0000;fill-opacity:1;stroke-width:0.930918;stroke-dashoffset:0.5"
       d="m 337.9689,439.22115 -4.76509,-2.88446 10.57028,-2.6511 c 5.81365,-1.45811 11.14452,-2.65111 11.84637,-2.65111 2.42284,0 1.26608,4.60025 -1.97066,7.83699 -4.09851,4.09852 -9.29639,4.21443 -15.6809,0.34968 z"
       id="path39" />
  </g>
</svg>
