<?xml version="1.0" encoding="UTF-8" standalone="no"?>
<svg
   xmlns:dc="http://purl.org/dc/elements/1.1/"
   xmlns:cc="http://creativecommons.org/ns#"
   xmlns:rdf="http://www.w3.org/1999/02/22-rdf-syntax-ns#"
   xmlns:svg="http://www.w3.org/2000/svg"
   xmlns="http://www.w3.org/2000/svg"
   width="600px"
   height="1000px"
   viewBox="0 0 600 1000"
   version="1.1"
   id="SVGRoot">
  <defs
     id="defs1847" />
  <metadata
     id="metadata3">
    <rdf:RDF>
      <cc:Work
         rdf:about="">
        <dc:format>image/svg+xml</dc:format>
        <dc:type
           rdf:resource="http://purl.org/dc/dcmitype/StillImage" />
        <dc:title>Fille marche</dc:title>
        <cc:license
           rdf:resource="http://creativecommons.org/licenses/by/4.0/" />
        <dc:creator>
          <cc:Agent>
            <dc:title>Frédéric Wang</dc:title>
          </cc:Agent>
        </dc:creator>
      </cc:Work>
      <cc:License
         rdf:about="http://creativecommons.org/licenses/by/4.0/">
        <cc:permits
           rdf:resource="http://creativecommons.org/ns#Reproduction" />
        <cc:permits
           rdf:resource="http://creativecommons.org/ns#Distribution" />
        <cc:requires
           rdf:resource="http://creativecommons.org/ns#Notice" />
        <cc:requires
           rdf:resource="http://creativecommons.org/ns#Attribution" />
        <cc:permits
           rdf:resource="http://creativecommons.org/ns#DerivativeWorks" />
      </cc:License>
    </rdf:RDF>
  </metadata>
  <title
     id="title5">Fille marche</title>
  <g
     id="g1079">
    <g
       id="g1056"
       transform="translate(-1.6885391,-1.6692965)">
      <path
         style="fill:#000000;stroke:none;stroke-width:0.982751"
         d="m 47.251665,997.53257 c -0.920573,-0.50859 -2.205141,-1.62017 -2.854596,-2.47018 -2.661339,-3.48316 -7.3281,-13.33199 -8.118804,-17.1341 -0.465116,-2.23651 -1.587635,-7.16205 -2.494487,-10.94565 -1.793828,-7.48426 -2.852097,-14.12555 -4.306454,-27.02566 -1.16227,-10.30929 -2.716167,-17.5615 -4.127085,-19.26156 -0.588888,-0.70956 -0.785415,-1.75172 -0.436726,-2.31592 0.348689,-0.56419 0.273318,-1.0258 -0.167491,-1.0258 -1.362991,0 -3.369354,-7.93938 -4.317194,-17.08356 -0.965446,-9.31405 -2.769278,-15.76559 -5.903064,-21.11273 -3.182127,-5.42963 -3.434302,-10.83031 -0.694435,-14.87228 2.688095,-3.96559 5.286843,-4.65379 9.843621,-2.60679 1.776869,0.79821 4.778505,1.71568 6.670301,2.03883 4.690021,0.80112 21.958883,12.11625 29.962175,19.63219 5.705392,5.35798 7.080106,5.15736 11.536019,-1.68343 18.104576,-27.79449 32.462765,-48.69323 35.705545,-51.97042 0.90747,-0.9171 3.25065,-1.80158 5.20705,-1.9655 3.22299,-0.27005 3.61089,-0.62111 4.1299,-3.73768 0.64856,-3.89457 3.15918,-9.09373 6.22188,-12.88474 4.61142,-5.708 4.42476,-5.37243 16.43514,-29.54544 4.11564,-8.28342 8.22626,-17.05084 9.13473,-19.48315 0.90848,-2.43231 2.48473,-5.97021 3.50279,-7.86201 1.01805,-1.8918 2.56708,-4.98143 3.44226,-6.86584 0.87518,-1.88443 2.39081,-4.31674 3.36807,-5.40514 0.97727,-1.0884 2.61455,-3.52674 3.63842,-5.41852 1.02386,-1.89179 4.22372,-6.2764 7.1108,-9.74359 4.79747,-5.76145 8.62279,-11.16374 11.54144,-16.29934 6.74272,-11.86439 8.69021,-15.03221 10.30979,-16.77011 2.54932,-2.73559 2.40439,-4.04433 -1.18092,-10.6639 -2.81946,-5.20559 -3.03451,-6.24853 -2.61957,-12.7046 0.24863,-3.86839 0.91742,-7.91793 1.48619,-8.99896 1.82408,-3.46686 5.08302,-14.54676 6.21473,-21.12915 0.60405,-3.51333 1.69081,-7.7146 2.41502,-9.33614 0.72421,-1.62153 2.47707,-6.48615 3.89527,-10.81026 1.41819,-4.3241 2.93815,-8.74649 3.37771,-9.82751 6.21708,-15.29037 8.39844,-21.99834 7.45911,-22.93767 -0.34755,-0.34755 -2.60885,1.57558 -5.02511,4.27362 -18.31595,20.45188 -19.93102,22.10368 -21.61227,22.10368 -1.89038,0 -7.16645,4.82905 -8.86522,8.11409 -0.84363,1.63142 -2.62463,3.97709 -3.95776,5.21259 -2.2737,2.1072 -2.34966,2.49411 -1.22602,6.24447 1.00284,3.34721 0.94546,4.59941 -0.3525,7.6918 -0.85269,2.03154 -2.96554,8.24934 -4.69523,13.81733 -3.31538,10.67246 -5.82435,14.5956 -14.33293,22.4115 -2.41614,2.21944 -6.25074,4.58693 -8.52136,5.26107 -2.27061,0.67416 -5.90048,1.83892 -8.06636,2.58836 -2.1659,0.74944 -6.8094,1.6408 -10.31889,1.98079 -3.50951,0.33998 -7.36039,1.22891 -8.55753,1.97538 -1.19713,0.74647 -4.31329,1.35722 -6.92479,1.35722 -3.73627,0 -5.8904,-0.72768 -10.10778,-3.41447 -6.232229,-3.97042 -7.984812,-4.16916 -13.221602,-1.49929 -2.12037,1.08103 -4.55774,1.9655 -5.416376,1.9655 -0.858637,0 -2.082166,0.52101 -2.718954,1.1578 -0.636787,0.63679 -4.815937,1.34195 -9.286999,1.56704 -7.301936,0.36759 -8.466672,0.17476 -11.445368,-1.89486 -1.823891,-1.26726 -4.540755,-4.5078 -6.037475,-7.20121 -2.431463,-4.37552 -3.281994,-5.06379 -7.985474,-6.46209 -6.325103,-1.8804 -14.06109,-6.03948 -17.884247,-9.61508 -6.609818,-6.18183 -8.994785,-16.551 -5.603829,-24.36389 1.141552,-2.63018 2.50376,-5.44551 3.02713,-6.25628 0.523369,-0.81077 1.40602,-2.53281 1.961445,-3.82677 1.235797,-2.87901 6.615032,-9.84106 9.298476,-12.03452 1.084246,-0.88626 3.60783,-3.20801 5.607964,-5.15944 2.000133,-1.95143 4.488852,-3.54805 5.530486,-3.54805 1.041635,0 2.448692,-0.6685 3.126794,-1.48556 1.532506,-1.84656 9.406524,-5.3937 11.973052,-5.3937 1.047851,0 2.785044,-0.47088 3.860428,-1.04641 3.449883,-1.84632 37.674149,0.66646 46.280169,3.39794 l 7.16082,2.27279 3.5502,-3.17028 c 5.04283,-4.50318 11.68244,-11.83038 11.68244,-12.89225 0,-0.49474 1.21616,-2.23891 2.70257,-3.87595 3.32951,-3.66692 8.1077,-9.92542 8.1077,-10.61953 0,-0.28232 1.02164,-2.01877 2.2703,-3.85879 1.24867,-1.84002 4.43336,-7.71931 7.07708,-13.06509 2.64372,-5.3458 7.19871,-13.25752 10.1222,-17.58163 2.92348,-4.32411 5.70795,-8.74649 6.18771,-9.82751 0.47976,-1.08103 1.39236,-2.68942 2.02797,-3.57421 0.94307,-1.31276 0.62101,-2.30714 -1.75065,-5.40513 -5.8259,-7.61016 -8.24509,-11.81871 -8.24509,-14.34363 0,-2.59536 2.2218,-5.6682 4.09837,-5.6682 4.21122,0 23.38594,-11.71863 29.80655,-18.21627 4.11788,-4.16729 9.63251,-8.21425 17.85397,-13.1023 5.63615,-3.35095 7.34627,-4.94394 8.55768,-7.97157 1.80125,-4.50175 2.61913,-5.10147 7.1317,-5.22938 2.99763,-0.085 3.35533,-0.35457 2.80232,-2.11203 -0.34866,-1.10806 -0.88007,-3.05761 -1.1809,-4.33235 -0.33739,-1.4297 -1.81313,-2.84675 -3.85166,-3.6985 -3.68642,-1.54029 -4.378,-3.31992 -1.29016,-3.31992 1.8315,0 1.98777,-0.51346 1.71982,-5.65082 l -0.29473,-5.65082 -3.43963,-0.25108 c -1.8918,-0.1381 -7.41977,-0.88473 -12.28439,-1.65917 -4.86462,-0.77444 -11.17293,-1.63642 -14.01846,-1.91549 -2.84553,-0.27908 -10.02372,-2.07532 -15.95154,-3.99165 -5.92781,-1.91634 -12.15695,-3.48425 -13.84254,-3.48425 -2.19217,0 -4.04396,-0.97926 -6.50433,-3.43963 -2.06659,-2.0666 -4.40461,-3.43963 -5.85705,-3.43963 -8.4772,0 -31.22308,-33.78681 -35.72672,-53.06857 -0.44186,-1.8918 -2.44021,-7.86201 -4.44077,-13.26714 -2.44867,-6.61585 -3.86182,-12.39685 -4.32414,-17.68952 -0.37772,-4.32411 -1.36851,-9.18873 -2.20176,-10.81027 -2.52368,-4.91121 -2.92859,-9.21407 -1.20824,-12.83946 1.4033,-2.9572 1.41113,-3.59818 0.0766,-6.2732 -0.81749,-1.6387 -1.79243,-4.37307 -2.16654,-6.07638 -0.88305,-4.0205 2.20229,-29.01576 4.02741,-32.62724 2.21226,-4.37752 1.5641,-7.15633 -1.09998,-4.71596 -1.31057,1.20052 -14.512502,5.04129 -17.328485,5.04129 -5.523652,0 -18.385922,-16.43421 -15.954707,-20.38544 0.584265,-0.94956 2.021163,-2.16301 3.193106,-2.69657 1.63652,-0.74506 2.130806,-1.82791 2.130806,-4.66806 0,-3.81846 -0.787452,-4.31401 -6.142195,-3.86526 -1.374527,0.11518 -1.719815,-0.64278 -1.719815,-3.7753 0,-2.15569 -0.331679,-3.91215 -0.737063,-3.90325 -0.405385,0.009 -2.506016,1.09045 -4.668069,2.40346 -9.554058,5.80219 -9.159604,5.68077 -14.384074,4.42744 -3.533372,-0.84764 -6.3305,-2.51278 -10.271583,-6.11471 -7.527707,-6.8799 -8.567238,-9.21132 -7.704033,-17.27832 0.717018,-6.70083 3.304094,-16.97383 5.130486,-20.3726 0.561584,-1.04506 1.771328,-3.61959 2.688321,-5.72116 1.916039,-4.3912 10.108921,-16.91434 23.539062,-35.98038 2.09406,-2.97283 6.492915,-7.94619 9.775236,-11.05193 3.282319,-3.10573 7.736806,-7.38707 9.898859,-9.51408 2.162053,-2.12701 5.699957,-4.61171 7.86201,-5.52156 6.518668,-2.74322 21.225298,-7.32598 23.509948,-7.32598 1.17693,0 2.61648,-0.47661 3.19902,-1.05914 1.50555,-1.50556 7.42527,-2.87747 16.53209,-3.83136 4.32411,-0.45292 10.95768,-1.51592 14.74127,-2.36222 10.54386,-2.35841 20.52929,-2.98799 27.84179,-1.75542 3.60498,0.60764 13.52154,1.75702 22.03682,2.55418 14.47994,1.35555 16.00696,1.69715 23.58603,5.2762 4.45704,2.10475 10.58079,5.88421 13.60833,8.3988 3.02753,2.51459 6.35221,4.57198 7.38819,4.57198 1.03597,0 3.42351,-1.04572 5.30566,-2.32383 1.88212,-1.27811 6.51773,-3.85454 10.30132,-5.7254 3.78358,-1.87086 9.04576,-4.58416 11.6937,-6.02956 2.64794,-1.44539 5.48766,-2.62798 6.3105,-2.62798 0.82283,0 2.19423,-0.5959 3.04757,-1.32423 1.89547,-1.6178 22.79422,-6.557868 27.69346,-6.546198 1.94626,0.005 4.82081,-0.405773 6.38788,-0.912005 1.56707,-0.506233 7.49272,-1.158731 13.1681,-1.449996 5.67539,-0.291265 14.97217,-0.81992 20.65951,-1.174786 7.80958,-0.487287 12.01914,-0.26413 17.19815,0.911703 3.77164,0.856305 11.94325,2.047592 18.15916,2.647304 17.43651,1.682288 22.07805,2.931078 30.95666,8.328798 5.37241,3.26614 8.6062,5.12476 12.10846,6.95933 3.89348,2.0395 14.30539,13.31129 20.02393,21.67764 4.49594,6.57765 5.66775,9.18015 6.63535,14.73653 0.64632,3.71146 2.04012,9.31576 3.09731,12.454 1.05719,3.13824 1.81958,7.22925 1.69419,9.09116 -0.1254,1.86189 0.30452,3.91776 0.95535,4.5686 0.65084,0.65084 1.18813,2.75329 1.19398,4.67211 0.017,5.56572 4.63088,19.09505 8.0217,23.52201 0.98735,1.28905 1.79519,3.17456 1.79519,4.19003 0,1.01547 0.40226,2.61422 0.89391,3.55278 1.2428,2.37252 4.76428,15.53304 5.58439,20.87013 1.2952,8.42889 10.70724,23.51534 16.73964,26.83179 1.17712,0.64714 3.62099,2.33951 5.43084,3.76082 1.80984,1.42131 8.22516,5.25969 14.25626,8.52974 6.03111,3.27004 12.8858,7.16984 15.23264,8.6662 2.34686,1.49638 6.25708,3.7285 8.68939,4.96028 2.43231,1.23178 7.14803,4.57163 10.47938,7.42187 3.33135,2.85024 8.61356,6.95122 11.73826,9.11327 6.90798,4.77981 27.65911,21.86834 32.80875,27.01797 2.65418,2.65419 4.02819,5.10472 4.74398,8.46078 0.91252,4.27851 0.7738,5.1234 -1.46958,8.95146 -2.42251,4.13369 -5.04973,5.64948 -8.81106,5.08359 -1.00446,-0.15113 -3.15301,0.41719 -4.77455,1.2629 -1.62154,0.84573 -4.7172,2.08105 -6.87926,2.74517 -2.16205,0.66412 -6.58443,2.45396 -9.82751,3.97743 -10.50105,4.93298 -16.51286,6.79426 -26.97385,8.35124 -5.6469,0.84045 -10.46398,1.725 -10.70462,1.96564 -0.78621,0.78621 1.89081,3.29501 6.2283,5.83696 6.28976,3.68604 8.35552,7.65842 8.35552,16.06736 0,6.82022 -0.0622,6.98882 -3.68532,9.98145 -2.02692,1.67424 -5.35035,3.49422 -7.3854,4.04442 -2.03505,0.55019 -5.19734,1.88376 -7.02733,2.96347 -5.09755,3.00764 -23.98004,5.18295 -37.91877,4.36834 -13.82101,-0.80771 -28.20924,-0.81423 -29.50507,-0.0134 -1.56227,0.96554 -1.10768,2.97858 1.25097,5.53972 17.90928,19.44677 19.89979,22.4705 18.88391,28.6861 -1.51087,9.24406 -7.84898,12.95029 -16.06059,9.39147 -3.04424,-1.31934 -6.63499,-1.86786 -12.28439,-1.87653 -4.39052,-0.007 -15.70851,-0.89123 -25.15109,-1.96551 -9.44258,-1.07429 -20.3664,-1.95325 -24.27514,-1.95325 -7.31615,0 -15.97877,-1.77689 -20.72095,-4.25028 -11.2389,-5.86196 -17.55688,-6.52211 -27.26595,-2.84896 -8.49298,3.21307 -21.71255,9.94283 -23.57608,12.002 -0.98379,1.08707 -2.58384,1.9765 -3.55565,1.9765 -2.17781,0 -6.77319,2.02567 -6.77319,2.98566 0,1.38663 2.6083,2.82679 6.91945,3.82056 2.4102,0.55558 7.92009,2.38455 12.2442,4.0644 4.32411,1.67985 9.63096,3.63728 11.79302,4.34984 2.16205,0.71258 7.52461,3.10745 11.9168,5.32196 4.39219,2.2145 8.50051,4.02636 9.1296,4.02636 2.33103,0 9.53971,4.32284 13.33979,7.99948 2.15649,2.08644 4.28995,3.79353 4.74101,3.79353 0.45108,0 3.33017,2.37776 6.398,5.28389 3.06782,2.90615 7.34681,6.17588 9.50887,7.26607 2.16205,1.09019 4.65158,2.80314 5.5323,3.80655 4.81858,5.48987 6.38977,14.16438 2.90352,16.03017 -3.02492,1.61889 -1.13254,5.84533 6.66182,14.87843 4.49357,5.20774 9.37774,13.4905 13.54087,22.96316 1.90969,4.34525 3.94961,8.47685 4.53314,9.18134 0.58353,0.70448 2.86675,4.46351 5.07381,8.35339 3.12703,5.51128 5.07813,7.72331 8.83874,10.02076 2.65424,1.62154 9.28781,6.95664 14.74127,11.85579 11.17162,10.03609 16.30325,17.34928 16.30325,23.23409 0,3.21895 0.30433,3.72879 2.22574,3.72879 2.78877,0 9.05357,3.30269 13.28679,7.00457 1.77547,1.55262 3.67926,2.82294 4.23062,2.82294 1.68894,0 11.98226,7.44771 15.82703,11.4516 8.71099,9.07152 12.97018,27.26159 9.29179,39.6831 -1.88804,6.3757 -7.76119,13.19257 -12.20763,14.16917 -2.87673,0.63184 -6.12006,5.10953 -6.12006,8.44928 0,1.70955 -6.20488,10.84381 -8.99254,13.23801 -3.58665,3.08041 -7.86542,5.90604 -12.60404,8.3235 -3.45636,1.7633 -5.37641,2.10599 -9.44626,1.68595 -4.63851,-0.47873 -5.34752,-0.27734 -7.712,2.19064 -4.55465,4.75404 -20.57205,10.59274 -31.78524,11.58642 -10.76247,0.95376 -17.89813,-4.32943 -20.11365,-14.89197 -1.18961,-5.67151 -0.71651,-8.32621 3.39578,-19.05511 l 2.00429,-5.22915 -5.09634,-4.99042 c -7.35705,-7.20413 -10.61491,-14.3073 -12.40244,-27.04124 -1.35817,-9.67532 -1.34157,-10.92243 0.21215,-15.94264 0.92706,-2.99543 1.98525,-5.66736 2.35154,-5.93761 0.36628,-0.27026 0.95175,-1.40845 1.30104,-2.52932 0.34929,-1.12088 1.4079,-2.88983 2.35246,-3.931 0.94457,-1.04119 3.20233,-3.79085 5.01724,-6.11035 4.00952,-5.12425 3.83344,-6.77581 -1.77819,-16.67874 -2.19789,-3.87866 -3.99617,-7.54871 -3.99617,-8.15568 0,-0.60697 -0.88448,-2.228 -1.9655,-3.6023 -1.08103,-1.3743 -1.96551,-3.0483 -1.96551,-3.71999 0,-0.6717 -0.61365,-1.73056 -1.36368,-2.35302 -0.75003,-0.62247 -2.74352,-3.88284 -4.42998,-7.24528 -3.19642,-6.37294 -7.88091,-12.88043 -12.89025,-17.90654 -1.61612,-1.62154 -2.938,-3.41027 -2.93751,-3.97495 9.7e-4,-1.10793 -16.60457,-18.13696 -17.68592,-18.13696 -0.35933,0 -1.23609,1.0889 -1.94835,2.41977 -1.08856,2.034 -1.05005,3.2482 0.24161,7.61633 2.52616,8.54291 2.766,9.79586 3.34615,17.48094 0.30604,4.05385 0.94624,8.11548 1.42266,9.02584 0.47642,0.91037 0.86623,2.76352 0.86623,4.11812 0,1.35461 1.0735,5.47438 2.38555,9.15506 1.31205,3.68068 2.67701,8.90333 3.03326,11.6059 0.7146,5.42121 2.6927,13.81715 5.20961,22.1119 2.00863,6.61962 1.87494,14.48833 -0.38654,22.74959 -1.7119,6.25367 -5.84852,14.59496 -7.23793,14.59496 -0.40717,0 -1.43878,1.77817 -2.29249,3.95148 -1.19931,3.05315 -2.40615,4.28759 -5.30852,5.42993 -2.06597,0.81313 -4.52424,1.90952 -5.4628,2.4364 -0.93857,0.52688 -2.81808,0.95796 -4.1767,0.95796 -1.35861,0 -2.49004,0.33168 -2.51429,0.73706 -0.36209,6.05489 -1.17216,12.23006 -1.96599,14.98696 -2.13933,7.42967 -2.61441,15.87675 -1.34607,23.93382 3.05937,19.43452 5.40502,30.75693 7.14135,34.47126 1.02835,2.19979 2.35067,7.60218 2.9385,12.0053 0.58783,4.40312 1.96867,10.37334 3.06855,13.26715 1.09987,2.8938 1.99999,5.97311 2.00026,6.84291 6.2e-4,1.97575 7.46431,10.5601 10.23141,11.76763 1.12941,0.49286 2.71683,1.32967 3.5276,1.85955 0.81077,0.52989 3.44869,1.45806 5.86204,2.06261 3.30494,0.82788 5.88415,2.59176 10.45011,7.14661 7.34233,7.32448 17.45924,16.26121 20.93859,18.49603 1.40288,0.90108 6.30971,4.32652 10.90407,7.6121 4.59436,3.28557 10.63559,7.54025 13.42495,9.45485 8.59057,5.8965 12.60826,11.77889 17.09366,25.02716 1.00649,2.97282 4.04893,9.60639 6.76098,14.74127 8.2251,15.57305 11.85797,23.35831 11.85797,25.41171 0,1.07499 -1.1449,3.31517 -2.54423,4.97817 -3.40624,4.04808 -9.66191,4.31139 -13.19065,0.55521 l -2.31898,-2.46844 -1.19423,2.84022 c -0.65682,1.56213 -2.23324,3.57285 -3.50315,4.46827 -1.2699,0.89543 -5.26039,3.78355 -8.86775,6.41804 -3.60737,2.6345 -7.62859,5.38305 -8.93604,6.10788 -4.04813,2.24423 -19.19605,12.88413 -30.20869,21.21859 -2.32115,1.75667 -4.66405,3.19394 -5.20644,3.19394 -0.54239,0 -3.24002,1.05492 -5.99474,2.34427 -10.12143,4.73734 -22.6016,5.87758 -28.9398,2.64407 -5.71758,-2.9169 -8.98248,-8.37266 -9.25546,-15.46621 -0.2563,-6.66028 -0.0531,-7.02794 12.13005,-21.95292 10.76004,-13.18155 15.6515,-19.7728 15.6515,-21.09041 0,-0.67055 -2.52634,-3.16476 -5.61409,-5.54271 -3.08774,-2.37796 -7.34103,-5.98194 -9.45176,-8.00886 -2.11071,-2.02693 -4.06577,-3.68532 -4.34457,-3.68532 -0.27881,0 -5.29249,-4.86462 -11.14152,-10.81027 -5.84903,-5.94564 -11.27744,-10.81026 -12.06314,-10.81026 -0.7857,0 -3.79084,-1.89025 -6.67808,-4.20056 -2.88725,-2.31031 -7.8773,-5.95878 -11.089,-8.1077 -3.2117,-2.14893 -9.99067,-8.03836 -15.06438,-13.08762 -8.91454,-8.87158 -9.47314,-9.69494 -16.60159,-24.47016 -5.20563,-10.78978 -8.73744,-16.76488 -12.00027,-20.30206 -7.3185,-7.93388 -12.30621,-15.20498 -16.59529,-24.19272 -2.18811,-4.58518 -4.22777,-9.11061 -4.53258,-10.0565 -0.31456,-0.97615 -1.5277,-1.71982 -2.80553,-1.71982 -2.51192,0 -4.7109,-2.87782 -5.63199,-7.37063 -0.57313,-2.79556 -0.8825,-2.96289 -5.97323,-3.23086 l -5.36879,-0.2826 -3.91163,4.95067 c -2.15139,2.72287 -4.25202,4.95067 -4.66807,4.95067 -0.41603,0 -0.75644,0.61178 -0.75644,1.35951 0,0.74773 -0.77392,1.57016 -1.71981,1.82762 -1.00897,0.27464 -4.28074,5.50101 -7.91571,12.6447 -6.15061,12.08759 -8.09273,15.65494 -9.03675,16.59896 -0.27026,0.27026 -1.55982,2.48145 -2.86569,4.91376 -1.30587,2.43231 -4.18041,6.59948 -6.38788,9.26038 -3.4916,4.2088 -11.74306,16.57567 -17.05293,25.55804 -0.93606,1.58346 -3.36031,4.72859 -5.38723,6.98916 -2.02693,2.26059 -3.68532,4.45717 -3.68532,4.88129 0,0.42412 -1.51991,3.06097 -3.37758,5.85967 -1.85767,2.79869 -3.66726,6.24272 -4.02132,7.65339 -0.40841,1.62726 -1.66542,2.921 -3.43863,3.53915 -1.5372,0.53587 -3.44462,2.22336 -4.2387,3.74997 -0.79408,1.52662 -2.5914,3.84779 -3.99405,5.15816 -1.40263,1.31038 -2.55025,2.94369 -2.55025,3.62959 0,0.68591 -0.78561,1.82497 -1.74581,2.53127 -1.88101,1.3836 -9.06445,10.93546 -9.06445,12.05304 0,1.03785 -10.67959,16.36222 -13.72648,19.69641 -1.48181,1.62154 -4.36598,5.60168 -6.40926,8.84476 -2.04327,3.24308 -4.53995,7.09476 -5.54817,8.55928 -1.00822,1.46453 -1.83312,2.95876 -1.83312,3.32052 0,0.36176 -1.53234,2.35386 -3.4052,4.42689 -3.52852,3.90565 -7.66939,11.35239 -8.698,15.64204 -0.62672,2.61363 -6.17864,9.21392 -8.350206,9.92695 -0.959573,0.31508 -1.046386,1.06361 -0.33911,2.92388 0.522855,1.37521 1.251345,4.90711 1.618869,7.84868 0.568777,4.55237 0.364059,5.73496 -1.375672,7.94667 -1.663449,2.11473 -3.186783,2.73104 -8.183907,3.31102 l -6.140013,0.71262 -6.006294,-6.62659 -6.006296,-6.6266 -2.156879,4.45551 c -1.186284,2.45054 -3.351316,5.25676 -4.811184,6.23604 -3.045679,2.04304 -15.090253,3.34136 -17.687308,1.90656 z m 15.017829,-46.34141 c 2.347398,-3.0776 2.595916,-4.0705 2.029311,-8.1077 -0.919906,-6.55453 -2.407914,-10.80034 -5.607644,-16.00057 -1.536907,-2.49779 -2.794377,-5.43341 -2.794377,-6.5236 0,-2.49286 -2.546613,-4.88944 -3.188772,-3.00092 -0.237409,0.69821 -0.07294,2.59617 0.365486,4.21771 0.865136,3.19975 2.737594,17.4616 3.400014,25.89671 0.648575,8.2588 1.695531,8.89434 5.795982,3.51837 z m 30.264798,-19.71387 c 1.740155,-1.96126 3.827274,-4.79338 4.638044,-6.29357 0.81077,-1.50021 3.585704,-5.31295 6.166524,-8.47278 11.97648,-14.66338 15.72985,-19.75714 19.35191,-26.26271 2.14336,-3.84969 5.34965,-8.56204 7.12508,-10.47189 4.33668,-4.66502 10.59754,-13.45532 10.59754,-14.87903 0,-1.85538 -3.0992,-4.74318 -5.09039,-4.74318 -1.02748,0 -2.22683,-1.02399 -2.72066,-2.32285 -0.82332,-2.1655 -2.83728,-3.57366 -5.11108,-3.57366 -1.39411,0 -7.65297,6.85023 -9.42756,10.3183 -0.82989,1.62186 -2.66372,4.34955 -4.07518,6.06152 -4.39105,5.32596 -7.30491,9.40292 -12.56806,17.58475 -1.717385,2.66976 -3.957095,5.9597 -4.977136,7.31099 -1.020042,1.35128 -3.705613,5.86338 -5.967936,10.02691 -3.846068,7.07819 -4.113316,8.07586 -4.113316,15.35549 0,8.73401 0.789943,13.92765 2.118371,13.92765 0.489463,0 2.313695,-1.60468 4.053849,-3.56594 z m 328.965488,-1.85152 c 2.85004,-1.79915 3.91148,-3.13258 3.91148,-4.91376 0,-1.34451 0.52429,-2.44455 1.1651,-2.44455 1.5644,0 5.71415,-3.97121 5.71415,-5.4683 0,-0.65708 2.44427,-3.67832 5.43171,-6.71388 7.89929,-8.0265 8.75601,-12.00466 3.58777,-16.65957 -2.56092,-2.30655 -3.79292,-1.5211 -5.07348,3.23456 -0.94465,3.50817 -7.80867,14.6388 -11.85212,19.21931 -1.80522,2.04498 -8.80065,14.41322 -8.80065,15.55995 0,1.26002 2.0353,0.63603 5.91604,-1.81376 z m -11.77977,-35.61241 c 2.90935,-3.64846 5.85878,-7.29693 6.5543,-8.1077 4.23462,-4.93628 6.18869,-7.84184 6.18869,-9.20212 0,-0.85126 -2.32175,-3.07775 -5.15944,-4.94776 -2.8377,-1.87 -7.37064,-5.1586 -10.0732,-7.30799 -4.50057,-3.57938 -5.24431,-3.84763 -8.84476,-3.19017 -5.72663,1.04571 -12.41846,-2.51609 -14.38348,-7.65575 -0.75709,-1.98024 -1.35084,-2.23785 -3.95668,-1.71669 -2.90924,0.58185 -15.12039,10.04626 -16.88248,13.08499 -0.98814,1.70402 0.73375,6.27628 4.18319,11.10798 6.63635,9.29566 27.21825,23.09501 36.51867,24.48431 0.31101,0.0465 2.94584,-2.90064 5.85519,-6.5491 z m -74.31246,-45.31963 c 0.28898,-0.46758 2.1946,-1.07798 4.2347,-1.35645 5.21799,-0.71224 23.85568,-13.1444 23.85568,-15.91279 0,-0.59989 -2.41818,-3.51257 -5.37373,-6.47263 -9.27337,-9.28751 -16.00844,-22.57223 -17.74231,-34.99618 -0.36706,-2.63011 -1.24306,-6.55098 -1.94668,-8.71303 -0.70362,-2.16205 -1.55143,-6.36331 -1.88404,-9.33614 -0.3326,-2.97282 -1.07829,-7.17408 -1.65708,-9.33613 -0.57878,-2.16206 -1.4838,-6.1422 -2.01113,-8.84476 -0.52733,-2.70257 -1.45368,-7.12495 -2.05854,-9.82752 -1.01058,-4.51528 -1.56993,-17.02203 -1.67965,-37.55566 -0.0566,-10.59035 0.0423,-10.53802 -16.99221,-8.98852 -16.85891,1.53354 -22.8419,1.42466 -33.86887,-0.6164 -8.06625,-1.49304 -10.15128,-1.53133 -19.16365,-0.35202 -5.56194,0.72781 -16.96732,1.33378 -25.34528,1.3466 l -15.23264,0.0233 -0.32891,2.43357 c -0.18089,1.33846 -0.73369,2.8537 -1.22844,3.36718 -0.49474,0.51349 -0.89953,1.53803 -0.89953,2.27676 0,0.73874 -1.05428,2.75092 -2.34284,4.47152 -1.28856,1.7206 -3.75015,5.86251 -5.47021,9.20424 -1.72005,3.34173 -3.76144,6.60211 -4.53642,7.24529 -0.77498,0.64317 -1.40905,1.71225 -1.40905,2.37575 0,0.66348 -1.28971,2.98674 -2.86603,5.16279 -1.57633,2.17605 -3.74448,5.66974 -4.81812,7.76377 -1.07365,2.09403 -3.1593,4.91292 -4.63478,6.2642 -3.18323,2.91527 -10.72498,14.34565 -11.71175,17.75047 -1.15448,3.98349 -3.62557,9.05492 -6.43481,13.2062 -1.46311,2.16205 -3.41555,6.22773 -4.33876,9.03484 -0.92321,2.80712 -2.47129,6.1239 -3.44016,7.37064 -1.87862,2.41741 -10.89315,20.79002 -10.89315,22.20147 0,0.46238 -1.64829,2.76637 -3.66287,5.11995 -3.288,3.8413 -3.70057,4.94634 -4.03119,10.7974 -0.36415,6.44454 -0.32794,6.55358 3.2057,9.65617 1.9657,1.72591 3.975,3.13801 4.46512,3.13801 0.82293,0 6.80713,-7.44056 11.36392,-14.12952 4.92257,-7.22589 9.4751,-14.12903 11.031,-16.72664 0.93815,-1.56626 2.92188,-4.27807 4.40829,-6.02625 1.48641,-1.74817 2.7124,-3.56234 2.72442,-4.03151 0.012,-0.46916 0.88666,-1.9586 1.94365,-3.30989 1.05699,-1.35128 1.93163,-3.19394 1.94365,-4.0948 0.012,-0.90085 0.36067,-1.78532 0.77478,-1.9655 0.63219,-0.27505 6.00199,-8.62856 10.31829,-16.0516 0.62858,-1.08103 2.28428,-3.73446 3.67933,-5.89651 1.39504,-2.16205 3.07684,-5.0366 3.73733,-6.38788 0.66049,-1.35128 2.50531,-4.22583 4.09962,-6.38788 3.48216,-4.72219 3.54999,-5.53967 0.91181,-10.98939 -1.54441,-3.19035 -1.89016,-5.19849 -1.39729,-8.11572 0.81799,-4.84168 2.55687,-6.35948 6.38877,-5.57654 9.52869,1.94694 9.19836,1.937 8.55384,0.25744 -1.67902,-4.37548 6.79568,-2.06731 18.97219,5.16725 3.01573,1.79177 9.47274,3.94225 13.75852,4.58223 2.43231,0.3632 6.18112,1.55203 8.33069,2.64184 5.93723,3.01011 14.27259,9.46143 14.27259,11.04656 0,0.7747 0.91877,1.90026 2.04172,2.50125 1.12295,0.60098 1.82087,1.66825 1.55092,2.3717 -0.26993,0.70345 -0.12802,1.66456 0.31538,2.13581 0.4434,0.47126 1.75294,4.39473 2.9101,8.71883 2.66121,9.94446 8.60173,19.14579 14.86334,23.02201 4.84784,3.00103 7.33238,7.08677 12.59407,20.71043 5.82098,15.07177 10.04518,22.58724 14.68829,26.13251 4.417,3.37263 6.49318,4.06814 7.46241,2.49989 z M 452.37617,724.58332 c 3.82519,-1.74288 6.38519,-8.08478 6.60774,-16.36939 0.30913,-11.5081 4.25617,-15.58298 12.65633,-13.06624 3.73963,1.12042 7.04972,4.57946 8.09344,8.45761 0.29093,1.08103 0.79961,3.18166 1.13041,4.66807 0.72661,3.26507 2.8504,3.48835 4.93065,0.51839 1.93207,-2.75844 1.95366,-7.37173 0.0557,-11.91414 -2.17693,-5.21014 -1.8265,-7.55645 1.66691,-11.16074 3.46995,-3.58009 5.28812,-3.87845 11.10885,-1.823 3.41178,1.20479 4.12465,1.19927 5.39707,-0.0419 2.13098,-2.07851 1.41833,-13.78953 -1.0284,-16.90004 -3.43287,-4.36419 -9.9529,-8.33234 -14.07278,-8.56479 -3.13867,-0.1771 -4.53271,-0.92435 -6.93931,-3.71973 -3.90108,-4.53125 -9.39948,-13.31491 -9.39948,-15.01557 0,-1.94727 -7.95467,-9.26156 -10.07241,-9.26156 -0.99795,0 -2.83909,-1.1056 -4.09142,-2.45688 -1.25233,-1.35128 -2.82133,-2.45688 -3.48668,-2.45688 -2.50068,0 -7.06924,-4.27358 -9.03172,-8.44858 -1.11871,-2.37995 -2.59234,-4.32718 -3.27475,-4.32718 -1.49557,0 -8.09583,-7.19912 -10.8272,-11.80957 -5.07237,-8.56196 -9.6573,-17.12258 -14.69254,-27.4327 -3.0175,-6.17863 -7.33426,-13.69668 -9.59279,-16.70678 -4.50772,-6.00774 -12.33093,-13.82629 -13.83453,-13.82629 -1.55539,0 -9.54358,8.19742 -9.54358,9.79355 0,0.80806 3.71211,5.23698 8.24912,9.84203 10.6559,10.81571 23.69784,30.18917 31.75019,47.16411 3.45427,7.28188 6.87733,13.91545 7.6068,14.74127 0.72946,0.82584 3.58365,5.90125 6.34263,11.27869 4.49395,8.75898 5.01634,10.43285 5.01634,16.07352 0,5.17725 0.41097,6.78477 2.31217,9.04423 6.49069,7.71375 9.55517,32.68223 5.96968,48.6393 -2.7934,12.43193 -3.19635,14.71511 -2.73013,15.46946 0.59999,0.9708 0.78251,0.95176 3.72367,-0.38831 z m -20.87644,-45.57874 c -0.16467,-4.84705 -0.64776,-9.16324 -1.07353,-9.59154 -1.47986,-1.48861 -3.23211,2.21325 -3.72376,7.86695 -0.58508,6.72811 0.86469,11.39798 3.37974,10.88655 1.50816,-0.30667 1.68055,-1.42084 1.41755,-9.16196 z m -185.93195,-5.43782 c 6.40729,-0.62046 15.77038,-0.80496 21.62052,-0.42603 11.97822,0.77585 13.3331,0.78293 32.87337,0.17158 8.08086,-0.25283 17.36786,-0.0881 20.63777,0.3662 9.60545,1.33431 22.31684,1.82521 24.02144,0.92769 0.8684,-0.45724 2.32705,-1.06097 3.24145,-1.34164 2.76241,-0.84787 5.02563,-5.09777 3.86733,-7.26208 -1.80278,-3.36853 -23.67998,-5.8276 -28.56873,-3.21122 -1.29566,0.69342 -3.68451,0.90438 -5.93508,0.52415 -3.45996,-0.58455 -20.46327,-1.62731 -25.07739,-1.53792 -1.08103,0.0209 -7.90162,0.0832 -15.15689,0.13842 -7.25526,0.0552 -14.22518,0.49337 -15.4887,0.97377 -1.26353,0.48039 -10.55319,1.10065 -20.64369,1.37837 -16.23692,0.44687 -18.55566,0.31553 -20.16662,-1.14237 -1.64026,-1.48442 -1.97013,-1.49742 -3.33609,-0.13147 -2.06391,2.06392 -3.508,8.7553 -2.22352,10.303 1.81555,2.18761 9.79543,2.25852 30.33483,0.26955 z M 74.720765,668.57577 c 1.434722,-1.00301 3.179476,-1.82364 3.877231,-1.82364 0.697753,0 2.508997,-1.18834 4.024984,-2.64074 2.120093,-2.03118 2.756341,-3.5478 2.756341,-6.57024 0,-4.28778 2.953002,-8.47855 5.974371,-8.47855 0.935414,0 4.727909,-2.96575 8.427766,-6.59057 14.270722,-13.98128 16.329462,-14.99196 22.667002,-11.12779 4.29743,2.62026 9.12017,9.4951 9.12017,13.00086 0,3.75531 -2.02587,7.51245 -5.91705,10.97362 -2.29669,2.04288 -2.82489,3.02757 -1.92303,3.58495 1.33882,0.82744 6.50962,-0.6214 7.40852,-2.07583 0.30115,-0.48729 1.34961,-0.88598 2.3299,-0.88598 4.14917,0 10.81389,-9.83139 17.32145,-25.55153 3.86803,-9.3439 6.14286,-12.67047 9.67329,-14.14558 2.15174,-0.89906 5.93581,-5.00965 11.96191,-12.99408 4.84798,-6.42346 9.52324,-12.78461 10.38949,-14.13589 0.86623,-1.35129 3.88279,-4.75603 6.70345,-7.5661 2.82066,-2.81007 6.388,-7.09527 7.9274,-9.52266 1.53941,-2.42739 3.79112,-5.40564 5.00382,-6.61833 2.30002,-2.30002 8.7237,-12.4622 8.7237,-13.80078 0,-0.73182 -2.10501,-1.78778 -13.14638,-6.59476 -5.8256,-2.53624 -5.52589,-2.53231 -5.52589,-0.0724 0,2.62265 -2.20864,6.83923 -4.82044,9.20289 -1.14039,1.03203 -2.78755,3.24217 -3.66036,4.91143 -0.87282,1.66927 -3.76369,7.23629 -6.42416,12.37116 -7.43083,14.34199 -10.03892,19.11903 -10.73091,19.65503 -0.34891,0.27025 -1.56875,2.33461 -2.71075,4.58747 -1.14201,2.25285 -3.52317,6.16138 -5.29146,8.68563 -1.76831,2.52424 -3.71757,5.47409 -4.33171,6.55522 -0.61414,1.08113 -4.15205,5.68196 -7.86201,10.22405 -6.34827,7.77219 -6.96999,8.25887 -10.5604,8.26665 -4.4527,0.01 -9.05837,-2.56084 -12.19861,-6.80824 -2.51954,-3.40786 -4.12382,-3.7061 -7.61846,-1.41632 -2.53353,1.66002 -5.41208,1.48042 -10.76422,-0.67163 -2.51269,-1.01032 -13.389482,-2.09713 -18.180896,-1.81662 -0.81077,0.0475 -5.45427,0.18699 -10.318888,0.31006 -7.753405,0.19614 -9.683474,0.62805 -15.641996,3.50033 -7.474323,3.60296 -14.344731,10.01895 -19.87724,18.56255 -5.627785,8.69072 -3.928546,10.88769 7.332796,9.48067 5.054472,-0.63151 5.74133,-1.06708 11.76706,-7.46196 3.519594,-3.73522 7.135144,-6.7913 8.034555,-6.7913 0.89941,0 3.005638,-1.54784 4.680508,-3.43963 2.645521,-2.98817 3.636676,-3.43963 7.55146,-3.43963 4.545148,0 4.731471,0.11576 9.952553,6.18337 1.407579,1.6358 0.774569,2.48839 -8.904004,11.99261 -9.645733,9.47199 -10.332235,10.39433 -9.246492,12.42306 1.008056,1.88357 0.863021,2.44228 -1.032381,3.9771 -1.21286,0.98211 -3.482921,1.78566 -5.044581,1.78566 -2.502176,0 -2.83938,0.35151 -2.83938,2.95987 0,2.92817 0.04471,2.95296 4.176693,2.315 2.297181,-0.35466 5.350556,-1.46548 6.785278,-2.46848 z M 249.49878,636.18336 c 2.43231,-0.55197 12.60379,-1.4507 22.60328,-1.9972 9.99949,-0.5465 20.17097,-1.24645 22.60328,-1.55544 7.97844,-1.01356 39.44249,-0.53554 40.59477,0.61673 0.64996,0.64996 5.45765,1.07388 12.17897,1.07388 h 11.10509 v -4.48314 c 0,-3.98029 -3.4254,-18.29537 -5.98641,-25.01777 -0.51865,-1.36139 -1.33714,-6.22601 -1.81887,-10.81027 -1.63603,-15.56872 -8.18036,-38.09866 -12.58823,-43.33714 -1.44815,-1.72101 -4.95983,-4.15815 -7.80375,-5.41587 -4.34627,-1.92213 -5.90253,-3.38725 -9.76017,-9.18861 -5.88632,-8.85221 -6.82318,-14.83165 -3.01635,-19.25161 2.23149,-2.59088 3.04048,-2.86962 7.99353,-2.7541 3.97824,0.0928 6.52905,0.78233 9.17232,2.47951 2.01384,1.29305 4.95962,3.00506 6.54617,3.80447 3.04703,1.5353 6.76453,6.86457 10.83091,15.52684 2.16059,4.60249 2.72524,5.151 4.6893,4.55512 1.22811,-0.3726 3.1459,-1.5111 4.26177,-2.53001 1.11586,-1.0189 2.35128,-1.85254 2.74537,-1.85254 0.72135,0 3.82604,-2.73459 14.63005,-12.88606 6.5321,-6.13758 6.64239,-7.60095 0.82914,-11.00123 -2.64177,-1.54522 -3.03526,-1.57707 -3.03526,-0.24568 0,2.27255 -0.83273,1.9183 -5.41121,-2.302 -6.83083,-6.29644 -21.40831,-12.13869 -45.69185,-18.31204 -8.64832,-2.19857 -19.56116,-6.35819 -22.82642,-8.70071 -3.21436,-2.30598 -11.16393,-2.43547 -16.45643,-0.26806 -1.90675,0.78086 -6.5625,1.96995 -10.34609,2.64243 -3.78359,0.67248 -9.40131,2.48459 -12.48382,4.02691 -5.02531,2.51439 -5.66573,3.18606 -6.19636,6.49874 -0.3255,2.03199 -0.81132,4.579 -1.07963,5.66003 -1.79768,7.24326 -4.16857,19.59246 -3.85797,20.09502 0.2053,0.33219 -0.26246,3.63687 -1.03948,7.34372 -0.77702,3.70685 -2.51134,14.5279 -3.85403,24.04678 -1.34271,9.51889 -2.88956,18.8549 -3.43745,20.74669 -0.5479,1.8918 -1.44374,6.31418 -1.99076,9.82752 -1.11127,7.1373 -3.76733,16.7054 -5.0333,18.13176 -0.45574,0.51349 -0.82863,2.80913 -0.82863,5.10144 0,2.29231 -0.42964,4.43337 -0.95477,4.75791 -2.40113,1.484 -9.54388,22.89215 -8.52478,25.55044 0.4763,1.24238 17.03296,0.83167 23.23807,-0.57646 z M 228.03217,522.20635 c 2.98596,-15.17154 5.7449,-29.88415 5.74374,-30.62964 -0.003,-1.58814 -2.30594,-0.58419 -6.22216,2.71189 -7.67632,6.46074 -21.35454,17.15099 -23.2269,18.15305 -3.55351,1.90178 -3.39054,4.62894 0.48429,8.10423 3.50754,3.14587 18.66446,10.61996 20.61024,10.1632 0.54051,-0.12688 1.71537,-3.95312 2.61079,-8.50273 z m 33.47197,-63.18822 c 4.91988,-2.06752 10.0295,-3.55753 12.19968,-3.55753 1.07447,0 2.70539,-0.5528 3.62429,-1.22844 1.5717,-1.15564 1.56827,-1.9564 -0.0579,-13.51283 l -1.72856,-12.28439 -2.94825,0.14619 c -5.85279,0.29019 -23.40283,2.38515 -24.22192,2.89138 -1.75609,1.08532 -0.85392,10.40425 1.45221,15.0006 1.25975,2.51082 2.57079,6.29828 2.91343,8.41659 0.90241,5.57896 2.9834,6.55891 8.76698,4.12843 z m 41.79531,-28.17104 c 4.55232,-2.42925 6.72376,-2.97874 11.52876,-2.91739 7.6353,0.0975 11.12508,-0.70747 14.7648,-3.40571 4.74075,-3.51444 8.45567,-5.11853 14.74127,-6.36517 3.24308,-0.64321 8.19318,-1.88349 11.00022,-2.75619 4.93433,-1.53407 5.34203,-1.50937 12.28439,0.74385 3.94937,1.28182 7.84403,2.86229 8.6548,3.51217 5.45357,4.37132 11.67718,6.19215 26.59503,7.78081 31.39942,3.34387 35.41893,3.67932 36.08664,3.01161 0.63643,-0.63643 -3.48631,-4.67216 -13.76595,-13.47537 -3.93837,-3.37273 -6.65741,-8.75907 -6.65741,-13.18812 0,-4.85911 7.97689,-11.90061 12.26288,-10.8249 1.42323,0.35721 2.47839,0.19974 2.47839,-0.36989 0,-0.61017 2.55301,-0.83317 6.63357,-0.57945 3.64846,0.22687 9.95035,-0.0176 14.0042,-0.54326 4.05385,-0.52566 14.88868,-0.94905 24.07741,-0.94087 16.27681,0.0145 27.4607,-1.19718 28.63837,-3.10268 0.73468,-1.18874 -5.73555,-7.87284 -15.75464,-16.2754 -12.41297,-10.41022 -15.67662,-20.17089 -9.08237,-27.16283 2.82792,-2.99847 3.9443,-3.5096 7.66546,-3.5096 2.3955,0 4.7756,0.35695 5.28909,0.79322 0.51348,0.43627 4.02928,1.85481 7.81287,3.15233 5.84248,2.00357 8.8047,2.36538 19.65502,2.40072 7.84677,0.0255 14.67154,-0.47455 17.68953,-1.29625 6.93272,-1.88758 18.18038,-7.27659 18.18066,-8.71077 1.6e-4,-0.81209 0.95475,-1.01297 2.93335,-0.61724 4.32402,0.8648 4.98708,-1.89118 1.37124,-5.69941 -5.83779,-6.14839 -10.34526,-9.08032 -13.8089,-8.98214 -2.8054,0.0795 -3.91428,-0.60537 -6.98818,-4.31623 -2.00952,-2.42592 -5.31207,-5.26608 -7.33899,-6.31148 -2.02693,-1.04541 -3.68532,-2.25112 -3.68532,-2.67936 0,-0.42824 -2.10063,-1.75588 -4.66807,-2.95032 -2.56744,-1.19444 -8.38155,-4.37298 -12.92025,-7.06342 -4.5387,-2.69044 -8.53958,-4.89171 -8.89084,-4.89171 -1.13502,0 -14.16804,-8.84955 -18.90371,-12.83581 -2.52928,-2.12904 -4.98539,-3.87096 -5.45804,-3.87096 -1.55581,0 -6.89158,-6.30519 -9.14818,-10.81027 -4.30853,-8.60151 -6.61416,-13.30689 -8.18891,-16.71205 -2.19579,-4.74806 -6.5111,-18.53363 -6.5111,-20.80015 0,-2.02813 -3.43294,-13.14169 -4.82665,-15.62546 -4.78965,-8.53581 -12.8716,-36.0043 -14.29264,-48.57709 -1.2312,-10.89315 -3.96708,-16.42708 -12.28191,-24.84304 -7.11373,-7.20027 -18.40751,-12.42638 -28.91049,-13.37814 -4.24736,-0.38488 -12.63029,-1.58352 -18.62876,-2.66364 -10.32251,-1.85873 -18.47996,-1.94409 -33.09319,-0.3463 -1.35128,0.14775 -7.32149,0.55623 -13.26714,0.90774 -5.94564,0.35151 -13.24257,1.32333 -16.2154,2.1596 -10.43813,2.93631 -23.10955,7.43292 -24.57058,8.71918 -0.81176,0.71466 -2.58071,1.77596 -3.931,2.35844 -1.35029,0.58249 -4.66627,2.39215 -7.36884,4.02147 -2.70256,1.62931 -6.56925,3.68177 -8.59262,4.56101 -2.58069,1.12141 -4.16612,2.70298 -5.31112,5.29818 -1.59636,3.61822 -3.1091,4.83978 -8.32828,6.72527 -2.15933,0.78008 -3.35526,0.40686 -7.37879,-2.30274 -5.78492,-3.89579 -17.08466,-16.43605 -15.33552,-17.0191 1.6823,-0.56077 1.52999,-3.1891 -0.18482,-3.1891 -0.7693,0 -2.71266,-1.10559 -4.31856,-2.45687 -1.60591,-1.35129 -3.60381,-2.45688 -4.43979,-2.45688 -0.83596,0 -1.81107,-0.47105 -2.16688,-1.04677 -0.42613,-0.6895 -1.25554,-0.49601 -2.43005,0.56692 -1.64813,1.49154 -3.02118,1.49639 -18.13802,0.064 -19.196,-1.81888 -28.2254,-1.95224 -32.9588,-0.48678 -1.88823,0.5846 -7.6344,1.67469 -12.76928,2.42243 -17.83107,2.59655 -20.89822,3.22951 -26.0429,5.37433 -1.08103,0.45068 -6.24251,2.43285 -11.46997,4.40483 -5.22745,1.97197 -10.65326,4.54824 -12.05735,5.72504 -5.38492,4.51319 -16.274113,15.94431 -16.274113,17.08403 0,0.65698 -2.006144,3.65752 -4.458097,6.66785 -2.451955,3.01033 -4.883208,6.45489 -5.402786,7.65456 -0.519578,1.19968 -1.491044,2.94685 -2.158815,3.88261 -0.981962,1.37603 -0.935431,1.97961 0.243342,3.15645 1.287061,1.28495 2.721405,1.26754 12.267732,-0.14892 13.020867,-1.93201 29.135547,-1.73476 33.398297,0.40879 1.62993,0.81963 4.35325,2.80812 6.05184,4.41888 l 3.08832,2.92865 19.51496,-0.39872 c 19.35479,-0.39544 19.60365,-0.42821 30.3252,-3.99297 16.05011,-5.33645 24.08651,-7.58217 27.13317,-7.58217 1.49861,0 2.96192,-0.38375 3.25179,-0.85278 0.28988,-0.46903 4.40668,-1.61582 9.14845,-2.54842 4.74178,-0.93261 11.71707,-2.38 15.50066,-3.21642 16.36275,-3.61722 54.93849,-1.02994 63.1072,4.23262 1.19714,0.77124 3.00529,1.40225 4.01812,1.40225 2.4681,0 20.96936,9.10016 22.67185,11.15154 0.7414,0.89333 1.91666,1.62423 2.6117,1.62423 2.30237,0 11.83027,8.56971 16.01391,14.40345 6.46319,9.01239 8.6907,12.59008 13.10319,21.04561 2.26358,4.33763 4.48117,8.11255 4.92797,8.38868 0.44679,0.27614 0.81235,1.35201 0.81235,2.39084 0,2.13995 1.34496,2.54412 10.95048,3.29069 6.71964,0.52228 20.89125,4.85117 26.60355,8.12637 3.90104,2.23671 13.26334,15.98503 16.59444,24.36859 2.01012,5.05896 2.35973,7.61343 2.35973,17.24205 0,13.08218 -1.26647,16.87518 -8.46008,25.3377 -2.37363,2.79232 -5.86352,7.07581 -7.75532,9.51886 -6.0952,7.8713 -12.06166,13.70286 -16.15328,15.78803 -2.19621,1.11925 -6.80575,4.11294 -10.24343,6.65267 -3.43766,2.53972 -6.85001,4.61767 -7.58298,4.61767 -1.94012,0 -8.64314,3.24266 -9.52113,4.60595 -0.41311,0.64148 -3.11954,3.95826 -6.01428,7.37063 -2.89473,3.41238 -6.05228,7.75215 -7.01677,9.64395 -2.49563,4.89503 -16.74405,22.25828 -19.5156,23.78191 -8.21047,4.51356 -10.55499,5.77805 -15.83977,8.54296 -3.24308,1.69673 -7.02307,3.85194 -8.39997,4.78938 -1.3769,0.93743 -4.18724,2.77048 -6.24517,4.07344 -3.46664,2.19486 -3.69881,2.62834 -3.15818,5.89651 0.32095,1.94012 0.58841,5.18588 0.59435,7.21281 0.006,2.02692 0.24029,3.68531 0.52077,3.68531 0.28047,0 3.03386,-1.34684 6.11866,-2.99298 z m -81.21039,-22.61598 c 1.06899,-0.57211 8.88964,-1.4245 17.37923,-1.89422 13.6312,-0.75418 16.46958,-1.223 24.28039,-4.01046 4.86461,-1.73605 9.71708,-3.75819 10.78324,-4.49368 1.06616,-0.73547 2.85775,-1.33723 3.98129,-1.33723 1.12354,0 4.76516,-1.76895 8.09248,-3.931 3.32733,-2.16205 6.43761,-3.93101 6.91175,-3.93101 0.47413,0 3.25712,-1.67135 6.18442,-3.71412 2.9273,-2.04276 6.8702,-4.45373 8.762,-5.3577 7.62557,-3.6438 21.63917,-21.41997 25.64764,-32.5339 1.12748,-3.12607 3.15879,-6.20715 5.28956,-8.02322 1.90255,-1.62154 3.45916,-3.3321 3.45913,-3.80126 -2e-5,-0.46916 -1.32037,-2.35678 -2.93409,-4.19471 -1.61373,-1.83795 -3.2225,-4.49098 -3.57505,-5.89565 -1.23681,-4.9278 8.16821,-27.87531 11.42467,-27.87531 0.53952,0 0.98094,-0.85837 0.98094,-1.9075 0,-1.04912 0.44224,-2.18082 0.98275,-2.51488 1.76518,-1.09094 1.04279,-4.35224 -2.53992,-11.46653 -2.74885,-5.4585 -3.39006,-7.70193 -2.919,-10.21292 0.52808,-2.81492 1.07659,-3.29772 4.38068,-3.85594 7.05007,-1.19111 11.92164,2.49906 25.15565,19.05511 2.70256,3.38098 6.72767,8.17421 8.9447,10.65163 l 4.03095,4.50439 3.58537,-2.73469 c 2.54044,-1.93768 3.58538,-3.49613 3.58538,-5.3473 0,-1.57581 1.25081,-3.96699 3.15193,-6.02555 3.73353,-4.0427 4.27674,-9.86746 1.14952,-12.32597 -6.54655,-5.14668 -16.7016,-7.31306 -24.97581,-5.32811 -3.64489,0.8744 -5.63022,0.87788 -8.24638,0.0145 -3.6471,-1.20363 -8.42381,-6.04575 -8.42381,-8.53912 0,-0.81722 -1.98791,-3.75833 -4.41758,-6.5358 -2.54386,-2.90802 -5.08787,-7.1436 -5.99791,-9.98608 -0.8692,-2.71487 -4.71389,-10.24299 -8.54375,-16.72915 -6.80599,-11.52646 -12.27432,-18.1809 -14.94026,-18.1809 -0.73081,0 -2.57883,-1.02477 -4.10671,-2.27727 -6.67326,-5.47047 -17.47809,-10.78486 -22.92437,-11.27543 -2.97282,-0.26777 -6.35353,-1.10729 -7.51268,-1.86558 -1.7363,-1.13586 -8.57422,-1.32281 -38.81867,-1.06128 -34.30756,0.29665 -36.95032,0.44438 -40.36444,2.2563 -2.00932,1.06638 -3.66771,2.43009 -3.68532,3.03047 -0.0346,1.1794 11.85013,9.22729 13.62638,9.22729 0.59309,0 3.26039,-1.56765 5.92735,-3.48367 7.26237,-5.21749 17.13003,-7.68007 27.50669,-6.86458 4.96156,0.38991 9.70944,1.38265 11.86005,2.47981 4.88167,2.49044 10.47215,8.89836 11.72646,13.44112 2.00713,7.2692 -3.54637,9.44183 -19.57587,7.65844 -4.77379,-0.53112 -5.80689,-0.30771 -8.84476,1.91271 -7.47867,5.46625 -9.46684,6.46817 -12.77577,6.4382 -1.89179,-0.0171 -4.54522,-0.66317 -5.8965,-1.43563 -1.48704,-0.85007 -5.26644,-1.41823 -9.57431,-1.4393 -6.5351,-0.0319 -7.81033,-0.40331 -15.58648,-4.5386 -4.65799,-2.47707 -10.83147,-6.01498 -13.71884,-7.86201 -5.4047,-3.45735 -7.72703,-4.0854 -8.78381,-2.37549 -0.33406,0.54052 -1.2408,0.98275 -2.01499,0.98275 -0.77421,0 -3.36605,1.43728 -5.75968,3.19395 -2.39363,1.75666 -6.37761,4.39308 -8.85326,5.85869 -2.47567,1.46561 -4.50122,3.36362 -4.50122,4.2178 0,1.49694 9.18667,6.27159 14.74127,7.66159 1.35128,0.33814 6.74321,4.72209 11.98206,9.74211 11.1249,10.66018 12.50376,13.6786 10.59733,23.19818 -1.7322,8.64946 -10.51794,25.31425 -16.12075,30.57782 -1.3902,1.30603 -2.52764,2.76808 -2.52764,3.24901 0,2.15537 4.92621,11.35322 6.37921,11.91079 1.07968,0.41431 1.51125,1.51655 1.30293,3.32767 -0.25085,2.18079 -1.33773,3.20835 -5.58143,5.27675 -6.43856,3.13819 -9.47523,7.30245 -8.05299,11.04324 0.53296,1.40177 1.98598,2.80392 3.22895,3.11588 2.65514,0.6664 11.49908,-3.15105 16.23616,-7.00827 2.85067,-2.32119 3.19143,-2.40233 3.17049,-0.75494 -0.0559,4.40276 -1.98795,9.65319 -4.56587,12.40807 -3.2746,3.49938 -17.66891,13.03828 -23.7022,15.70708 -5.21433,2.30655 -9.64394,1.19947 -13.49021,-3.37156 -5.30696,-6.30695 -6.67344,-10.3932 -6.0836,-18.19212 0.41716,-5.51588 0.24657,-7.16259 -0.74202,-7.16259 -0.70604,0 -1.53004,-0.94191 -1.83109,-2.09314 -0.40632,-1.55374 -1.00568,-1.91013 -2.32581,-1.383 -0.97815,0.39059 -4.36011,0.9552 -7.51548,1.2547 -3.45365,0.32783 -5.93746,1.06683 -6.24058,1.85676 -0.27695,0.72171 0.20409,3.38898 1.06897,5.92726 0.86488,2.53829 1.57251,5.70801 1.57251,7.04382 0,1.33582 2.18335,7.18566 4.85189,12.99967 2.66854,5.81402 5.13431,12.2709 5.47948,14.34865 0.8879,5.34465 2.4357,9.10521 5.51598,13.40167 4.97175,6.93472 9.73983,11.56146 12.47929,12.10935 1.49994,0.3 3.14754,1.46275 3.66135,2.5839 0.63996,1.39647 3.7198,3.02417 9.77894,5.16822 4.86462,1.72137 10.17148,3.80561 11.79302,4.63165 1.62153,0.82604 8.25511,2.03776 14.74126,2.69269 6.48616,0.65495 12.45638,1.32358 13.26715,1.48586 3.3726,0.67504 7.13005,0.45798 8.95207,-0.51713 z m -22.37358,-17.62242 c -3.65648,-1.62626 -5.47144,-3.98101 -5.6885,-7.38031 -0.0345,-0.54051 -0.60968,-1.94158 -1.27816,-3.11349 -1.75984,-3.08519 -0.5101,-7.56197 3.04889,-10.92157 2.41614,-2.28078 4.32808,-3.05301 8.77357,-3.54358 5.18002,-0.57163 7.16527,-1.21377 11.51396,-3.72426 0.81077,-0.46806 3.02295,-1.61548 4.91596,-2.54982 1.893,-0.93435 4.54643,-2.49086 5.8965,-3.45893 5.17753,-3.71252 22.04084,-14.45528 22.69099,-14.45528 0.37541,0 0.93966,-0.66999 1.2539,-1.48888 0.31423,-0.81887 1.5777,-1.92086 2.8077,-2.44884 1.23001,-0.528 5.0819,-2.97561 8.55976,-5.43914 8.49491,-6.01736 11.29284,-5.82681 15.0285,1.02348 5.91702,10.85037 3.18584,16.83961 -12.60958,27.65174 -3.83993,2.62847 -9.58902,6.58023 -12.77576,8.78167 -4.84503,3.34702 -15.06506,9.70506 -21.0267,13.08104 -3.74735,2.12206 -14.67235,7.09598 -18.55015,8.44549 -5.41113,1.8831 -7.46282,1.80808 -12.56088,-0.45932 z m 45.36092,-65.10656 c -1.08103,-0.63706 -4.75339,-1.45345 -8.16081,-1.81422 -6.26694,-0.66351 -11.00284,-3.45059 -11.00284,-6.47517 0,-2.1214 -3.74676,-5.23383 -6.30052,-5.23383 -2.74866,0 -7.14198,-4.71524 -8.08255,-8.67481 -0.70371,-2.96242 -6.78249,-14.49881 -9.02218,-17.12241 -1.30469,-1.52833 -1.29658,-1.91129 0.0728,-3.43963 1.63871,-1.82888 5.72642,-12.61035 5.04099,-13.29578 -0.22365,-0.22365 0.26252,-2.00817 1.08038,-3.96559 0.81787,-1.95743 1.48703,-4.72299 1.48703,-6.14568 0,-1.64963 1.25554,-3.84225 3.46571,-6.05243 2.95855,-2.95854 3.94611,-3.38775 6.74858,-2.93297 2.99569,0.48614 3.54581,0.1597 6.28875,-3.73174 3.49325,-4.95592 13.73599,-11.97263 18.80869,-12.88476 1.92882,-0.34682 4.06829,-1.0764 4.75438,-1.62129 2.24703,-1.78458 21.70868,-1.37803 28.12119,0.58745 l 5.78261,1.77241 3.06215,-2.85898 c 1.68419,-1.57243 4.61,-3.77013 6.5018,-4.88377 l 3.43963,-2.0248 6.38788,2.00298 c 3.51334,1.10164 6.94068,2.15059 7.61632,2.331 0.67564,0.1804 1.22844,1.22636 1.22844,2.32436 0,1.47426 -0.64251,1.99634 -2.45688,1.99634 -7.39797,1.33295 -5.11675,7.27341 -8.35338,10.31889 -2.51112,2.27252 -2.50155,5.44136 0.0261,8.65479 1.0954,1.39258 2.6662,4.14641 3.49065,6.11961 l 1.49901,3.58764 5.84549,-0.67844 c 3.21501,-0.37314 5.84547,-0.33184 5.84547,0.0918 0,0.42362 -0.99504,1.83277 -2.21119,3.13143 -1.83551,1.96005 -2.21119,3.47354 -2.21119,8.9081 v 6.54689 l -3.68532,0.30501 c -2.23592,0.18506 -3.68532,0.81335 -3.68532,1.59752 0,1.99983 -4.78117,12.33711 -7.18401,15.53243 -5.66714,7.53623 -11.48077,13.00244 -18.28773,17.19485 -4.09773,2.52381 -8.77714,5.56088 -10.39868,6.74905 -1.62154,1.18817 -4.66065,2.86716 -6.75358,3.73106 -4.4596,1.84082 -15.90824,2.05563 -18.79795,0.35271 z m 16.05036,-28.0188 c 0.99025,-0.9459 3.312,-3.08493 5.15945,-4.75342 6.70522,-6.0557 10.56438,-10.8593 14.12847,-17.5861 3.17305,-5.98874 3.55287,-7.41084 2.98707,-11.18386 -0.84691,-5.64763 -4.91499,-9.49459 -10.90914,-10.31618 -5.95673,-0.81646 -17.87883,1.79159 -20.85194,4.56152 -2.5636,2.38841 -2.57726,0.99528 0.19481,19.8687 0.7145,4.86462 1.15103,11.01863 0.97006,13.67559 -0.18096,2.65695 0.16073,5.42093 0.75932,6.14219 1.52857,1.84182 5.42654,1.63127 7.5619,-0.40844 z m 103.84529,27.40886 c 8.03964,-7.74529 8.00872,-7.68501 5.37807,-10.48521 -1.25458,-1.33543 -2.80447,-2.42807 -3.44419,-2.42807 -0.63972,0 -2.80092,2.65343 -4.80266,5.89651 -2.00174,3.24308 -4.05468,5.89651 -4.56206,5.89651 -1.04865,0 -1.26512,4.2436 -0.26737,5.24134 1.33655,1.33655 2.90437,0.49725 7.69821,-4.12108 z M 158.57663,282.85306 c 4.67517,-5.73926 12.30205,-20.45225 12.30205,-23.73184 0,-1.02946 -0.87999,-2.66814 -1.95555,-3.64149 -2.2979,-2.07958 -11.20692,-3.24264 -12.22464,-1.5959 -0.3724,0.60253 -1.34384,1.09551 -2.15877,1.09551 -1.67801,0 -8.21377,4.62938 -9.70395,6.87345 -2.2553,3.39628 -2.45505,6.36867 -0.598,8.89859 2.85532,3.88988 6.98589,12.46145 6.98589,14.49679 0,1.9339 0.79905,3.14471 2.0753,3.14471 0.42073,0 2.79568,-2.49292 5.27767,-5.53982 z m 273.89815,263.94199 c 0.23648,-0.70943 1.01039,-1.48334 1.71982,-1.71982 0.73706,-0.24568 1.10559,0.12285 0.8599,0.85991 -0.23648,0.70942 -1.01039,1.48334 -1.71981,1.71982 -0.73707,0.24568 -1.1056,-0.12285 -0.85991,-0.85991 z"
         id="path72" />
      <path
         style="fill:#ff0000;fill-opacity:1;stroke:none;stroke-width:0.930918;stroke-dashoffset:0.5"
         d="m 205.87477,407.54609 c -16.30457,-1.99269 -38.85229,-9.07312 -41.87192,-13.1486 -0.67734,-0.91418 -3.0514,-2.60253 -5.27569,-3.75189 -5.22556,-2.7002 -14.49794,-15.30936 -15.60756,-21.22415 -0.47448,-2.5292 -2.83975,-9.34861 -5.25615,-15.15425 -2.41641,-5.80563 -5.37361,-14.32809 -6.57157,-18.93879 l -2.17811,-8.3831 2.75687,-1.04817 c 1.51627,-0.57648 4.71595,-1.21693 7.1104,-1.42323 6.44105,-0.55493 8.39619,2.05909 8.39619,11.22567 0,8.43361 1.0385,11.12073 6.547,16.9405 4.9439,5.22327 10.05227,5.295 18.96266,0.26628 16.22254,-9.15543 22.5199,-15.82513 22.5199,-23.85141 0,-3.91556 -0.0652,-3.91787 -5.54776,-0.19728 -5.38197,3.6523 -12.38723,6.08733 -14.82323,5.15255 -2.70944,-1.03972 -2.15616,-6.16611 0.97444,-9.02865 1.52401,-1.39352 4.57204,-3.44401 6.7734,-4.55665 2.85247,-1.44172 4.00246,-2.87761 4.00246,-4.99748 0,-1.63598 -0.5621,-3.32191 -1.24912,-3.74651 -1.16854,-0.72219 -6.14004,-9.61332 -6.14004,-10.98095 0,-0.34209 1.5975,-2.44237 3.55,-4.66729 9.57024,-10.90554 17.1638,-30.82177 14.92359,-39.14128 -1.88586,-7.00357 -17.0329,-20.98489 -28.09151,-25.92959 -4.87024,-2.17767 -8.85499,-4.41873 -8.85499,-4.98014 0,-1.14414 11.97227,-9.48301 18.24,-12.70444 l 4.07743,-2.09568 13.44428,7.55661 c 11.44388,6.43225 14.77686,7.72029 22.40039,8.65671 4.92587,0.60506 11.05904,1.45619 13.62927,1.89139 3.98035,0.67397 5.74119,0.13205 11.87748,-3.65549 6.98267,-4.30995 7.48304,-4.42589 16.26281,-3.76833 11.8897,0.89047 15.2772,-0.75132 15.06818,-7.30293 -0.11084,-3.47378 -1.19221,-5.72379 -4.31034,-8.96835 -6.71939,-6.99185 -10.21303,-8.2755 -22.74721,-8.35783 -10.65774,-0.07 -11.65396,0.15904 -20.73449,4.76742 l -9.53884,4.84098 -4.17396,-2.24782 c -2.29568,-1.23631 -5.09962,-3.27068 -6.23099,-4.52083 -1.95214,-2.15709 -1.83008,-2.36782 2.39352,-4.13256 3.61843,-1.51188 11.06157,-1.85956 39.80907,-1.85956 19.4472,0 37.06043,0.51091 39.14055,1.13536 2.08011,0.62445 6.87504,2.00875 10.65543,3.07622 3.78038,1.06748 9.87783,4.02024 13.5499,6.56169 3.67207,2.54145 8.12298,5.36646 9.89092,6.2778 3.8228,1.97057 14.26142,17.40619 19.80078,29.27944 4.78247,10.25096 15.1962,25.89574 18.81576,28.26737 1.85877,1.21791 5.86283,1.63812 13.64791,1.43231 9.42952,-0.24929 11.86113,0.12424 16.87181,2.59179 7.54042,3.71334 8.55373,7.07894 4.13958,13.74918 -1.77134,2.67667 -3.22062,5.61323 -3.22062,6.5257 0,1.65035 -4.97257,7.01447 -6.50245,7.01447 -0.44101,0 -5.8597,-5.95751 -12.04155,-13.23892 -13.83373,-16.29431 -18.44218,-20.01231 -24.80523,-20.01231 -7.38296,0 -8.22423,3.36356 -3.69559,14.77568 3.60729,9.09033 3.61076,9.12456 1.30667,12.87141 -5.43819,8.84342 -10.93845,21.40402 -11.64618,26.59566 -0.66377,4.86905 -0.33892,6.10149 2.49638,9.47104 l 3.25943,3.87362 -4.35815,5.7095 c -2.39698,3.14022 -4.35815,6.42721 -4.35815,7.30443 0,2.87003 -11.87427,19.63882 -18.01296,25.43783 -5.40362,5.10461 -12.18911,9.65212 -26.93778,18.05317 -12.01887,6.84611 -27.8975,12.54239 -38.46505,13.79889 -30.67724,3.64757 -35.45654,3.96373 -44.04727,2.91379 z m 18.4819,-21.22687 c 15.74819,-7.72582 44.29906,-26.75219 50.91558,-33.93026 3.99838,-4.33773 5.10991,-6.49787 5.10991,-9.93051 0,-6.08378 -4.21845,-13.91648 -8.00709,-14.86738 -3.20761,-0.80506 -4.12885,-0.26436 -34.56294,20.28616 -14.78975,9.98672 -29.04831,17.38601 -33.50318,17.38601 -4.23889,0 -9.36883,3.04311 -11.34054,6.72729 -1.43842,2.68771 -1.47259,4.22588 -0.1996,8.98544 2.39641,8.9599 5.18623,11.15791 14.34613,11.3028 3.52323,0.0558 8.45502,-1.64892 17.24173,-5.95955 z m 49.33682,-66.11942 c 14.89941,-9.34307 25.22107,-19.68734 30.00886,-30.07456 3.37067,-7.31279 4.5928,-8.8313 7.59007,-9.43075 3.39098,-0.6782 3.5725,-1.03887 3.5725,-7.09858 0,-3.70677 0.75827,-7.38661 1.80813,-8.77463 2.86313,-3.7854 2.2608,-4.4469 -3.71455,-4.07944 -5.57755,0.34299 -5.61649,0.31732 -9.29673,-6.12655 l -3.69573,-6.47098 3.22938,-6.60063 c 2.2268,-4.55141 4.1572,-6.83349 6.21791,-7.3507 1.84785,-0.46377 2.98853,-1.64043 2.98853,-3.08275 0,-1.79071 -1.78832,-2.87656 -7.69704,-4.67358 -8.49606,-2.5839 -9.94837,-2.21249 -17.21318,4.40207 -3.09383,2.81691 -3.73591,2.94481 -8.1478,1.62298 -2.63412,-0.78921 -10.10755,-1.43492 -16.60763,-1.43492 -15.40905,0 -22.92116,2.70789 -32.74597,11.80393 -4.60557,4.26395 -8.28219,6.66898 -10.19498,6.66898 -5.12655,0 -9.16858,5.74692 -12.06538,17.15445 -1.44988,5.70958 -3.45898,11.97225 -4.46468,13.91705 -1.75491,3.39362 -1.57089,4.06092 4.57028,16.57337 5.75559,11.72685 6.86751,13.2215 11.06159,14.86898 3.00478,1.18031 5.17658,3.07199 6.10771,5.31994 2.26057,5.45749 16.42011,9.78252 30.27962,9.24889 8.10485,-0.31205 9.49956,-0.79561 18.40909,-6.38257 z"
         id="path76" />
      <path
         style="fill:#ff0000;fill-opacity:1;stroke:none;stroke-width:0.930918;stroke-dashoffset:0.5"
         d="m 357.32983,328.28057 c -0.701,-1.13423 7.13948,-14.04716 9.36389,-15.42192 0.43873,-0.27115 1.72587,0.53264 2.86033,1.7862 1.94273,2.14669 1.87506,2.50212 -1.16401,6.11386 -4.54205,5.39792 -10.0555,9.14752 -11.06021,7.52186 z"
         id="path85" />
      <path
         style="fill:#ff0000;fill-opacity:1;stroke:none;stroke-width:0.930918;stroke-dashoffset:0.5"
         d="m 254.93923,458.55141 c -2.24047,-3.60115 -6.47633,-17.90387 -6.52448,-22.03043 -0.0597,-5.11534 0.25837,-5.23867 17.31815,-6.71512 l 9.36551,-0.81054 1.58562,11.98005 c 1.67444,12.65108 1.27946,14.12162 -3.80612,14.17049 -1.07931,0.0104 -5.18392,1.12723 -9.12137,2.48191 -8.47364,2.91536 -7.63295,2.82729 -8.81731,0.92364 z"
         id="path87" />
      <path
         style="fill:#ff0000;fill-opacity:1;stroke:none;stroke-width:0.930918;stroke-dashoffset:0.5"
         d="m 65.09664,668.54092 c 0.226779,-1.17756 1.514335,-2.34556 2.861238,-2.59556 3.740321,-0.69426 5.527729,-2.642 5.527729,-6.0236 0,-2.15507 2.751521,-5.8969 9.236453,-12.56079 5.080049,-5.22023 9.236453,-10.04059 9.236453,-10.71191 0,-2.84857 -6.991389,-7.83903 -10.98211,-7.83903 -4.3395,0 -6.763344,1.64326 -20.435996,13.85468 -7.624456,6.80962 -8.189681,7.08129 -14.733096,7.08129 -4.77342,0 -6.804463,-0.47943 -6.804463,-1.60619 0,-2.86758 6.846275,-12.42446 12.823126,-17.90011 9.450086,-8.65763 14.869059,-10.43901 32.127613,-10.56136 8.84015,-0.0627 17.594653,0.58587 21.787323,1.614 5.7856,1.41876 7.6791,1.4412 10.84814,0.12853 3.66931,-1.51987 4.04692,-1.38735 8.53539,2.99552 3.31813,3.24007 6.14056,4.77947 9.61815,5.24591 4.80679,0.64473 5.07479,0.47686 11.45808,-7.17733 9.17395,-11.00045 17.83937,-24.61048 29.93628,-47.01831 5.7335,-10.6205 11.86054,-21.01659 13.61567,-23.10243 1.75511,-2.08584 3.19112,-4.85829 3.19112,-6.161 0,-1.30271 0.22543,-2.36856 0.50096,-2.36856 1.67182,0 16.74042,7.46674 16.74042,8.29516 0,2.03673 -11.09516,17.21929 -20.93741,28.65065 -3.79067,4.40271 -11.24033,13.71263 -16.55479,20.68871 -5.31445,6.97608 -11.20429,13.481 -13.08854,14.45538 -2.55367,1.32056 -5.18075,5.42153 -10.31852,16.10764 -8.60351,17.89454 -10.7003,20.83848 -17.01491,23.88937 -7.35568,3.55388 -9.46777,3.19377 -5.52267,-0.94159 7.26911,-7.6197 6.6363,-14.59192 -2.01371,-22.18673 -7.39386,-6.4919 -9.67179,-5.68342 -25.427364,9.02464 -3.747628,3.49846 -7.982977,6.7319 -9.411889,7.18542 -2.47607,0.78588 -3.622553,2.89601 -6.091005,11.21066 -1.772045,5.96889 -19.798808,13.99275 -18.707672,8.32694 z"
         id="path89" />
      <path
         style="fill:#ff0000;fill-opacity:1;stroke:none;stroke-width:0.930918;stroke-dashoffset:0.5"
         d="m 449.10137,723.71814 c 0,-0.63307 0.87013,-5.20511 1.93363,-10.1601 3.75135,-17.47814 1.73121,-42.01398 -4.2848,-52.04179 -1.24242,-2.07093 -2.59502,-6.79297 -3.00578,-10.49343 -0.80101,-7.21619 -0.95005,-7.54634 -17.22752,-38.16257 -12.98396,-24.42149 -21.52297,-37.35617 -32.90177,-49.83882 -4.70424,-5.16059 -8.55317,-9.8175 -8.55317,-10.34867 0,-0.53117 1.98223,-2.87558 4.40494,-5.20981 l 4.40495,-4.24405 7.60244,8.07536 c 6.00856,6.38232 9.92622,12.54941 18.6862,29.4154 8.2507,15.88545 12.81504,23.18164 17.85714,28.54492 3.72537,3.96268 7.77108,8.60091 8.99046,10.30718 1.21939,1.70626 5.65288,5.28643 9.85222,7.95593 12.13198,7.71225 13.04536,8.5197 15.81214,13.97827 5.60334,11.05483 9.76984,15.57041 16.10171,17.45078 11.70252,3.47527 16.24401,9.11294 15.51715,19.26253 -0.42012,5.86647 -0.87848,6.07258 -9.26621,4.16658 -3.40607,-0.77398 -4.49001,-0.36141 -7.83278,2.98135 -3.10405,3.10405 -3.72775,4.54851 -3.11983,7.22536 1.91315,8.42416 2.21884,11.44176 1.4638,14.45007 -1.09615,4.36742 -3.09265,3.38016 -5.10986,-2.52678 -2.14604,-6.28423 -6.92612,-10.43033 -11.99718,-10.40602 -6.67536,0.032 -8.65214,2.71348 -9.97274,13.52794 -1.1449,9.37569 -2.98981,14.5805 -5.67822,16.01931 -2.84495,1.52257 -3.67692,1.53864 -3.67692,0.0711 z"
         id="path91" />
      <path
         style="fill:#ff0000;fill-opacity:1;stroke:none;stroke-width:0.930918;stroke-dashoffset:0.5"
         d="m 430.86855,682.38146 c 0.0251,-2.03202 0.30111,-2.7142 0.61335,-1.51597 0.31225,1.19824 0.29171,2.8608 -0.0456,3.69458 -0.33734,0.83379 -0.59282,-0.14659 -0.56772,-2.17861 z"
         id="path93" />
      <path
         style="fill:#ff0000;fill-opacity:1;stroke:none;stroke-width:0.930918;stroke-dashoffset:0.5"
         d="m 427.98485,684.94004 c -1.49005,-3.27032 -0.44428,-13.72655 1.49258,-14.92359 0.708,-0.43757 1.06007,2.95385 0.89194,8.59198 -0.15277,5.1232 -0.44594,9.31491 -0.6515,9.31491 -0.20555,0 -0.98541,-1.34249 -1.73302,-2.9833 z"
         id="path95" />
      <path
         style="fill:#ff0000;fill-opacity:1;stroke:none;stroke-width:0.930918;stroke-dashoffset:0.5"
         d="m 87.79199,932.31217 c -0.417772,-1.08869 -0.758397,-5.67488 -0.756944,-10.19153 0.0032,-9.91903 2.937268,-16.15501 17.103514,-36.3512 5.15442,-7.34844 11.11159,-15.83748 13.23814,-18.86453 4.90903,-6.98779 9.13343,-11.49389 10.77534,-11.49389 0.70479,0 2.40929,1.1141 3.78779,2.47578 1.37851,1.36168 3.85001,3.4956 5.49224,4.74204 l 2.98587,2.26625 -2.94948,4.18653 c -1.62221,2.3026 -5.1826,7.032 -7.91197,10.50977 -2.72938,3.47778 -7.03432,9.64908 -9.56654,13.71401 -2.53222,4.06492 -8.10584,11.74902 -12.38583,17.07578 -4.27999,5.32676 -9.504384,12.21073 -11.609771,15.29772 -5.151962,7.55398 -7.210293,9.21855 -8.202359,6.63327 z"
         id="path97" />
      <path
         style="fill:#ff0000;fill-opacity:1;stroke:none;stroke-width:0.930918;stroke-dashoffset:0.5"
         d="m 396.45795,897.31806 c -11.24814,-5.10578 -26.84168,-17.80872 -30.58128,-24.91238 -3.03263,-5.76074 -2.18921,-7.99375 5.21388,-13.80418 8.87864,-6.96855 11.22661,-7.61932 13.05018,-3.61703 1.81191,3.97671 6.95023,6.58419 12.97486,6.58419 4.64976,0 13.80471,5.26554 22.12186,12.72355 2.63251,2.36058 2.67052,2.63943 0.75779,5.55862 -4.08192,6.2298 -15.79586,19.89433 -17.03198,19.86812 -0.70162,-0.0149 -3.62901,-1.09528 -6.50531,-2.40089 z"
         id="path99" />
      <path
         style="fill:#ffffff;fill-opacity:1;stroke:none;stroke-width:0.930918;stroke-dashoffset:0.5"
         d="m 297.60998,430.86708 c -0.007,-1.1991 -0.34057,-4.1568 -0.74026,-6.57266 -0.7101,-4.29205 -0.5479,-4.50655 7.09484,-9.38386 4.30185,-2.74527 12.03477,-7.27407 17.18428,-10.064 10.64192,-5.76565 16.89996,-11.98045 28.0778,-27.88382 9.93341,-14.13285 15.50505,-19.92263 20.87864,-21.69608 2.35695,-0.77786 9.31881,-4.82026 15.47078,-8.9831 8.50154,-5.75272 13.66218,-10.51531 21.50771,-19.84876 5.67726,-6.75396 11.34551,-14.49669 12.5961,-17.20605 3.18621,-6.90275 3.22857,-26.5441 0.0751,-34.84316 -2.41001,-6.34267 -10.67325,-19.18218 -14.63037,-22.73288 -3.52622,-3.16404 -19.00393,-8.24525 -28.90103,-9.48797 -4.73483,-0.59453 -8.75288,-1.26558 -8.929,-1.49123 -0.17607,-0.22565 -3.24582,-5.67505 -6.8216,-12.10978 -14.08009,-25.33758 -20.13876,-31.62171 -40.95132,-42.47524 -11.81045,-6.15903 -22.43559,-9.93203 -33.01978,-11.72538 -11.9141,-2.01868 -40.37719,-2.06561 -49.83894,-0.0822 -17.05522,3.57524 -34.20003,7.92903 -48.71208,12.37008 -14.01049,4.28757 -17.28022,4.81599 -34.85563,5.63306 l -19.39479,0.90164 -3.32171,-3.09648 c -1.82694,-1.70306 -4.4663,-3.68312 -5.86525,-4.40012 -3.54703,-1.81795 -15.92455,-2.19667 -32.247095,-0.98668 -7.700258,0.57081 -13.845681,0.55696 -13.834421,-0.0312 0.07013,-3.66336 13.442985,-22.12416 22.359326,-30.86636 6.73615,-6.60457 9.54624,-8.33879 20.72387,-12.78954 8.80517,-3.50609 18.43217,-6.14561 30.17241,-8.27267 18.26854,-3.30983 28.85548,-3.74881 57.54692,-2.38615 14.6759,0.69701 17.38443,1.15628 20.52873,3.48097 1.99222,1.47291 3.36014,3.36098 3.03982,4.19572 -0.73537,1.91637 10.61809,14.43596 16.2451,17.91364 5.79227,3.57982 10.80222,2.38326 15.05982,-3.59684 4.01962,-5.64584 25.97638,-18.03236 40.28897,-22.7283 12.32734,-4.04458 22.28398,-5.44962 45.62596,-6.43853 15.36001,-0.65075 21.37464,-0.3406 36.27059,1.87033 20.7484,3.07957 27.86677,5.8513 37.02305,14.41593 7.94965,7.43595 10.70642,12.84116 12.89339,25.28008 2.50972,14.27456 7.55275,32.10411 12.40751,43.86657 2.32108,5.62363 5.58482,15.599 7.25279,22.16749 1.96925,7.75496 5.74054,17.32562 10.75505,27.29381 l 7.7224,15.35109 12.31527,8.92646 c 6.7734,4.90955 18.68842,12.37352 26.47783,16.58658 14.80076,8.00533 24.41697,14.52909 29.46344,19.9884 1.64209,1.77643 4.15117,3.22987 5.57574,3.22987 2.84339,0 6.85625,2.39196 12.06673,7.19267 4.1628,3.83542 4.34461,6.35413 0.45867,6.35413 -1.6104,0 -3.57843,0.7837 -4.3734,1.74157 -0.79495,0.95786 -5.15776,3.24202 -9.69512,5.07589 -7.34596,2.96904 -9.86879,3.33872 -23.02808,3.37446 -12.99239,0.0353 -15.98601,-0.37266 -24.77169,-3.37572 -9.00135,-3.07677 -10.3461,-3.24843 -13.54679,-1.72933 -1.9544,0.92758 -4.56733,3.76143 -5.80654,6.29742 -3.69112,7.55377 -1.53729,11.72938 13.67751,26.51642 9.40188,9.13755 12.64719,13.02769 11.67729,13.99759 -0.84064,0.84064 -13.24639,1.74582 -33.1584,2.41939 -42.98069,1.45393 -44.29029,1.63029 -49.29861,6.6386 -7.1826,7.1826 -5.20118,13.76438 7.70354,25.58921 4.4181,4.0484 7.84612,7.5475 7.61783,7.7758 -0.52927,0.52926 -43.87197,-4.0496 -48.53131,-5.12701 -1.92162,-0.44436 -6.30534,-2.35609 -9.74158,-4.24832 -3.43625,-1.89222 -9.06371,-4.27666 -12.50547,-5.29876 -5.9325,-1.76176 -6.88797,-1.69868 -18.38282,1.21357 -6.6688,1.68957 -14.89601,4.62588 -18.28271,6.52514 -4.37823,2.45531 -8.48134,3.62632 -14.19878,4.05228 -4.74291,0.35336 -10.17313,1.68673 -13.23892,3.25079 -4.79709,2.4473 -5.19882,2.48364 -5.21133,0.4715 z"
         id="path101" />
      <path
         style="fill:#ffffff;fill-opacity:1;stroke:none;stroke-width:0.930918;stroke-dashoffset:0.5"
         d="m 152.29733,286.35229 c -0.003,-0.96474 -1.94296,-5.52848 -4.31034,-10.14164 -5.00761,-9.75798 -5.11142,-10.57443 -1.86873,-14.69685 5.63586,-7.16483 16.99537,-9.66652 22.43943,-4.9418 1.9527,1.69469 1.95726,2.1545 0.0685,6.91587 -4.53428,11.43039 -16.31151,27.92141 -16.32884,22.86442 z"
         id="path107" />
      <path
         style="fill:#ffffff;fill-opacity:1;stroke:none;stroke-width:0.930918;stroke-dashoffset:0.5"
         d="m 253.96927,297.22136 c -0.66629,-2.16607 -2.3085,-23.5967 -2.42817,-31.68718 -0.0931,-6.29543 0.14369,-6.86602 3.52534,-8.49431 1.99385,-0.96004 7.36747,-2.0133 11.94137,-2.34056 7.98274,-0.57116 8.46699,-0.44422 12.0768,3.16558 2.62874,2.62874 3.7606,4.94865 3.7606,7.70789 0,5.76821 -6.26403,15.77911 -15.67708,25.05441 -7.89665,7.7811 -12.17611,9.91912 -13.19886,6.59417 z"
         id="path109" />
      <path
         style="fill:#00ff00;fill-opacity:1;stroke:none;stroke-width:0.930918;stroke-dashoffset:0.5"
         d="m 297.1739,428.32619 c -1.54585,-9.3504 -1.53255,-9.36372 23.08566,-23.09563 12.24222,-6.82865 17.5312,-12.08748 30.38728,-30.21415 8.47748,-11.95296 15.87267,-19.60539 18.94638,-19.60539 0.92781,0 7.47388,-3.81405 14.54682,-8.47566 10.93392,-7.2063 14.45985,-10.42095 23.54292,-21.46449 5.87565,-7.14385 11.50241,-14.94992 12.50392,-17.34685 1.18696,-2.84078 1.8209,-8.56424 1.8209,-16.43971 0,-11.1811 -0.308,-12.7217 -4.1318,-20.66764 -2.2725,-4.72228 -6.34207,-11.36928 -9.04351,-14.77114 -4.31978,-5.43979 -6.08521,-6.58935 -14.64899,-9.53867 -5.35551,-1.8444 -13.53696,-3.87675 -18.181,-4.51632 -4.64405,-0.63957 -8.59757,-1.33486 -8.78563,-1.54508 -0.18804,-0.21022 -3.23558,-5.647 -6.7723,-12.08173 -13.26472,-24.13388 -22.39984,-33.32043 -43.75516,-44.00148 -18.63987,-9.3229 -32.08829,-11.81896 -60.07867,-11.15077 -18.03223,0.43046 -21.70357,0.91664 -38.23201,5.0629 -10.05633,2.52269 -24.4652,6.45887 -32.0197,8.74707 -12.00652,3.63668 -16.17189,4.27328 -33.09141,5.05741 l -19.35595,0.89705 -4.37354,-3.84002 c -2.40544,-2.11201 -5.84164,-4.20849 -7.636,-4.65885 -1.79435,-0.45035 -12.31374,-0.46185 -23.376427,-0.0255 -14.273989,0.56295 -20.113968,0.40043 -20.113968,-0.55977 0,-1.24622 1.844793,-4.16328 11.206461,-17.72011 1.870948,-2.70936 6.903676,-8.36439 11.183834,-12.56673 6.73954,-6.617 9.5145,-8.32859 20.71316,-12.7759 8.64203,-3.43199 18.6497,-6.18774 30.17241,-8.30839 18.33922,-3.37515 28.79152,-3.81306 57.59247,-2.41289 14.49983,0.70492 17.48385,1.20278 20.62808,3.44168 2.0218,1.43964 3.676,3.64351 3.676,4.89749 0,3.01743 10.95044,14.90237 16.46877,17.87418 4.11864,2.21804 4.60447,2.23636 8.61305,0.3248 2.33651,-1.1142 5.17723,-3.58312 6.31273,-5.48649 2.85773,-4.79025 26.60017,-17.61121 41.26555,-22.28346 11.92084,-3.79786 34.45282,-6.43276 54.87261,-6.41683 13.49289,0.0105 42.1081,4.62498 49.45999,7.97584 7.69321,3.50645 18.1457,12.96115 21.41618,19.37182 1.29961,2.54745 3.72286,11.42808 5.38499,19.73475 2.77638,13.87527 8.60426,33.09143 13.42698,44.27252 1.07677,2.49642 3.35988,9.97795 5.07356,16.62562 1.8699,7.25369 6.05959,18.10178 10.47787,27.1297 l 7.36209,15.04303 10.78256,7.9642 c 5.93042,4.38032 17.43282,11.68974 25.5609,16.24316 17.87483,10.01364 26.38176,15.61466 30.93659,20.36888 1.88588,1.96843 5.56487,4.15412 8.17554,4.8571 5.11716,1.37792 14.4593,8.97404 14.4593,11.75691 0,0.97316 -1.2558,1.70399 -2.92803,1.70399 -1.6104,0 -3.57843,0.7837 -4.3734,1.74157 -0.79495,0.95786 -5.15776,3.2454 -9.69512,5.0834 -7.46816,3.02522 -9.70819,3.33892 -23.64384,3.3111 -11.47086,-0.0229 -16.80646,-0.56665 -20.93596,-2.1336 -13.74854,-5.21692 -19.51968,-4.30374 -22.82707,3.61196 -3.12356,7.47573 -0.68748,12.07059 13.93593,26.28554 9.37691,9.115 12.64273,13.02824 11.67792,13.99304 -0.83145,0.83146 -12.93907,1.74089 -31.92761,2.39816 -43.90245,1.51965 -45.61528,1.74572 -50.54037,6.67081 -7.06048,7.06048 -5.7512,11.4536 7.4666,25.0536 l 8.79095,9.04514 -4.92611,-0.69336 c -2.70936,-0.38135 -11.29926,-1.2956 -19.08867,-2.03166 -21.63305,-2.04421 -27.53464,-3.3721 -38.45279,-8.65198 -6.70662,-3.24324 -11.72675,-4.85895 -15.05349,-4.84488 -7.16027,0.0303 -21.70374,4.06584 -29.93729,8.30708 -4.76433,2.45419 -9.83505,3.91691 -15.53199,4.48039 -4.65207,0.46015 -10.54093,1.89911 -13.08635,3.19768 l -4.62802,2.36104 z"
         id="path934" />
      <path
         style="fill:#afe9af;fill-opacity:1;stroke:none;stroke-width:0.930918;stroke-dashoffset:0.5"
         d="m 228.48391,636.60756 c -1.84741,-0.49118 -1.86405,-1.14144 -0.19339,-7.55419 1.00542,-3.8592 3.16197,-9.84114 4.79235,-13.2932 1.63037,-3.45206 2.96432,-7.21031 2.96432,-8.35166 0,-1.14136 1.05883,-5.24428 2.35296,-9.11762 2.51519,-7.52797 6.94523,-30.73978 11.21575,-58.76657 2.56847,-16.85643 6.90568,-40.95151 8.14917,-45.27213 0.34329,-1.19277 2.19965,-2.9834 4.12526,-3.97917 3.78822,-1.95896 29.62041,-9.24624 32.77639,-9.24624 1.06052,0 5.68297,1.64797 10.27211,3.66216 4.58914,2.01419 16.31996,5.94268 26.06849,8.72999 19.62033,5.60985 32.47711,11.10987 39.79771,17.02511 3.18549,2.57397 5.12235,3.43394 5.6847,2.52404 1.11837,-1.80954 6.10918,1.18066 6.10918,3.66025 0,2.256 -16.42368,17.64393 -22.48448,21.06651 l -4.62734,2.61309 -2.14606,-3.93949 c -7.98023,-14.64919 -15.80017,-21.39266 -26.50987,-22.86058 -4.93858,-0.67691 -5.99416,-0.38778 -8.78944,2.4075 -3.86985,3.86986 -4.12194,8.92343 -0.77261,15.48865 3.53757,6.93421 8.38118,12.22838 13.64416,14.91335 2.56013,1.30608 5.73151,3.74353 7.04751,5.41656 3.47924,4.42312 8.5862,20.83797 10.82291,34.78703 1.06858,6.66417 3.31729,17.20902 4.99712,23.43303 1.67984,6.22399 3.39549,14.19763 3.81257,17.71921 l 0.75832,6.40287 -12.81482,-0.78869 c -7.04815,-0.43376 -18.0352,-1.13672 -24.41568,-1.56211 -11.79816,-0.78662 -39.41389,0.73526 -71.37856,3.93358 -9.73967,0.97454 -18.05248,1.7076 -18.47291,1.62903 -0.42043,-0.0786 -1.67405,-0.38471 -2.78582,-0.68031 z"
         id="path936" />
      <path
         style="fill:#afe9af;fill-opacity:1;stroke:none;stroke-width:0.930918;stroke-dashoffset:0.5"
         d="m 217.55935,527.0895 c -8.60586,-3.98715 -15.00572,-8.86258 -14.52373,-11.06421 0.32131,-1.46767 29.44781,-25.42679 30.10736,-24.76597 0.57929,0.58041 -6.97212,37.08221 -7.85392,37.96401 -0.54402,0.54402 -4.02239,-0.4162 -7.72971,-2.13383 z"
         id="path938" />
      <path
         style="fill:#afe9af;fill-opacity:1;stroke:none;stroke-width:0.930918;stroke-dashoffset:0.5"
         d="m 216.442,673.23241 c -1.32791,-0.84049 -1.4759,-2.02564 -0.61576,-4.93115 l 1.13228,-3.82475 27.09359,-0.74384 c 30.0476,-0.82494 51.93112,-1.09611 69.58128,-0.86223 6.43473,0.0853 15.57882,0.12332 20.3202,0.0846 10.2092,-0.0835 18.16702,2.14953 17.61687,4.94333 -0.20653,1.04876 -1.76096,2.91587 -3.45431,4.14914 -2.90369,2.11478 -5.63558,2.18766 -48.02956,1.28149 -24.7229,-0.52846 -49.93842,-0.5572 -56.03448,-0.0639 -15.65435,1.26685 -25.57549,1.25511 -27.61011,-0.0327 z"
         id="path940" />
      <path
         style="fill:#008080;fill-opacity:1;stroke:none;stroke-width:0.930918;stroke-dashoffset:0.5"
         d="m 329.79717,846.7039 c -4.40223,-2.67715 -8.40889,-9.28446 -14.97104,-24.68845 -6.87572,-16.14002 -8.16913,-18.2499 -14.83213,-24.19495 -7.49863,-6.69063 -9.93265,-10.76377 -14.15684,-23.69027 -5.19239,-15.88935 -13.49986,-23.4705 -31.04777,-28.33327 -4.73057,-1.31091 -12.40682,-4.3365 -17.05832,-6.72352 -8.26869,-4.24327 -15.23068,-5.64149 -15.23068,-3.05887 0,0.77256 -2.33605,1.14442 -5.80243,0.92364 -5.3555,-0.34109 -5.93828,-0.091 -7.56626,3.24643 -1.56067,3.1995 -1.5181,4.3389 0.36957,9.89234 l 2.1334,6.27635 -13.04005,21.12207 c -7.17202,11.61713 -13.04005,21.49408 -13.04005,21.94876 0,0.45469 -1.56063,3.12382 -3.46808,5.93141 -1.90745,2.80759 -8.00497,11.79828 -13.55005,19.97929 -5.54508,8.18102 -11.46596,16.17481 -13.15753,17.76394 l -3.07557,2.88935 -3.07882,-2.8924 c -4.19758,-3.94342 -4.30737,-12.63458 -0.22943,-18.16192 1.56716,-2.12416 10.17153,-18.49751 19.12083,-36.38521 8.94929,-17.8877 18.18047,-34.75336 20.51373,-37.47924 5.64733,-6.59764 27.47952,-42.73199 29.25434,-48.41871 l 1.40297,-4.49529 27.95561,-0.7877 c 17.57775,-0.49528 30.52454,-0.31281 34.87571,0.49155 3.80606,0.70359 15.64056,1.11114 26.29889,0.90567 l 19.37878,-0.37358 0.87242,20.93596 c 0.76114,18.2661 1.66418,24.7837 7.0812,51.10837 6.98701,33.9542 9.32236,40.06003 20.2483,52.93987 l 6.77716,7.98911 -2.70824,2.88281 c -3.58977,3.82112 -14.97743,10.67129 -21.43819,12.89599 -4.71605,1.62393 -5.50271,1.58478 -8.83143,-0.43953 z"
         id="path944" />
      <path
         style="fill:#008080;fill-opacity:1;stroke:none;stroke-width:0.930918;stroke-dashoffset:0.5"
         d="m 417.08167,929.52963 c 0,-0.5525 4.11396,-7.20436 9.14213,-14.78191 5.02817,-7.57755 9.78075,-15.71243 10.5613,-18.07751 1.20913,-3.66369 1.75757,-4.11904 3.7055,-3.07654 3.11641,1.66785 4.12419,5.4802 2.34655,8.87674 -1.64693,3.14679 -8.91691,11.92879 -14.62277,17.66403 -2.05895,2.06955 -3.74355,4.39342 -3.74355,5.16416 0,1.42373 -4.68267,5.23557 -6.43166,5.23557 -0.52663,0 -0.9575,-0.45204 -0.9575,-1.00454 z"
         id="path946" />
      <path
         style="fill:#008080;fill-opacity:1;stroke:none;stroke-width:0.930918;stroke-dashoffset:0.5"
         d="m 56.447473,941.9258 c -0.756823,-6.60407 -1.721326,-14.77833 -2.143341,-18.16503 l -0.767299,-6.15763 4.525371,9.22268 c 5.529444,11.26898 6.771479,19.20451 3.731884,23.84352 -1.176205,1.79512 -2.550759,3.26385 -3.054564,3.26385 -0.503804,0 -1.535227,-5.40333 -2.292051,-12.00739 z"
         id="path948" />
    </g>
  </g>
</svg>
