<?xml version="1.0" encoding="UTF-8" standalone="no"?>
<svg
   xmlns:dc="http://purl.org/dc/elements/1.1/"
   xmlns:cc="http://creativecommons.org/ns#"
   xmlns:rdf="http://www.w3.org/1999/02/22-rdf-syntax-ns#"
   xmlns:svg="http://www.w3.org/2000/svg"
   xmlns="http://www.w3.org/2000/svg"
   width="600px"
   height="1000px"
   viewBox="0 0 600 1000"
   version="1.1"
   id="SVGRoot">
  <defs
     id="defs1847" />
  <metadata
     id="metadata3">
    <rdf:RDF>
      <cc:Work
         rdf:about="">
        <dc:format>image/svg+xml</dc:format>
        <dc:type
           rdf:resource="http://purl.org/dc/dcmitype/StillImage" />
        <dc:title>Fille grognon</dc:title>
        <cc:license
           rdf:resource="http://creativecommons.org/licenses/by/4.0/" />
        <dc:creator>
          <cc:Agent>
            <dc:title>Frédéric Wang</dc:title>
          </cc:Agent>
        </dc:creator>
      </cc:Work>
      <cc:License
         rdf:about="http://creativecommons.org/licenses/by/4.0/">
        <cc:permits
           rdf:resource="http://creativecommons.org/ns#Reproduction" />
        <cc:permits
           rdf:resource="http://creativecommons.org/ns#Distribution" />
        <cc:requires
           rdf:resource="http://creativecommons.org/ns#Notice" />
        <cc:requires
           rdf:resource="http://creativecommons.org/ns#Attribution" />
        <cc:permits
           rdf:resource="http://creativecommons.org/ns#DerivativeWorks" />
      </cc:License>
    </rdf:RDF>
  </metadata>
  <title
     id="title5">Fille grognon</title>
  <g
     id="g115">
    <path
       style="fill:#000000;stroke-width:0.867514"
       d="m 174.79573,962.1421 c -1.79711,-0.64127 -5.01458,-2.77631 -7.14995,-4.74461 -3.60897,-3.32666 -4.14272,-3.54223 -7.57646,-3.0599 -2.03169,0.28542 -5.16581,1.0713 -6.96471,1.7464 -1.92752,0.72342 -6.46065,1.22753 -11.03823,1.22753 -6.62705,0 -8.75792,-0.39108 -14.5133,-2.66362 -3.7102,-1.46497 -8.03687,-3.41688 -9.61482,-4.33757 -1.57796,-0.92069 -3.44525,-1.67395 -4.14953,-1.67395 -2.22967,0 -9.95861,-4.34582 -10.47705,-5.89103 -0.27364,-0.81555 -1.18041,-3.04437 -2.01503,-4.9529 -0.83463,-1.90853 -1.58185,-5.08988 -1.66048,-7.06955 -0.11975,-3.01478 0.39041,-4.22748 3.14019,-7.46461 1.80574,-2.12576 5.54349,-6.61219 8.3061,-9.96991 2.76262,-3.35762 6.66644,-7.18059 8.67515,-8.49539 2.00871,-1.3148 5.39181,-3.5529 7.51801,-4.97346 5.20758,-3.47943 14.83378,-5.7511 27.17632,-6.41344 5.62199,-0.30173 10.39034,-0.82128 10.59634,-1.15458 0.206,-0.3333 0.4502,-2.32476 0.54267,-4.42545 0.0925,-2.10074 0.93121,-7.72331 1.8639,-12.49463 0.93269,-4.77133 1.98855,-10.23667 2.34635,-12.1452 0.35781,-1.90853 1.05855,-4.47474 1.55721,-5.7027 0.49865,-1.22795 1.03878,-3.76543 1.20028,-5.63884 l 0.29365,-3.4062 -3.53954,-0.0527 c -4.7495,-0.0706 -8.70571,-2.54707 -12.40632,-7.76596 -4.013,-5.65944 -4.02208,-7.98057 -0.0984,-25.14696 0.43623,-1.90853 1.16539,-5.42196 1.62034,-7.80763 0.45496,-2.38566 1.46775,-7.07024 2.25063,-10.41017 3.22119,-13.74217 6.05108,-30.68674 7.46145,-44.67698 1.35587,-13.44964 3.65763,-27.78033 4.74445,-29.53885 0.3011,-0.48718 0.89759,-3.11661 1.32555,-5.84317 0.42796,-2.72657 1.40551,-7.88525 2.17234,-11.46374 1.30171,-6.07452 2.95458,-17.36101 4.63715,-31.66427 0.39289,-3.33993 1.00778,-7.16034 1.36642,-8.48981 0.57217,-2.121 0.0815,-3.03508 -4.00434,-7.45938 -2.56103,-2.77319 -5.86454,-6.56522 -7.34114,-8.42672 -2.81948,-3.55441 -7.8933,-13.70285 -9.06543,-18.13229 -1.10589,-4.17908 -4.44428,-12.93972 -5.27279,-13.83685 -0.4186,-0.45324 -0.76109,-1.74137 -0.76109,-2.86247 0,-1.12109 -0.56866,-3.13802 -1.26368,-4.48205 -3.04695,-5.89213 -3.19612,-16.26201 -0.32052,-22.28075 0.59018,-1.23526 0.5679,-2.91045 -0.0692,-5.20508 -1.41004,-5.07845 -1.15126,-9.31883 0.87958,-14.4123 1.51826,-3.80792 1.7445,-5.71869 1.33263,-11.25525 -0.61683,-8.2918 1.20818,-18.50138 4.13637,-23.13993 2.91526,-4.61807 13.75098,-13.50847 19.8817,-16.31238 4.83246,-2.21014 5.03646,-2.43244 4.5785,-4.98905 -0.47157,-2.63263 0.29356,-26.1873 2.04817,-63.0532 0.82848,-17.40713 1.04575,-19.02628 3.06191,-22.81814 1.19357,-2.24482 2.17013,-4.41611 2.17013,-4.82511 0,-0.40899 -2.0495,-2.92001 -4.55444,-5.58005 -6.55761,-6.96361 -11.06081,-12.40351 -11.06081,-13.36154 0,-0.45698 -0.64539,-1.3665 -1.4342,-2.02115 -0.78881,-0.65465 -1.87146,-2.16639 -2.40589,-3.3594 -1.78625,-3.98745 -6.64132,-11.99222 -7.91435,-13.04874 -0.69204,-0.57435 -1.25826,-1.58381 -1.25826,-2.24324 0,-0.65945 -1.80066,-3.77517 -4.00147,-6.92385 -3.91368,-5.59926 -13.34639,-23.32539 -13.34799,-25.08382 -4.5e-4,-0.48802 -1.1501,-3.87195 -2.55479,-7.51986 -1.40468,-3.6479 -2.55327,-7.34761 -2.55242,-8.22159 0.003,-2.49851 -1.68808,-9.67236 -2.74435,-11.64602 -0.52712,-0.98493 -1.52659,-3.70409 -2.22105,-6.04256 -2.47386,-8.33041 -6.1705,-15.39583 -8.75418,-16.7319 -1.35504,-0.70071 -5.17244,-4.043 -8.4831,-7.42731 -3.31066,-3.38429 -6.48748,-6.15326 -7.0596,-6.15326 -1.24905,0 -8.91304,-11.74554 -9.477,-14.52409 -0.21865,-1.07728 -0.5799,-2.85385 -0.80278,-3.94793 -0.47222,-2.31816 -5.59657,-4.88772 -11.15377,-5.59298 -1.99238,-0.25284 -4.01288,-0.73567 -4.49002,-1.07295 -0.47713,-0.33728 -3.69281,-1.50305 -7.14595,-2.59062 -4.78726,-1.50775 -6.56775,-2.51901 -7.49655,-4.25782 -0.66996,-1.25423 -2.43164,-4.54846 -3.91485,-7.3205 -3.11556,-5.82282 -3.47291,-10.23276 -1.02738,-12.6783 0.91815,-0.91815 2.05907,-2.39754 2.53537,-3.28752 0.47631,-0.88998 1.84851,-2.14397 3.04935,-2.78664 1.95441,-1.04597 2.65128,-0.9238 6.64617,1.16507 5.55793,2.90616 11.53337,2.91244 11.94801,0.0126 0.26788,-1.87351 -2.70644,-3.8443 -5.8018,-3.8443 -2.15712,0 -3.89816,-2.17022 -6.5242,-8.13245 -3.70092,-8.40266 -2.41259,-16.77529 3.42515,-22.25956 2.05308,-1.92877 2.40445,-1.98473 5.84805,-0.93138 2.01504,0.61637 5.12629,1.32068 6.91389,1.56513 l 3.25016,0.44445 -0.55171,-7.77251 c -0.3847,-5.41966 -0.25248,-7.95744 0.43677,-8.38341 0.54367,-0.33601 0.98848,-1.57757 0.98848,-2.75903 0,-1.18145 0.61922,-3.09315 1.37605,-4.24822 1.38339,-2.11132 1.06731,-3.91144 -0.68682,-3.91144 -0.51887,0 -3.13091,1.46224 -5.80452,3.24942 -2.67362,1.78718 -8.37456,4.95153 -12.66875,7.03189 -8.7729,4.25011 -14.35958,4.89367 -19.85281,2.28697 -3.40932,-1.61783 -10.07643,-8.39769 -10.07643,-10.24683 0,-1.47219 -2.44102,-6.4568 -3.47487,-7.09575 -0.41935,-0.25917 -1.01591,-2.16136 -1.32568,-4.22708 -1.00955,-6.73216 3.3021,-12.67518 18.48739,-25.48231 2.40436,-2.02781 4.70021,-3.69574 5.10189,-3.7065 0.40169,-0.0108 2.87744,-1.9562 5.50167,-4.3232 2.62423,-2.36701 5.53003,-4.55558 6.45735,-4.8635 0.92731,-0.30794 3.55838,-1.87593 5.84682,-3.48443 2.28844,-1.60851 4.47093,-2.92456 4.84997,-2.92456 1.03767,0 9.41839,-8.88485 10.02407,-10.62705 0.29028,-0.83498 1.07738,-1.51815 1.74909,-1.51815 2.74309,0 19.65349,-19.960553 19.65349,-23.198403 0,-0.47191 0.75656,-1.81983 1.68125,-2.99538 0.9247,-1.17555 1.94342,-3.2777 2.26384,-4.67144 1.39361,-6.061949 8.26496,-22.129255 10.64296,-24.886512 0.72675,-0.842652 2.52391,-3.429122 3.99371,-5.747712 5.66793,-8.941144 7.63064,-11.53742 13.12472,-17.361436 l 5.67731,-6.018253 34.72941,-0.09773 c 23.30711,-0.06559 34.55036,0.191982 34.18501,0.783136 -0.29943,0.484476 1.62836,2.270768 4.28396,3.969537 2.65561,1.69877 8.3021,6.585625 12.54775,10.859677 4.24566,4.274052 8.08389,7.771004 8.5294,7.771004 0.44551,0 2.52772,-1.251641 4.62712,-2.781425 4.3726,-3.186211 15.091,-8.603739 23.33617,-11.795082 6.18585,-2.394273 14.81331,-3.417477 17.68591,-2.097525 1.82111,0.836794 7.4053,2.45741 15.71338,4.560256 2.38567,0.603831 7.1764,2.405309 10.64608,4.003283 3.46968,1.597975 6.64253,2.905408 7.05077,2.905408 0.40824,0 1.26117,0.625252 1.89541,1.389449 1.26519,1.524471 12.59469,9.038551 19.44588,12.897132 2.38566,1.343601 6.09429,3.816063 8.24139,5.494361 5.13847,4.01653 14.74774,13.360224 14.74774,14.340152 0,0.42456 5.27014,5.94844 11.71144,12.27528 6.44129,6.32685 11.71144,11.8044 11.71144,12.17233 0,0.36793 1.66897,2.66296 3.70883,5.100063 3.71666,4.44046 8.43637,11.31385 8.43637,12.28603 0,0.28503 1.69685,2.73328 3.77079,5.44056 8.20833,10.71499 14.00984,20.37238 21.85951,36.38812 4.51151,9.20486 8.20275,17.02196 8.20275,17.37134 0,0.34939 2.36275,3.25315 5.25056,6.4528 5.27571,5.84542 12.09972,17.44885 12.09972,20.57413 0,0.92182 0.3391,1.88562 0.75357,2.14177 0.41445,0.25615 1.01983,2.13351 1.34528,4.1719 0.32545,2.03838 1.9091,8.00035 3.51924,13.24881 1.86663,6.08453 3.45452,13.94274 4.38176,21.68462 0.79984,6.67808 2.00012,13.19759 2.66731,14.48778 0.66718,1.2902 1.21307,3.74268 1.21307,5.44994 0,3.26232 3.8743,11.87209 7.53623,16.74759 2.13921,2.84814 3.2975,3.74987 12.92157,10.05939 2.82362,1.85116 5.91463,4.10465 6.86889,5.00776 0.95427,0.90311 3.27078,2.81878 5.14782,4.25704 5.62867,4.31293 12.49704,12.92344 15.82062,19.83343 3.0511,6.34351 3.10389,6.62732 2.16852,11.65701 -0.58524,3.14698 -1.73011,5.98198 -2.93894,7.27759 -2.53875,2.72102 -7.80558,5.4236 -10.5696,5.4236 -1.18369,0 -2.366,0.34602 -2.62739,0.76895 -0.26138,0.42292 1.56989,3.11559 4.0695,5.9837 10.3963,11.92899 13.13196,15.84404 17.60818,25.19942 5.21474,10.8989 7.59832,18.11614 7.49737,22.70132 -0.0511,2.32049 -0.73647,3.59872 -2.90719,5.42196 -3.48113,2.92386 -8.79954,3.18703 -15.66918,0.77533 -2.52285,-0.88568 -6.92928,-2.26691 -9.79208,-3.0694 -8.86494,-2.48496 -14.5182,-5.55853 -17.16273,-9.33103 -2.07776,-2.964 -2.80362,-3.40742 -5.19798,-3.17542 -4.1476,0.40189 -3.84099,2.32374 1.29452,8.11431 4.49649,5.07003 7.61972,9.78784 7.61972,11.50996 0,0.47801 2.66562,3.44254 5.9236,6.58786 3.72784,3.59893 6.69898,7.40754 8.01539,10.27472 2.501,5.44723 3.15243,6.03027 6.13213,5.48843 1.97592,-0.3593 2.55464,0.0885 4.25371,3.29125 2.38766,4.50078 1.96975,6.73658 -2.07578,11.10537 -2.32418,2.50988 -3.84338,3.3142 -7.1767,3.79958 -2.32563,0.33864 -5.28258,1.15059 -6.571,1.80434 -2.67269,1.35611 -7.80345,1.56359 -10.03127,0.40565 -0.82851,-0.43062 -3.0679,-1.2065 -4.97643,-1.72415 -1.90854,-0.51767 -5.68552,-1.55088 -8.39329,-2.29601 -5.3937,-1.48427 -10.77538,-4.67348 -10.19362,-6.0408 0.20301,-0.47713 0.95468,-0.72208 1.67038,-0.54434 0.7157,0.17776 5.65759,0.50327 10.98197,0.72335 10.44857,0.43192 14.36275,-0.46588 12.3907,-2.84205 -3.31189,-2.70433 -8.77312,-4.17717 -12.39266,-3.58051 -3.70928,0.67623 -5.77538,0.65747 -7.70243,-0.0699 -1.9982,-0.75424 -3.57555,-0.74204 -6.53919,0.0507 l -3.90576,1.04463 -3.57331,-3.98286 c -1.96531,-2.19056 -4.93964,-4.71795 -6.6096,-5.6164 -1.66997,-0.89847 -4.45028,-2.9399 -6.17847,-4.53651 -2.10988,-1.94926 -4.30647,-3.05912 -6.6862,-3.37831 -2.50854,-0.33647 -4.84291,-1.58405 -7.98948,-4.26991 -2.44499,-2.087 -4.70634,-3.79601 -5.02523,-3.79779 -0.31889,-0.002 -2.47165,-2.34408 -4.78392,-5.20509 -4.0508,-5.01216 -4.35132,-5.2017 -8.24138,-5.19783 -4.34791,0.004 -13.93958,3.43905 -15.22737,5.45285 -0.50313,0.78676 -0.2722,2.23739 0.65063,4.08726 0.78681,1.5772 1.43057,3.2169 1.43057,3.64377 0,0.42688 0.79748,2.4164 1.77218,4.42118 0.97471,2.00476 2.00458,5.40174 2.28863,7.54884 0.28405,2.14709 0.90149,4.39274 1.3721,4.99032 2.9119,3.69756 4.31338,30.4252 2.4461,46.64953 -0.43787,3.80455 -1.24436,14.3346 -1.7922,23.40012 -1.33417,22.07755 -3.18024,38.50944 -5.21423,46.41201 -0.55263,2.1471 -1.33173,6.05091 -1.73133,8.67515 -1.39932,9.18949 -3.40395,17.36362 -5.26279,21.45981 -1.03126,2.27252 -2.20806,6.47414 -2.61511,9.33694 -2.01447,14.16816 -2.59271,17.5465 -3.40023,19.8654 -0.48171,1.38332 -0.88974,4.11599 -0.90674,6.0726 -0.017,1.95661 -0.63377,5.89977 -1.37061,8.76257 -0.73685,2.86279 -1.66837,7.01512 -2.07005,9.22737 -0.40169,2.21226 -1.57797,5.68378 -2.61396,7.7145 -1.03599,2.03071 -2.04773,5.10046 -2.2483,6.82164 -0.43925,3.76943 -1.5734,6.99967 -4.33818,12.35573 -1.14166,2.21166 -2.07574,4.48361 -2.07574,5.04877 0,0.56517 -1.17114,2.72978 -2.60254,4.81024 -1.4314,2.08046 -2.60254,4.19477 -2.60254,4.69845 0,0.50368 -1.48024,1.89535 -3.28942,3.09262 -1.80919,1.19725 -5.68347,4.85077 -8.60952,8.11892 -2.92604,3.26815 -8.07492,8.24743 -11.44195,11.06507 -3.80529,3.18439 -6.1266,5.77952 -6.1344,6.85799 -0.007,0.95427 1.3005,5.63885 2.90535,10.41017 1.60485,4.77133 3.20561,10.04148 3.55724,11.71144 0.35163,1.66997 1.40821,5.355 2.34797,8.18895 0.93976,2.83396 1.80642,5.95701 1.92591,6.94011 0.24243,1.99444 1.36584,4.88546 4.42308,11.38252 2.86911,6.09723 4.62876,10.95109 6.89993,19.03292 1.07268,3.81706 2.85625,9.2824 3.96348,12.1452 1.10724,2.8628 2.13868,6.9618 2.29209,9.1089 0.65431,9.15735 3.20706,15.51353 9.6947,24.1392 l 3.47495,4.62012 -2.4955,5.35629 c -2.49854,5.36287 -6.88739,9.21022 -10.5471,9.24583 -2.34397,0.0228 -2.51149,1.26896 -0.68012,5.05946 0.94232,1.95037 1.71331,3.87055 1.71331,4.26707 0,0.66001 4.34559,9.09023 7.94449,15.41189 0.8149,1.4314 3.30738,6.21357 5.53887,10.62705 2.23149,4.41348 4.57754,8.02451 5.21343,8.02451 0.6359,0 5.76563,-4.14424 11.3994,-9.20941 5.63377,-5.06518 11.41436,-10.00398 12.84576,-10.97512 1.4314,-0.97114 4.16407,-3.72442 6.0726,-6.11839 11.22337,-14.07806 14.31398,-18.33806 14.31398,-19.72993 0,-0.85498 0.99373,-2.33617 2.20829,-3.29155 2.46043,-1.93537 7.52214,-1.71924 10.00522,0.42721 0.75327,0.65115 1.76631,1.18391 2.25121,1.18391 1.42126,0 3.75308,3.02768 3.75308,4.87308 0,0.9351 0.75016,3.17157 1.66702,4.96994 1.56407,3.06783 1.65023,5.07494 1.39515,32.49833 -0.14953,16.07572 -0.52879,30.98528 -0.8428,33.13238 -1.163,7.95216 -4.38617,18.9106 -7.55193,25.67565 -1.81851,3.88611 -2.48464,6.64758 -2.51118,10.41017 -0.032,4.54456 -0.3613,5.48911 -2.92469,8.38973 -4.11477,4.65612 -12.4449,7.94174 -18.1995,7.17833 -7.78452,-1.03269 -8.31375,-1.37935 -25.67082,-16.81798 -3.57043,-3.17579 -8.72986,-8.00811 -11.46539,-10.73852 -2.73552,-2.73033 -7.16554,-6.20134 -9.84449,-7.71325 -4.96171,-2.80016 -12.71485,-11.0785 -13.88473,-14.82521 -0.34221,-1.09601 -1.74068,-3.27503 -3.1077,-4.84229 -1.36702,-1.56725 -2.4855,-3.37376 -2.4855,-4.0145 0,-0.64066 -0.52193,-1.59797 -1.15984,-2.12741 -0.63791,-0.52944 -2.22502,-3.79789 -3.52691,-7.26321 -3.92391,-10.44459 -8.4631,-19.0522 -12.62637,-23.94322 -2.16753,-2.54643 -5.32362,-6.64544 -7.01351,-9.1089 -2.98975,-4.35834 -3.17675,-4.47322 -6.94011,-4.26359 -13.26081,0.73869 -11.45639,1.24455 -17.78792,-4.98676 -8.16781,-8.03854 -9.09796,-9.58247 -10.07331,-16.72061 -0.83307,-6.09686 -2.08272,-9.63789 -8.19573,-23.22358 -1.61972,-3.59971 -2.94494,-7.22448 -2.94494,-8.05505 0,-0.83058 -0.56572,-2.37476 -1.25715,-3.43152 -0.69143,-1.05677 -1.84433,-4.17807 -2.56201,-6.93624 -0.71767,-2.75817 -2.07765,-6.46679 -3.02218,-8.24139 -4.00897,-7.53212 -8.94871,-21.72634 -10.4819,-30.11947 -1.64664,-9.01419 -5.27194,-24.93473 -7.01279,-30.79676 -4.98492,-16.78588 -5.22374,-17.35028 -7.34165,-17.35028 -1.92278,0 -2.33391,2.68609 -2.65266,17.33091 -0.17112,7.86203 -0.70619,16.06004 -1.18904,18.2178 -0.48286,2.15775 -1.48603,8.21738 -2.22927,13.46584 -0.74324,5.24846 -1.72759,10.90899 -2.18744,12.57896 -1.0243,3.71979 -4.32246,31.64994 -5.6163,47.561 -0.24539,3.01762 -0.82243,7.11662 -1.28232,9.1089 -1.38911,6.0178 -1.03036,13.14942 0.90899,18.06959 2.01067,5.10114 1.79566,6.84757 -1.51862,12.33458 -2.8205,4.66954 -5.92963,6.61746 -10.56229,6.61746 -4.113,0 -7.06324,2.52036 -7.04596,6.0193 0.006,1.22215 -1.00113,5.73552 -2.23814,10.02971 -3.42277,11.88191 -4.48561,15.90054 -6.08009,22.98913 -2.55583,11.36244 -2.87773,13.53131 -3.09481,20.85209 -0.17019,5.73974 -0.59521,7.7266 -2.13955,10.00235 -1.46301,2.15586 -1.81914,3.64521 -1.47865,6.18373 -3.09534,15.41055 -22.03136,38.59995 -36.39424,33.72349 z m -29.26431,-28.24071 c 16.95745,-6.35029 23.63126,-8.72893 27.25757,-9.71503 2.34764,-0.63832 4.42019,-1.61592 4.60566,-2.17235 0.18546,-0.55633 -1.54014,-1.84902 -3.83469,-2.8726 -3.68939,-1.64567 -4.71539,-1.75333 -8.87104,-0.93075 -2.58452,0.51166 -8.15999,0.93023 -12.38994,0.93023 -4.87376,0 -8.83156,0.47662 -10.80518,1.30128 -1.71292,0.71569 -3.82024,1.30127 -4.68296,1.30127 -2.51061,0 -10.78048,8.07543 -10.09614,9.85877 1.43787,3.74706 11.62616,4.99194 18.81672,2.29918 z m 280.0734,-13.15317 c 4.7475,-4.30998 9.69433,-13.71019 11.34594,-21.56015 0.45175,-2.1471 1.2628,-5.46534 1.80234,-7.37387 2.00707,-7.09969 2.52603,-10.58068 2.56287,-17.19044 0.064,-11.49421 -2.40429,-12.97059 -8.63737,-5.16627 -2.14709,2.68834 -6.2461,7.48294 -9.10889,10.65466 -2.8628,3.17172 -8.45306,9.44451 -12.4228,13.93945 -3.96974,4.49503 -7.97114,9.00853 -8.89202,10.03003 -0.92087,1.02158 -1.67431,2.2518 -1.67431,2.73397 0,1.45656 8.4261,10.94838 13.07945,14.73369 5.21808,4.24474 6.4799,4.16016 11.94479,-0.80107 z M 194.48241,897.23616 c 0.22179,-1.07355 0.57848,-3.12305 0.79265,-4.55445 0.21417,-1.4314 0.97381,-4.94483 1.68809,-7.80763 2.33824,-9.37152 4.11152,-18.17677 4.10564,-20.38658 -0.003,-1.19283 0.57475,-3.28188 1.28429,-4.64233 0.70954,-1.36044 1.39031,-4.03879 1.51281,-5.95188 0.4437,-6.92913 -4.99778,-6.24063 -6.99658,0.88525 -0.49408,1.76143 -1.87302,5.77526 -3.06431,8.91961 -4.44001,11.71919 -7.08325,29.6715 -4.95441,33.64923 1.36974,2.55942 5.09528,2.48577 5.63182,-0.11122 z m 185.48082,-10.68543 c 0.57337,-0.57339 -2.25532,-8.97661 -4.5067,-13.38809 -0.85226,-1.66996 -3.13607,-6.35454 -5.07511,-10.41017 -5.18326,-10.8411 -12.83653,-20.58201 -14.70384,-18.7147 -0.2263,0.2263 1.26144,3.45613 3.3061,7.17741 4.20105,7.64593 13.27301,24.95452 15.82288,30.18885 2.54277,5.21974 3.81441,6.48892 5.15667,5.1467 z M 208.20485,826.2032 c 1.00836,-0.53966 3.80973,-1.22283 6.22526,-1.51815 4.0189,-0.49136 4.55232,-0.83166 6.28104,-4.00702 1.03904,-1.90853 1.92782,-5.03158 1.97508,-6.94011 0.0473,-1.90853 0.70136,-6.7883 1.45356,-10.84393 0.7522,-4.05563 1.90282,-11.66806 2.55694,-16.91653 0.6541,-5.24846 1.77186,-13.25127 2.48388,-17.78404 3.5165,-22.38602 6.57228,-48.31768 6.57228,-55.77306 0,-3.60072 -0.42667,-4.86958 -2.29223,-6.81681 -4.68646,-4.89161 -3.3632,-14.70343 4.16276,-30.86637 5.33225,-11.45165 7.50424,-25.49058 4.72082,-30.51338 -1.35483,-2.44483 -1.00193,-4.19657 2.02091,-10.03146 1.31074,-2.53009 3.39633,-4.98017 5.05399,-5.93728 l 2.82233,-1.62956 6.28657,3.22307 c 3.45762,1.77268 6.9421,3.79678 7.7433,4.49799 3.03682,2.65782 4.5636,7.52195 5.11593,16.29869 0.30027,4.77133 1.14827,10.04148 1.88445,11.71144 0.73618,1.66997 1.7845,5.1834 2.3296,7.80763 4.76749,22.95178 5.8926,27.15463 9.05711,33.83305 1.24347,2.62423 2.26466,5.47389 2.26932,6.33256 0.004,0.85868 0.61802,2.73995 1.36301,4.18061 0.745,1.44066 1.91291,5.42269 2.59538,8.84894 1.61988,8.1325 2.47724,11.46254 4.17239,16.20598 0.7673,2.14709 1.41469,5.07495 1.43863,6.50635 0.0651,3.89468 2.09905,11.69164 4.0734,15.61526 0.96038,1.90853 2.23869,5.03158 2.84071,6.94011 0.60203,1.90853 1.64953,4.10706 2.32779,4.8856 0.67825,0.77855 1.64365,2.92565 2.14532,4.77133 0.50168,1.84568 1.42091,3.94136 2.04272,4.65706 0.62183,0.71569 1.71471,3.25317 2.42864,5.63884 0.71393,2.38566 2.11828,6.22425 3.12077,8.53019 1.00249,2.30593 1.82271,4.77186 1.82271,5.47984 0,0.70798 0.97595,2.56677 2.16879,4.13065 1.19283,1.56389 2.16878,3.41642 2.16878,4.11675 0,2.68326 3.53168,8.52149 5.43591,8.98614 1.17531,0.28679 4.78149,-0.73227 9.16364,-2.58951 3.97413,-1.68432 7.70227,-3.06239 8.28476,-3.06239 0.5825,0 1.5122,-0.45312 2.06601,-1.00694 0.55382,-0.55381 2.87659,-1.62736 5.16171,-2.38566 4.06162,-1.34781 4.15314,-1.45654 4.08172,-4.84879 -0.0402,-1.90853 -1.16241,-7.37387 -2.49384,-12.1452 -1.33141,-4.77133 -2.81046,-11.01743 -3.28677,-13.88022 -0.4763,-2.8628 -1.79396,-8.21271 -2.92813,-11.88869 -1.13417,-3.67598 -2.06213,-7.35894 -2.06213,-8.18436 0,-0.82543 -0.75621,-3.08796 -1.68047,-5.02785 -0.92425,-1.93989 -2.90658,-7.2357 -4.40516,-11.76846 -1.49858,-4.53276 -3.27985,-9.47153 -3.95837,-10.97503 -0.67852,-1.50351 -1.25026,-3.45542 -1.27051,-4.33757 -0.0202,-0.88216 -1.02599,-4.33659 -2.23495,-7.67652 -1.20896,-3.33993 -2.48925,-7.63413 -2.84511,-9.54266 -0.35584,-1.90853 -1.29647,-4.6412 -2.09027,-6.0726 -1.42787,-2.57475 -2.79685,-3.72949 -13.43329,-11.33103 -3.00243,-2.14573 -5.71499,-4.57306 -6.02793,-5.39405 -0.31294,-0.82099 -2.27907,-3.5953 -4.36917,-6.16513 -4.01763,-4.93977 -5.38104,-7.58136 -9.67769,-18.75047 -1.75267,-4.55606 -2.6682,-8.48707 -2.66514,-11.44336 0.003,-2.47679 -0.34448,-4.71904 -0.77121,-4.98278 -0.42673,-0.26373 -0.97612,-1.94589 -1.22088,-3.73813 -0.24476,-1.79224 -1.07297,-7.31468 -1.84047,-12.27208 -0.76749,-4.95741 -1.29164,-10.03237 -1.16477,-11.27768 l 0.23067,-2.26422 -16.04901,-0.50672 c -18.82041,-0.59422 -31.08208,-2.07011 -36.20926,-4.35837 -2.02262,-0.9027 -3.97452,-1.64307 -4.33757,-1.64526 -0.36305,-0.003 -3.78314,-1.20788 -7.6002,-2.67928 -7.10727,-2.73973 -12.18778,-6.64345 -14.37976,-11.04903 -1.60368,-3.22316 -5.2292,-7.08804 -6.64906,-7.08804 -1.26044,0 -11.36112,7.28928 -17.14181,12.3706 l -3.47005,3.05024 0.0531,6.38668 c 0.038,4.57561 0.72498,8.35472 2.42254,13.3268 4.60347,13.4834 6.29863,16.04902 10.60396,16.04902 2.25358,0 3.47016,-0.74292 5.93815,-3.62621 1.70714,-1.99442 3.10389,-3.85424 3.10389,-4.13294 0,-0.2787 -0.78903,-2.64832 -1.75341,-5.26582 -1.55352,-4.21653 -1.62769,-5.19123 -0.65063,-8.5499 1.5507,-5.33059 4.89318,-7.92062 10.22176,-7.92062 5.73324,0 7.71335,0.90532 12.19727,5.5767 6.42187,6.69034 8.22411,14.24981 5.57214,23.37227 -0.7182,2.47052 -1.62673,8.60372 -2.01896,13.62934 -0.7607,9.74678 -2.58828,13.96768 -6.59145,15.22323 -3.11912,0.97828 -8.85154,7.95156 -11.24434,13.67834 -0.6515,1.55927 -2.30541,3.71318 -3.67534,4.78646 -2.02934,1.5899 -2.60017,2.86246 -3.08115,6.86889 -0.90541,7.54162 -2.17844,14.20409 -3.22958,16.90226 -0.52326,1.34317 -0.95139,3.46256 -0.95139,4.70974 0,1.24718 -0.36916,3.46645 -0.82035,4.93173 -2.62245,8.51653 -5.15887,25.8121 -9.61433,65.55891 -0.89826,8.01328 -1.94397,13.09241 -3.53589,17.17422 -0.42744,1.096 -0.77717,3.54843 -0.77717,5.44983 0,1.90141 -0.58557,4.85858 -1.30127,6.57148 -2.52882,6.0523 -2.02289,6.54738 10.41017,10.18701 5.24562,1.5356 14.60658,1.75936 17.12893,0.40944 z M 335.72153,667.3449 c 7.54233,-5.56026 19.23298,-19.25179 20.64639,-24.18009 0.66061,-2.30343 0.44884,-2.66992 -2.47346,-4.28048 -1.75777,-0.96875 -6.58226,-4.18419 -10.72109,-7.14542 -4.13883,-2.96123 -9.81509,-7.00213 -12.61391,-8.97977 -2.79881,-1.97764 -5.65859,-4.2856 -6.35508,-5.1288 -0.69647,-0.84319 -2.37182,-2.2072 -3.72298,-3.03111 l -2.45665,-1.49804 -3.31574,3.59715 c -2.95189,3.20242 -3.3672,4.21518 -3.7848,9.22937 -0.25798,3.09772 -0.72626,7.28501 -1.04061,9.30507 -0.34439,2.21306 -0.14709,4.79904 0.4964,6.50636 0.97995,2.6 1.8369,6.55147 3.15435,14.54495 0.27523,1.66997 0.79071,3.42668 1.14552,3.90382 0.35479,0.47713 0.89533,1.91632 1.20119,3.19819 0.49213,2.06257 0.88012,2.28133 3.37279,1.90164 1.95572,-0.29788 4.00998,0.21366 6.72051,1.67355 5.02307,2.70541 6.5179,2.76425 9.74717,0.38361 z m 29.05683,-50.31582 c 1.69319,-3.56694 2.65061,-7.09577 3.58934,-13.2296 4.17873,-27.30446 4.73693,-30.18951 6.96326,-35.98959 1.00471,-2.61749 1.82674,-5.45509 1.82674,-6.30577 0,-0.85068 0.99652,-4.36962 2.21449,-7.81987 1.21797,-3.45025 2.60339,-8.02991 3.07871,-10.177 0.47532,-2.1471 1.23552,-5.36775 1.68932,-7.15699 0.45381,-1.78925 1.24298,-4.9123 1.75371,-6.94012 1.97238,-7.83118 3.29786,-18.82535 3.37302,-27.97733 0.0431,-5.24846 0.45708,-11.18359 0.91995,-13.18916 0.46288,-2.00558 1.02348,-6.88535 1.24577,-10.84393 0.2223,-3.95858 0.8544,-14.38497 1.40468,-23.16974 0.95193,-15.197 0.90702,-16.4603 -0.92522,-26.02542 -1.05914,-5.52922 -2.41684,-11.02907 -3.0171,-12.2219 -0.60026,-1.19283 -1.35956,-3.33993 -1.68734,-4.77133 -0.32776,-1.4314 -2.19513,-5.92078 -4.14968,-9.97641 -1.95456,-4.05563 -4.02511,-8.9354 -4.60123,-10.84393 -0.73613,-2.43862 -1.5925,-3.55139 -2.88108,-3.7437 -1.56565,-0.23366 -2.5891,1.28764 -7.00343,10.41017 -2.84339,5.8761 -5.76103,12.98432 -6.48361,15.79605 -0.88449,3.4417 -2.24453,6.0725 -4.16209,8.05091 -2.31746,2.39103 -2.67113,3.2167 -1.89774,4.43043 0.5345,0.83882 1.7593,1.37295 2.79832,1.22033 2.17363,-0.31927 2.50442,1.68278 0.54651,3.30771 -1.62002,1.34449 -1.68458,5.12833 -0.12623,7.39772 1.52718,2.22401 2.29421,5.44225 3.19915,13.42262 1.01783,8.97597 1.78857,13.29279 2.55567,14.31398 1.8417,2.45178 2.64239,7.1786 1.63202,9.63458 -0.56807,1.38084 -1.10489,5.43848 -1.19293,9.01698 -0.19441,7.9022 -0.96448,11.10335 -3.28467,13.65425 -1.69415,1.86262 -1.70376,2.0128 -0.23297,3.63802 0.84378,0.93236 2.5671,1.81481 3.82961,1.961 2.18671,0.2532 2.30843,0.53302 2.56853,5.90464 0.15018,3.10136 -0.33123,10.7138 -1.06979,16.91653 -0.73856,6.20272 -1.28401,13.22959 -1.21211,15.61525 0.22708,7.53508 -1.77886,27.8327 -3.14052,31.77824 -1.32193,3.83039 -1.01126,6.28879 1.48698,11.76691 0.98874,2.16811 0.32649,7.64365 -1.13789,9.40811 -0.53923,0.64974 -2.73039,1.44377 -4.86924,1.76451 -3.47723,0.52144 -4.31902,0.28129 -7.95357,-2.26905 -4.97365,-3.48997 -12.28238,-10.46889 -12.29608,-11.74121 -0.005,-0.51324 -0.96493,-1.83023 -2.132,-2.92663 l -2.12195,-1.99346 -2.86626,1.6697 c -1.57644,0.91834 -3.76395,3.29089 -4.86112,5.27233 -1.86846,3.37435 -1.91008,3.76656 -0.6568,6.19012 0.73593,1.42313 1.75528,2.84537 2.26524,3.16054 0.50996,0.31517 1.27722,1.49366 1.70501,2.61885 0.89877,2.36394 16.10287,15.26511 21.23678,18.02009 4.93377,2.64758 10.18013,4.8184 11.78172,4.875 0.75436,0.0266 1.78851,-0.82989 2.29812,-1.90343 z M 277.5363,590.86965 c 3.50237,-0.67012 7.60023,-1.92562 9.10635,-2.79001 2.34863,-1.34793 3.3782,-1.44056 7.23354,-0.65081 3.87852,0.79451 4.55143,0.73097 4.90548,-0.46316 0.85787,-2.8934 3.43971,-7.45503 6.14705,-10.86067 1.54606,-1.94482 2.8148,-3.93974 2.81942,-4.43318 0.0174,-1.85918 9.2894,-9.92235 13.45489,-11.70078 3.30134,-1.40947 5.68155,-1.78385 9.96325,-1.56709 l 5.62567,0.2848 0.70036,-3.90382 c 0.3852,-2.1471 1.08054,-5.07496 1.54519,-6.50635 0.46466,-1.4314 1.23938,-6.31117 1.72159,-10.84393 0.4822,-4.53276 1.25402,-11.16925 1.71514,-14.74774 2.50035,-19.40396 2.74518,-52.70609 0.58038,-78.9438 -1.50588,-18.25144 -1.60523,-18.7851 -4.63165,-24.87756 -1.70102,-3.42431 -4.01216,-7.08974 -5.13587,-8.14542 -1.88362,-1.76957 -2.19991,-1.81667 -4.05166,-0.60336 -4.28317,2.80645 -18.30037,17.83536 -21.24876,22.78242 -1.70619,2.86279 -3.75278,5.98585 -4.54797,6.94011 -0.7952,0.95427 -3.11579,4.60148 -5.15685,8.10493 -2.78015,4.77205 -4.44397,6.67612 -6.63295,7.59074 -1.60705,0.67147 -3.26696,1.22086 -3.68867,1.22086 -0.42172,0 -3.70006,-1.95349 -7.28522,-4.34108 -5.35068,-3.56336 -6.77245,-5.00614 -7.93624,-8.05351 -0.77979,-2.04184 -1.4178,-5.06586 -1.4178,-6.72006 0,-4.51017 -2.28389,-14.53662 -3.85873,-16.94013 -1.71201,-2.61286 -2.20995,-2.61491 -9.65674,-0.0397 -9.0878,3.14258 -14.86057,4.864 -16.31151,4.864 -0.71873,0 -2.31207,0.87835 -3.54075,1.9519 l -2.23399,1.95191 2.5925,5.44306 c 4.45701,9.35768 5.58478,20.57163 4.91804,48.90258 -0.62893,26.72396 -1.84185,45.47593 -3.16693,48.96115 -1.19923,3.15421 0.26065,4.69873 4.44121,4.69873 2.42255,0 4.11245,0.67684 6.18325,2.47653 3.68825,3.20539 7.67755,4.96695 14.12729,6.23821 6.95593,1.37103 9.11919,2.59956 13.23632,7.51701 3.56175,4.25413 5.40183,8.96498 5.4104,13.8514 0.006,3.22318 -2.97137,6.02347 -7.24016,6.81032 -2.99645,0.55233 -11.11139,-1.1192 -19.21418,-3.95776 -2.8628,-1.0029 -6.68254,-2.13728 -8.48833,-2.52085 -1.80577,-0.38357 -5.24755,-1.91849 -7.64838,-3.41093 -2.40084,-1.49245 -4.78538,-2.71353 -5.299,-2.71353 -0.64614,0 -0.72477,2.20487 -0.25522,7.15699 0.37324,3.93634 0.75099,9.30409 0.83945,11.92832 0.0884,2.62423 0.22924,5.21194 0.31286,5.75047 0.63928,4.11723 27.39656,6.92459 41.06793,4.30882 z m 21.52667,-53.82723 c -1.20298,-0.65465 -4.03325,-3.56741 -6.28948,-6.47279 -3.33194,-4.2906 -4.10224,-5.93608 -4.10224,-8.76317 0,-1.91437 0.47964,-4.35373 1.06587,-5.4208 2.06957,-3.76716 11.76115,-19.00936 18.60897,-29.26684 2.38898,-3.57849 5.18415,-8.26307 6.21147,-10.41017 4.94664,-10.33839 10.52606,-17.35028 13.80577,-17.35028 3.37166,0 7.51895,3.92743 10.58006,10.01916 2.56186,5.09825 2.81151,6.22237 2.31671,10.43224 -0.46075,3.92036 -1.2621,5.59638 -4.73842,9.91045 -2.30114,2.85568 -5.27863,7.35587 -6.61665,10.00042 -1.33801,2.64455 -3.56832,6.23718 -4.95622,7.98363 -1.3879,1.74644 -3.17259,4.56326 -3.96598,6.25957 -0.79338,1.69632 -2.52221,4.80381 -3.84184,6.90553 -1.31962,2.10173 -2.9961,5.87415 -3.72549,8.38317 -2.24525,7.72337 -8.36809,11.04656 -14.35253,7.78988 z m -107.79389,23.86727 c 1.80229,-0.5005 6.66968,-0.91218 10.81644,-0.91483 4.9808,-0.003 7.76092,-0.36303 8.19184,-1.06026 0.35875,-0.58048 0.73483,-3.41075 0.83573,-6.28948 0.10198,-2.90947 0.94409,-6.98696 1.8961,-9.18088 0.94195,-2.17076 1.99999,-6.46495 2.35118,-9.54266 0.35119,-3.07771 1.00218,-6.28698 1.44664,-7.13171 1.16737,-2.21871 2.32159,-13.52806 2.97251,-29.12541 0.31174,-7.47006 0.71686,-13.84039 0.90025,-14.15626 0.38683,-0.66626 1.49905,-14.66932 1.47027,-18.51099 -0.0728,-9.71998 -0.12031,-9.8875 -3.16423,-11.15933 -1.80345,-0.75353 -3.308,-2.22296 -4.00906,-3.91545 -1.3273,-3.20438 -2.387,-3.43482 -3.48276,-0.75735 -1.51348,3.69817 -3.65966,29.14671 -3.79733,45.02726 -0.12419,14.32501 0.0757,16.75924 1.99931,24.357 l 2.13729,8.44139 -1.64729,4.84626 c -2.29877,6.76288 -7.33835,10.80621 -15.07064,12.09142 -2.9887,0.49675 -4.82815,1.65387 -8.89202,5.59355 l -5.12381,4.96723 v 5.64213 c 0,3.10317 0.25137,5.89349 0.5586,6.20072 0.30723,0.30723 1.85808,-0.58236 3.44634,-1.97687 1.58826,-1.39452 4.36234,-2.94498 6.16464,-3.44548 z M 497.20749,420.53711 c -0.52278,-2.19674 -5.59822,-8.01698 -18.72342,-21.47098 -5.62415,-5.76504 -18.06128,-22.35413 -20.8125,-27.76045 -0.97124,-1.90853 -2.4341,-4.25082 -3.25081,-5.20509 -2.19246,-2.5617 -6.1269,-12.00534 -6.1269,-14.70607 0,-1.42591 0.97843,-3.32235 2.4982,-4.84212 2.15374,-2.15373 2.96115,-2.42917 5.85572,-1.99753 5.46533,0.815 8.49846,2.97593 8.99636,6.40939 0.37199,2.56522 1.11315,3.36298 5.20509,5.60257 5.63166,3.0823 16.19944,9.98207 21.6594,14.14156 2.13146,1.62377 4.78564,3.29838 5.89817,3.72137 5.7052,2.16911 12.13271,5.63793 13.88111,7.49139 1.08172,1.14674 2.64325,1.95654 3.47005,1.79955 2.30518,-0.43769 2.44216,-7.14872 0.2472,-12.11079 -1.79102,-4.04889 -10.13237,-12.6203 -16.37292,-16.82449 -14.20044,-9.56667 -32.60782,-27.57622 -38.51094,-37.67861 -1.77187,-3.03231 -3.48585,-7.27555 -3.80883,-9.42941 -0.54523,-3.63576 -0.39124,-4.09128 2.15086,-6.36264 1.50597,-1.34558 3.50071,-2.44652 4.43275,-2.44652 3.23843,0 8.43217,3.52903 13.295,9.03367 5.94444,6.72897 11.96618,10.03915 18.33575,10.07923 2.47121,0.0155 5.11888,0.58334 6.06808,1.30127 3.38905,2.56335 10.49858,0.89561 8.16559,-1.91548 -0.52421,-0.63162 -1.47728,-1.1484 -2.11796,-1.1484 -0.64068,0 -2.44719,-1.11701 -4.01446,-2.48225 -1.56729,-1.36523 -4.21595,-3.17687 -5.88591,-4.02586 -7.91042,-4.02158 -19.80238,-16.22242 -25.78761,-26.45743 -2.65067,-4.53276 -5.92095,-9.94525 -7.26729,-12.02776 -4.35433,-6.73525 -7.41261,-19.41764 -8.51836,-35.32485 -0.46713,-6.72005 -1.60603,-15.11325 -2.5309,-18.65156 -0.92486,-3.53829 -1.94048,-7.91163 -2.25691,-9.71852 -0.55847,-3.18885 -5.19465,-8.92513 -9.67127,-11.96613 -2.72367,-1.85021 -6.47071,-9.15173 -8.20028,-15.97913 -1.80248,-7.11524 -3.30381,-11.46754 -4.78803,-13.88022 -0.58704,-0.95427 -1.33883,-2.64282 -1.67064,-3.75232 -0.33181,-1.10951 -2.57469,-5.20852 -4.98416,-9.1089 -2.40948,-3.90039 -5.53352,-9.02523 -6.94231,-11.38855 -1.40879,-2.36331 -3.99309,-5.92337 -5.74288,-7.91123 -1.7498,-1.98788 -3.76266,-4.73883 -4.47304,-6.11325 -1.85417,-3.58734 -7.69825,-10.75057 -16.90163,-20.71672 -4.40614,-4.77133 -9.54626,-10.431863 -11.42248,-12.578963 -9.03287,-10.33703 -13.92791,-14.57043 -21.54829,-18.63572 -4.2942,-2.29086 -8.58839,-4.84504 -9.54266,-5.67597 -0.95426,-0.830929 -3.10136,-2.18768 -4.77133,-3.015003 -1.66996,-0.827323 -3.81706,-2.194505 -4.77132,-3.038181 -2.58864,-2.28864 -11.71803,-6.708787 -15.1815,-7.350375 -3.17988,-0.589056 -9.99384,-2.459287 -16.29621,-4.472832 -5.79036,-1.849961 -10.66755,-1.474104 -16.80534,1.295095 -7.20926,3.252609 -15.85074,9.061829 -18.19345,12.230508 -1.30237,1.761559 -2.92123,2.703823 -5.35041,3.114231 -2.40269,0.405931 -4.33402,1.517363 -6.22665,3.583277 -2.45408,2.67878 -3.14935,2.96587 -6.58826,2.72037 -3.29809,-0.23545 -4.03376,-0.65272 -5.17502,-2.93524 -0.73172,-1.46342 -2.19565,-3.760762 -3.25318,-5.105197 -1.05754,-1.344433 -1.92279,-3.022552 -1.92279,-3.729151 0,-0.706599 -0.68316,-3.231971 -1.51814,-5.611938 -1.69568,-4.833224 -3.82819,-6.895885 -13.55524,-13.111276 -6.51395,-4.162276 -6.60487,-4.18974 -12.4439,-3.759059 -3.2351,0.238618 -8.41949,0.913892 -11.52085,1.500608 -3.10137,0.586717 -9.15228,1.146973 -13.44647,1.245013 -9.09427,0.207631 -16.4273,1.589162 -19.67984,3.707646 -2.33923,1.523616 -10.2494,10.887271 -10.2494,12.132716 0,0.375163 -1.14449,2.070572 -2.5433,3.767576 -1.39881,1.697005 -3.3636,5.520498 -4.3662,8.496652 -1.00259,2.97615 -2.16235,6.06843 -2.57723,6.87173 -0.41489,0.8033 -1.16666,3.02207 -1.67061,4.9306 -2.05191,7.7708 -2.91002,9.95548 -5.78695,14.73309 -1.65469,2.747903 -3.00854,5.277393 -3.00854,5.621093 0,0.34369 -2.59897,3.12057 -5.77551,6.17084 -7.55519,7.25486 -13.43226,15.54942 -11.01748,15.54942 0.70996,0 15.5213,-5.84797 17.48572,-6.90389 0.81184,-0.43638 4.40392,-1.83774 7.98242,-3.11414 9.87782,-3.52329 12.81164,-4.83007 15.80962,-7.0419 3.31174,-2.44333 7.11934,-2.5846 10.70632,-0.39724 2.99723,1.82773 8.41306,8.26441 7.62052,9.05696 -0.28471,0.2847 0.26228,2.01396 1.21551,3.84279 2.96779,5.69383 3.23248,8.61742 1.06638,11.77865 -1.05102,1.53386 -3.34612,3.48693 -5.10023,4.34014 -1.7541,0.8532 -3.56496,2.37169 -4.02411,3.37442 -0.45916,1.00272 -1.74951,2.15224 -2.86746,2.55447 -1.6473,0.5927 -2.11873,0.40208 -2.48684,-1.00559 -0.24982,-0.95531 -0.89667,-1.73436 -1.43743,-1.73122 -4.81363,0.028 -38.3929,31.89899 -36.06327,34.22862 0.56966,0.56965 1.36663,0.49642 2.35527,-0.21641 0.82186,-0.59257 2.66542,-1.82557 4.09682,-2.74 4.85378,-3.10078 8.4139,-5.67816 11.58556,-8.38746 1.73919,-1.48565 4.33424,-3.3 5.76677,-4.03188 1.43252,-0.73187 3.34734,-2.1514 4.25515,-3.15451 0.9078,-1.00312 2.31982,-1.82385 3.1378,-1.82385 0.81799,0 3.39257,-1.50956 5.72127,-3.35458 2.32871,-1.84502 5.99073,-4.23984 8.13783,-5.32183 2.14709,-1.08199 5.18614,-3.08586 6.75342,-4.45305 1.56728,-1.36718 3.29884,-2.48579 3.8479,-2.48579 0.54906,0 1.90593,-0.85268 3.01527,-1.89485 1.10934,-1.04217 3.32747,-2.70129 4.92918,-3.68694 1.6017,-0.98564 5.75792,-3.74399 9.23605,-6.12965 3.47811,-2.38567 7.23847,-4.84685 8.35633,-5.46931 1.11786,-0.62245 2.03247,-1.43592 2.03247,-1.80771 0,-1.0479 8.61644,-6.72806 13.44039,-8.86021 3.94923,-1.74554 8.37272,-2.63305 19.62224,-3.93693 8.22873,-0.95375 18.40845,5.57909 25.51325,16.37314 2.28201,3.46696 5.26085,7.9289 6.61966,9.91544 1.35881,1.98653 2.47056,3.96359 2.47056,4.39347 0,1.59591 10.54915,13.24875 11.9939,13.24875 0.82481,0 2.7819,-1.17115 4.34908,-2.60255 1.56718,-1.43139 3.02437,-2.60254 3.2382,-2.60254 0.56998,0 13.24846,-10.35595 13.82953,-11.29614 0.70938,-1.1478 8.14257,-4.31911 10.1235,-4.31911 2.3166,0 16.78765,8.75512 21.52936,13.02547 2.14709,1.93365 6.20853,5.55209 9.0254,8.04097 2.81688,2.48887 7.99382,8.12002 11.50431,12.51366 3.86971,4.84321 7.57133,8.55246 9.40162,9.42099 1.6604,0.78791 2.79814,1.78977 2.52831,2.22635 -0.26982,0.43659 -0.16878,0.72025 0.22453,0.63035 0.39332,-0.0899 2.6018,0.68119 4.90774,1.71353 2.30593,1.03234 4.55935,1.87699 5.00759,1.87699 1.32519,0 8.61288,7.08246 9.95171,9.67145 0.67906,1.31317 1.23466,3.1836 1.23466,4.1565 0,0.97291 1.85862,3.82257 4.13026,6.33256 5.82829,6.43985 8.5834,10.29475 9.15179,12.80502 0.27009,1.19284 1.64315,5.29184 3.05126,9.1089 1.40811,3.81707 3.01898,8.30645 3.57973,9.97642 0.56073,1.66996 1.33787,3.63925 1.72696,4.3762 1.36168,2.57905 3.42556,16.09128 3.84622,25.18124 0.46503,10.04886 -0.44603,15.91755 -2.88584,18.58959 -0.87133,0.95427 -2.38078,3.32319 -3.35434,5.26426 -1.74746,3.48409 -7.0061,8.87694 -10.45681,10.7237 -1.08982,0.58326 -1.98464,2.20075 -2.31924,4.19229 -2.52449,15.02616 -4.79796,23.2411 -7.74883,27.99961 -2.92539,4.71741 -6.56557,8.72198 -7.43815,8.18271 -0.54459,-0.33658 -1.8005,1.55173 -2.05201,3.08524 -0.0412,0.25127 -1.46499,2.20318 -3.16397,4.33757 -1.69898,2.1344 -3.78622,4.99814 -4.63831,6.36386 -1.39319,2.23299 -1.88511,2.42943 -4.8831,1.95003 -2.12826,-0.34032 -3.55868,-0.1693 -3.95561,0.47295 -0.4266,0.69024 -0.0346,0.85249 1.24892,0.51684 1.22324,-0.31988 1.87068,-0.09 1.87068,0.6643 0,1.34296 4.14467,6.49171 5.22572,6.49171 0.40366,0 1.8029,0.40642 3.10943,0.90317 2.16022,0.82131 2.25188,1.02679 1.01138,2.26729 -1.24051,1.24051 -1.2091,1.6269 0.3465,4.26346 0.94085,1.59462 2.4696,3.1402 3.39722,3.43462 0.92762,0.29441 2.48921,2.10858 3.4702,4.03147 1.64109,3.21681 2.00386,3.45576 4.5399,2.99031 1.51596,-0.27823 6.29967,-0.76207 10.63045,-1.0752 l 7.87417,-0.56933 7.74109,3.99921 c 4.2576,2.19957 8.9674,5.08315 10.46623,6.40797 9.818,8.67815 15.71204,13.18264 30.24039,23.11111 2.38567,1.63033 5.06775,3.77285 5.96018,4.76115 2.99431,3.32061 27.76773,13.77835 26.03693,6.41764 z m -206.36745,-5.32149 c 3.27257,-4.13606 3.35594,-5.78946 0.28162,-5.58486 -2.97585,0.19804 -6.78798,2.68675 -6.78798,4.43146 0,1.35471 2.42075,4.55806 3.38764,4.48282 0.28389,-0.0221 1.68732,-1.52034 3.11872,-3.32942 z m 108.00551,-4.38684 c 0,-0.92611 -0.39038,-1.9251 -0.86751,-2.21999 -0.49202,-0.30408 -0.86752,0.42475 -0.86752,1.68383 0,1.22099 0.39038,2.21998 0.86752,2.21998 0.47713,0 0.86751,-0.75772 0.86751,-1.68382 z M 227.94526,398.54866 c 2.62423,-0.48846 5.97019,-1.25502 7.43547,-1.70347 1.46527,-0.44845 3.28794,-0.81536 4.05039,-0.81536 0.76244,0 2.49144,-0.56182 3.84222,-1.24848 1.35078,-0.68666 5.57901,-1.91736 9.39608,-2.73487 3.81706,-0.81752 9.38977,-2.59799 12.3838,-3.9566 2.99403,-1.35863 5.85846,-2.47022 6.3654,-2.47022 0.50694,0 3.32743,-1.33533 6.26775,-2.96741 2.94032,-1.63208 7.61935,-3.62 10.39783,-4.41761 8.65964,-2.48589 19.21021,-9.01771 27.5209,-17.03807 13.26947,-12.80591 20.1455,-17.40835 27.84816,-18.64005 2.11214,-0.33774 4.02477,-1.34136 5.05692,-2.65354 0.91299,-1.16069 3.11306,-2.51155 4.88904,-3.00192 5.10004,-1.40819 9.3636,-4.55756 12.93548,-9.55508 1.81657,-2.5416 4.96548,-6.37781 6.99757,-8.52491 2.0321,-2.1471 4.65429,-6.05091 5.82707,-8.67514 3.6921,-8.26145 3.69208,-8.3408 -0.004,-10.71226 -11.0303,-7.07737 -15.03671,-17.29676 -8.72096,-22.24509 3.13803,-2.45862 3.0096,-3.78157 -0.63717,-6.56309 -1.66256,-1.26809 -3.86707,-3.67163 -4.89891,-5.34118 -3.61674,-5.85202 -1.93439,-18.48488 3.27589,-24.5988 0.96783,-1.13569 0.96574,-2.10744 -0.0127,-5.87936 -0.64469,-2.48534 -1.37345,-4.72009 -1.61946,-4.96611 -0.24602,-0.24601 -1.85131,0.22223 -3.56731,1.04053 -2.98201,1.42202 -3.25629,1.41443 -6.20139,-0.17161 -1.69476,-0.91269 -4.87191,-3.4773 -7.06034,-5.69913 -3.255,-3.3047 -4.06009,-4.75957 -4.42491,-7.99627 -0.8179,-7.25642 3.95924,-14.45686 12.59021,-18.97686 1.77666,-0.93043 4.36367,-2.79734 5.7489,-4.14869 l 2.51859,-2.457 -3.60298,-4.09322 c -1.98125,-2.25126 -3.6026,-4.46637 -3.6026,-4.92246 0,-1.79217 -10.67601,-12.34524 -16.07925,-15.89411 -12.6512,-8.30933 -14.72934,-7.65767 -33.39018,10.47042 -6.38707,6.20473 -8.66208,7.1337 -13.00166,5.30911 -4.13661,-1.73925 -16.19908,-15.28799 -21.22025,-23.83489 -0.46405,-0.78991 -2.26566,-3.58328 -4.00358,-6.20751 -1.73791,-2.62424 -3.84113,-6.13767 -4.67381,-7.80763 -0.83269,-1.66997 -2.84066,-4.42255 -4.46218,-6.11685 -2.94499,-3.0772 -2.95411,-3.07983 -8.36268,-2.41567 -11.83148,1.4529 -19.15019,4.30568 -28.40359,11.0715 -2.62423,1.91876 -6.16377,4.251 -7.86566,5.18276 -1.70188,0.93175 -3.63185,2.34177 -4.28881,3.13336 -0.65697,0.7916 -2.97314,2.24872 -5.14705,3.23806 -2.17392,0.98934 -4.98311,2.74433 -6.24267,3.89998 -1.25955,1.15564 -3.93521,2.4708 -5.9459,2.92257 -3.58379,0.80523 -8.96283,4.18567 -11.02065,6.92591 -0.57137,0.76085 -2.91366,2.09077 -5.20509,2.9554 -4.83657,1.82497 -13.27513,6.99331 -13.27513,8.13057 0,0.42819 0.91607,1.37875 2.0357,2.11236 1.11964,0.73361 2.53333,2.53522 3.14154,4.00359 0.60822,1.46835 1.49012,2.66974 1.95976,2.66974 0.46966,0 2.04389,1.00129 3.4983,2.2251 3.10686,2.61425 12.81596,7.62623 18.53414,9.56761 2.89877,0.98415 5.443,1.19922 9.12777,0.77155 5.09794,-0.59168 5.11605,-0.58563 8.56368,2.862 1.90021,1.90021 3.45493,4.25858 3.45493,5.24082 0,0.98224 0.3963,2.03082 0.88066,2.33016 1.14937,0.71036 3.27069,5.81947 3.48271,8.38802 0.49645,6.01426 0.12871,6.78 -4.14649,8.63427 -3.38059,1.46625 -5.05556,1.67681 -9.32578,1.17233 -2.8628,-0.33821 -5.98585,-0.60795 -6.94011,-0.59944 -0.95427,0.009 -3.57575,-0.33069 -5.82552,-0.75377 -4.90442,-0.92231 -5.93572,-0.5977 -8.31192,2.61629 l -1.8224,2.46493 3.05405,6.12238 c 3.68536,7.3879 5.34362,16.11224 5.55069,29.20281 0.14666,9.27154 -0.43803,12.39574 -3.26583,17.45051 -1.13105,2.02179 -14.44353,8.13913 -17.72374,8.1444 -1.11008,0.002 -3.32567,0.80029 -4.92354,1.77445 -2.87822,1.75475 -8.50137,3.86816 -11.8385,4.44939 -1.43929,0.25068 -1.69149,0.8844 -1.49654,3.76044 0.12897,1.90242 1.15551,5.60605 2.2812,8.23028 4.03388,9.4038 5.7177,14.38863 5.71985,16.93329 0.003,3.4594 3.85583,17.67397 6.17505,22.78171 1.58241,3.48503 6.14372,10.69364 15.30637,24.18989 1.0805,1.59154 2.3589,2.8937 2.8409,2.8937 0.48199,0 1.24741,0.97595 1.70092,2.16879 0.45351,1.19283 1.42947,2.16878 2.16879,2.16878 0.73932,0 1.71527,0.97596 2.16878,2.16879 0.45351,1.19283 1.14328,2.16878 1.53282,2.16878 0.38954,0 2.15682,1.36634 3.9273,3.0363 2.20403,2.07891 4.03904,3.0363 5.81958,3.0363 3.50552,0 3.66329,0.0383 5.52798,1.34446 1.78979,1.25361 10.39495,0.99644 18.7604,-0.56066 z m 8.06775,-9.67582 c -1.47552,-1.55068 -3.89439,-4.8145 -5.37526,-7.25294 -2.54458,-4.18997 -2.69249,-4.91823 -2.69249,-13.25745 0,-5.88099 -0.434,-9.86264 -1.30127,-11.93832 -0.7157,-1.71291 -1.30127,-5.24383 -1.30127,-7.8465 0,-4.10997 0.34504,-5.07714 2.62438,-7.35648 2.12412,-2.12414 3.07495,-2.51193 4.9882,-2.03447 3.32329,0.82935 4.95552,2.52925 8.47996,8.83154 1.71172,3.06085 3.67321,5.50342 4.41946,5.50342 0.73798,0 2.45071,-0.78963 3.80608,-1.75474 2.07198,-1.47538 8.36578,-4.54765 16.02133,-7.82068 11.19909,-4.78803 20.91452,-7.3269 25.06103,-6.54901 5.27017,0.98869 10.94081,9.49785 10.94081,16.41741 0,4.8944 -1.38546,6.04195 -8.14643,6.74759 -6.61048,0.68993 -19.57253,5.26336 -24.47271,8.63479 -2.03242,1.39834 -3.97515,2.54244 -4.31717,2.54244 -1.61074,0 -9.94005,7.68723 -16.31363,15.05607 -5.22735,6.04362 -8.17748,6.53701 -12.42102,2.07733 z m -32.10584,-45.24662 c -3.98097,-1.44891 -7.11467,-4.63428 -9.46754,-9.62365 -2.8853,-6.11841 -2.7449,-12.0248 0.46053,-19.37367 3.29721,-7.55928 7.01465,-18.75632 7.03873,-21.20088 0.0554,-5.62522 6.2887,-13.35484 9.87679,-12.24779 4.12865,1.27384 10.9245,11.90356 10.9245,17.08755 0,1.60999 -0.57427,4.8354 -1.27615,7.16757 -0.70188,2.33218 -0.99467,4.50356 -0.65064,4.82532 0.34403,0.32174 2.57742,0.27061 4.96309,-0.11363 5.03194,-0.81046 8.9414,-0.28313 10.98058,1.4811 2.76451,2.39175 5.43669,9.93524 5.16011,14.5668 -0.38476,6.44295 -1.25471,7.13282 -13.63876,10.8156 -3.39526,1.0097 -6.9087,2.40529 -7.80762,3.10133 -2.84562,2.20337 -9.14324,4.73852 -11.50424,4.63112 -1.25146,-0.0569 -3.52818,-0.55947 -5.05938,-1.11677 z m 44.93612,-30.04759 c -3.15511,-0.93032 -6.67549,-2.68446 -8.13674,-4.05439 -4.61163,-4.3234 -8.29031,-10.93038 -8.88991,-15.96646 -0.30555,-2.56627 -1.54201,-7.789 -2.74769,-11.60606 -2.00303,-6.34145 -2.78087,-11.11893 -4.23725,-26.02543 -0.4906,-5.02148 -0.39466,-5.35044 2.71983,-9.32578 1.77561,-2.26638 3.90912,-4.12069 4.74113,-4.12069 2.44937,0 3.22541,-1.83029 3.25354,-7.67336 0.0236,-4.90906 0.30767,-5.80067 2.62561,-8.24139 1.42952,-1.50524 3.43067,-4.3974 4.44699,-6.42703 1.01631,-2.02962 4.30266,-7.29976 7.30299,-11.71144 6.16339,-9.06262 9.25398,-15.03435 9.25398,-17.88085 0,-1.06588 0.5956,-3.08973 1.32355,-4.49743 1.07214,-2.07329 1.88411,-2.55946 4.27461,-2.55946 5.21402,0 8.49863,6.62762 9.66532,19.50252 0.54179,5.97881 0.40195,6.76515 -2.18684,12.29728 -1.5211,3.25051 -3.29849,6.50169 -3.94974,7.22482 -1.6824,1.8681 -2.51753,5.7793 -1.38364,6.48009 0.51905,0.32079 2.2043,-0.31979 3.74502,-1.42352 1.5407,-1.10371 3.58754,-2.4322 4.54853,-2.95219 0.96098,-0.51999 5.2484,-3.02538 9.5276,-5.56753 8.79147,-5.22275 14.3965,-6.47341 17.92751,-4.0002 3.17763,2.2257 4.93749,1.68899 8.8265,-2.69181 1.99994,-2.25284 6.08944,-6.67118 9.08778,-9.81855 2.99834,-3.14736 6.40934,-7.13201 7.57998,-8.85476 2.46628,-3.62947 4.49214,-4.50943 7.63269,-3.3154 2.53526,0.9639 4.38179,4.06411 5.81811,9.76821 1.4914,5.92294 -0.93212,10.14914 -12.70262,22.15113 -5.39164,5.49767 -9.96039,10.43535 -10.15277,10.97263 -0.19238,0.53727 0.40607,2.48264 1.3299,4.32302 l 1.67968,3.34617 8.71381,-0.59261 c 4.79259,-0.32594 9.6575,-1.02259 10.8109,-1.54811 1.63785,-0.74625 2.34746,-0.68434 3.2404,0.28274 1.64558,1.78221 3.73766,7.58711 4.4526,12.35463 0.54177,3.61279 0.33171,4.52233 -1.73225,7.50062 -2.49322,3.59771 -5.80692,5.23964 -10.57454,5.23964 -7.54638,0 -19.37864,5.04467 -19.37864,8.26205 0,0.56074 -1.16404,2.73738 -2.58675,4.83699 -2.05057,3.02619 -2.59004,4.76418 -2.60255,8.38469 -0.0146,4.20365 -0.23742,4.70198 -2.80017,6.26048 -1.53142,0.93131 -3.9713,1.94422 -5.42197,2.25091 -1.45066,0.3067 -4.78467,2.3883 -7.4089,4.62581 -2.62423,2.23751 -6.12801,5.02507 -7.78618,6.1946 -3.357,2.36774 -15.62044,7.68465 -19.33425,8.38252 -1.31796,0.24766 -2.60974,0.79567 -2.87063,1.21779 -0.82274,1.33122 -11.85208,0.70308 -17.64453,-1.00489 z m 22.23317,-27.87039 c 4.36159,-2.23214 7.18462,-4.20889 7.18462,-5.03082 0,-0.74467 -0.78076,-2.81067 -1.73502,-4.59112 -1.88492,-3.51684 -2.3766,-11.85326 -0.92438,-15.67286 0.44585,-1.17269 0.58793,-2.98381 0.31572,-4.02471 -0.64151,-2.45313 -3.63358,-1.80458 -8.13973,1.76436 -1.76701,1.39949 -4.16715,2.54453 -5.33365,2.54453 -1.1665,0 -5.31381,1.00496 -9.21624,2.23325 -6.56246,2.06554 -7.19615,2.47272 -8.43813,5.42196 -1.49515,3.55044 -1.14759,8.10757 1.16945,15.33392 1.9599,6.1125 2.84766,6.60501 11.02026,6.11382 5.97489,-0.3591 7.88698,-0.91417 14.0971,-4.09233 z m 63.39163,109.83051 c 1.06682,-0.74723 2.71246,-2.87339 3.65698,-4.7248 0.94452,-1.85142 2.20804,-3.67994 2.80781,-4.06337 2.27283,-1.45303 7.94398,-10.90478 7.06836,-11.7804 -0.79695,-0.79696 -7.09596,3.2485 -11.39324,7.31716 -5.68493,5.38249 -7.81534,9.45323 -6.48051,12.38286 1.183,2.59641 1.72026,2.70391 4.3406,0.86855 z m 186.69696,-31.75551 c 0,-2.37369 -2.37271,-5.05652 -4.47203,-5.05652 -1.95389,0 -1.95615,0.063 -0.13863,3.87438 1.66999,3.50201 4.61066,4.25598 4.61066,1.18214 z m -13.88023,-15.7134 c 0,-2.24586 -0.55115,-3.17483 -2.60254,-4.38662 -1.70261,-1.00575 -2.60254,-2.23361 -2.60254,-3.55087 0,-1.10744 -0.56848,-2.48531 -1.26328,-3.06195 -1.55362,-1.28939 -3.53117,-0.33093 -2.33166,1.1301 0.45479,0.55393 0.93844,2.37349 1.07478,4.04345 0.15751,1.92925 1.19863,4.06428 2.85548,5.85572 3.36307,3.63629 4.86976,3.62706 4.86976,-0.0298 z M 391.0742,336.10357 c 1.12752,-2.1068 0.53185,-4.26979 -1.17587,-4.26979 -1.7924,0 -4.34804,3.21749 -3.76418,4.73902 0.74028,1.92912 3.81268,1.63729 4.94005,-0.46923 z m 4.58373,-11.72517 c -0.25743,-0.67086 -0.72278,-1.21976 -1.03408,-1.21976 -1.02004,0 -2.79028,3.51945 -2.22792,4.42937 0.7947,1.28585 3.838,-1.70857 3.262,-3.20961 z m 127.56341,-3.40822 c 0.69962,-1.82318 -2.45577,-4.75165 -5.11981,-4.75165 -1.20782,0 -2.42072,-0.58557 -2.69536,-1.30127 -0.27465,-0.7157 -1.10366,-1.30127 -1.84226,-1.30127 -1.17837,0 -1.167,0.19438 0.0928,1.58645 0.78966,0.87256 1.43955,1.94611 1.44422,2.38567 0.008,0.74295 5.8101,4.57887 7.05569,4.66461 0.3068,0.0211 0.78592,-0.55602 1.06471,-1.28254 z M 387.23746,272.23575 c 2.38335,-2.60202 3.61967,-3.24456 6.5308,-3.39418 5.01641,-0.25785 8.13935,-3.61763 10.85303,-11.67616 1.97446,-5.86336 2.06806,-6.8336 1.16231,-12.04936 -0.54179,-3.11989 -1.93411,-8.68755 -3.09404,-12.37258 -1.15994,-3.68503 -2.10898,-7.30136 -2.10898,-8.03628 0,-4.78361 -7.43858,-11.72285 -12.56639,-11.72285 -3.22798,0 -13.45903,6.93388 -13.45903,9.12157 0,0.56297 3.55245,3.3279 7.89434,6.14429 11.2814,7.31776 14.81741,10.67727 16.61293,15.78372 2.04328,5.81108 1.93675,6.8359 -1.01766,9.79032 -2.99912,2.99911 -5.10365,3.1959 -7.75565,0.72518 -2.16906,-2.02078 -4.45436,-1.6626 -4.45992,0.69901 -0.002,0.84996 -1.02541,3.49728 -2.27425,5.88295 -2.38731,4.56043 -4.82352,12.99599 -3.99312,13.8264 1.46363,1.46363 4.98583,0.21454 7.67563,-2.72203 z m -239.78956,-11.54924 -0.25232,-13.31249 2.63798,-3.67331 c 1.45088,-2.02032 2.63797,-4.22461 2.63797,-4.89842 0,-2.1866 -7.25487,-7.60015 -10.18521,-7.60015 -0.86411,0 -4.29368,-1.6933 -7.62126,-3.7629 -3.3276,-2.06958 -7.02612,-3.97129 -8.21895,-4.22601 -1.19284,-0.25472 -2.82746,-0.74087 -3.63249,-1.08036 -1.13587,-0.47898 -1.84865,0.22466 -3.18239,3.14162 -0.97826,2.13951 -2.8704,4.43402 -4.39203,5.32606 -3.00231,1.76006 -3.4246,4.4128 -1.6839,10.578 0.53886,1.90853 1.03752,4.25082 1.10812,5.20509 0.25926,3.50398 4.12644,14.1455 5.71417,15.72399 0.8997,0.89446 3.75699,3.72583 6.34952,6.29194 l 4.7137,4.66564 7.26218,0.62507 c 3.9942,0.3438 7.65257,0.55389 8.1297,0.46689 0.54685,-0.0997 0.77425,-5.07893 0.61521,-13.47066 z m 12.34543,-50.22046 c 0.26624,-0.43079 -0.48767,-2.87067 -1.67536,-5.42196 -1.33878,-2.87586 -2.16265,-6.20469 -2.16791,-8.7594 -0.0102,-4.98966 -1.56895,-5.41807 -6.31265,-1.73503 -1.68999,1.31212 -4.28115,3.05068 -5.75814,3.86347 -1.47698,0.81279 -2.68542,1.89207 -2.68542,2.39841 0,1.2094 4.81653,4.14121 8.79765,5.35512 1.73734,0.52974 4.27482,1.87601 5.63884,2.99171 2.7441,2.24454 3.44743,2.46547 4.16299,1.30768 z"
       id="path44" />
    <path
       style="fill:#ff0000;fill-opacity:1;stroke-width:0.930918;stroke-dashoffset:0.5"
       d="m 206.12691,397.89036 c -8.53763,-2.18175 -18.10667,-11.69375 -29.62162,-29.44502 -7.44985,-11.48456 -11.71726,-21.9006 -13.40429,-32.71761 -0.43427,-2.78448 -2.6689,-10.28179 -4.96585,-16.66067 -4.22031,-11.72031 -4.4444,-14.87987 -1.05533,-14.87987 2.25798,0 15.75663,-5.12022 26.11438,-9.90555 9.76066,-4.50947 10.80589,-7.26004 9.98583,-26.27807 -0.55168,-12.79382 -1.19105,-15.72047 -6.0417,-27.65527 -1.54446,-3.80009 -1.46816,-4.27366 1.01243,-6.28365 2.18426,-1.76989 3.78618,-1.99242 8.62069,-1.19758 9.45994,1.55531 17.47123,1.27226 21.39316,-0.75584 4.69459,-2.42767 4.81021,-7.06621 0.41067,-16.47516 -4.83052,-10.33062 -5.91763,-11.20257 -13.96676,-11.20257 -5.56609,0 -8.93922,-0.95928 -16.88558,-4.80205 -9.67899,-4.68065 -20.62696,-13.95398 -19.72204,-16.70528 0.23081,-0.70176 3.97823,-3.11842 8.32761,-5.37035 4.34937,-2.25193 9.01632,-5.12409 10.371,-6.38257 1.35468,-1.25849 5.10984,-3.42033 8.34481,-4.8041 3.23496,-1.38377 13.10911,-7.28774 21.94255,-13.11992 19.14048,-12.6373 24.33265,-15.0794 34.2684,-16.11789 9.22017,-0.9637 9.50276,-0.74577 19.05419,14.69385 7.90485,12.77799 18.55804,25.93981 23.78559,29.38666 5.59096,3.68647 8.41435,2.87143 16.71187,-4.82432 17.53448,-16.26278 20.79828,-17.11661 32.46893,-8.49403 6.77398,5.00478 11.74784,10.12667 18.84272,19.40342 l 3.00526,3.92947 -3.9798,3.21686 c -13.65885,11.04034 -15.25658,12.99028 -15.86936,19.36763 -0.51004,5.30798 -0.15192,6.6479 2.67441,10.00681 5.26136,6.25279 10.90417,9.21295 14.76441,7.74529 2.87956,-1.09481 3.38183,-0.87903 4.4415,1.90808 1.56904,4.12691 1.46384,5.60256 -0.59292,8.31644 -2.60397,3.4359 -4.73073,13.90818 -3.81542,18.78723 0.45169,2.40767 2.79217,6.53775 5.24086,9.24816 l 4.42471,4.89761 -2.647,2.46605 c -1.77747,1.65596 -2.64699,3.9475 -2.64699,6.97588 0,3.88356 1.00796,5.49005 7.25838,11.5684 l 7.2584,7.05857 -2.79361,6.0297 c -4.14049,8.93684 -16.90337,23.15642 -24.02187,26.76363 -3.29995,1.67221 -6.32257,3.56247 -6.71694,4.20058 -0.39438,0.63811 -2.51179,1.54756 -4.70539,2.021 -7.04815,1.52121 -12.99061,5.31824 -24.93599,15.93328 -12.90071,11.46396 -17.86101,14.69895 -31.08436,20.27248 -4.91072,2.06983 -12.6821,5.35133 -17.26975,7.29223 -22.22921,9.40452 -52.85703,15.43052 -63.98019,12.58806 z m 47.49343,-15.31131 c 11.8033,-11.35489 23.28013,-17.82643 36.52744,-20.59703 10.60348,-2.21766 11.69951,-2.9749 11.69951,-8.08307 0,-10.18463 -7.74497,-18.37272 -16.00985,-16.92586 -7.18761,1.25828 -18.42932,5.32025 -28.82176,10.41416 -5.41912,2.65622 -10.45284,4.8295 -11.18603,4.8295 -0.7332,0 -2.36379,-1.80111 -3.62354,-4.00246 -5.4737,-9.56504 -10.48488,-11.92259 -14.92164,-7.02003 -2.6565,2.9354 -2.68463,5.26978 -0.29746,24.68267 1.33097,10.82372 2.41598,15.20355 4.48683,18.11179 2.96402,4.16257 8.42732,8.86842 10.2959,8.86842 0.64165,0 5.97442,-4.62513 11.8506,-10.27809 z m -34.9188,-40.81348 c 3.39642,-1.6841 9.77752,-4.31912 14.18023,-5.85556 7.41158,-2.58648 8.08805,-3.12953 9.12631,-7.3263 0.85505,-3.45619 0.60684,-5.88006 -1.04503,-10.20543 -2.79201,-7.31077 -6.48052,-9.76573 -13.48625,-8.97609 l -5.35674,0.60378 0.14687,-8.75914 c 0.13012,-7.76045 -0.25953,-9.35832 -3.41747,-14.01426 -4.86062,-7.16631 -8.71671,-8.01375 -13.27106,-2.91654 -1.91664,2.14509 -3.48726,4.86125 -3.49026,6.03592 -0.003,1.17465 -2.2173,8.50889 -4.92065,16.2983 -6.84792,19.73149 -6.31342,27.52461 2.39009,34.84814 5.0653,4.26218 10.92222,4.34391 19.14396,0.26718 z m 53.81154,-28.82237 c 9.50926,-3.27166 14.16138,-5.77698 21.98584,-11.84015 3.7478,-2.90416 8.99316,-6.19073 11.65635,-7.30348 5.61615,-2.34658 6.73101,-3.73517 6.75691,-8.41584 0.01,-1.87515 1.4102,-6.07026 3.11073,-9.32246 3.49325,-6.6807 8.46312,-9.72219 17.66417,-10.81021 8.59514,-1.01637 11.97814,-2.69591 14.36772,-7.13308 1.88031,-3.49153 1.97123,-4.81431 0.69231,-10.07118 -2.36983,-9.7409 -3.36864,-10.50427 -11.91318,-9.10501 -12.01143,1.96699 -14.68815,1.64209 -16.34001,-1.98335 -1.37144,-3.01 -0.92115,-3.75448 8.00759,-13.23892 14.83209,-15.75517 16.07914,-18.86629 11.55629,-28.83036 -1.97945,-4.3608 -2.95589,-5.23399 -5.8529,-5.23399 -2.79694,0 -4.9663,1.7493 -11.09021,8.94278 -4.18721,4.91853 -9.57891,10.84811 -11.98157,13.17685 -4.20479,4.07545 -4.53064,4.17544 -8.69727,2.66876 -5.57115,-2.01455 -9.94732,-0.62797 -23.75172,7.52568 -5.65743,3.34159 -10.63405,5.7278 -11.05916,5.3027 -0.4251,-0.42511 1.07952,-4.14251 3.34361,-8.26089 3.93509,-7.15791 4.08725,-7.91535 3.45193,-17.1844 -0.83337,-12.15859 -3.58891,-17.54298 -9.26219,-18.0986 -4.12621,-0.4041 -5.35707,1.09676 -6.89578,8.40842 -0.56,2.66104 -10.08754,18.53687 -19.9838,33.29918 -1.75829,2.62285 -2.93391,6.18133 -2.93391,8.8806 0,4.037 -3.52895,9.52611 -6.12433,9.52611 -0.40358,0 -1.75093,1.7219 -2.99412,3.82645 -2.93422,4.96725 -2.00529,17.06835 2.83207,36.89295 3.76446,15.42762 5.71272,20.00522 10.36295,24.34863 6.88415,6.42995 21.09173,8.16141 33.09168,4.03281 z"
       id="path48" />
    <path
       style="fill:#ff0000;fill-opacity:1;stroke-width:0.930918;stroke-dashoffset:0.5"
       d="m 152.21675,206.86457 c -11.88796,-6.11431 -11.46353,-5.32237 -5.17221,-9.65091 6.77736,-4.66295 8.25103,-4.80762 8.25103,-0.81001 0,1.67964 0.90065,5.30485 2.00145,8.05602 1.1008,2.75117 1.79353,5.13033 1.53941,5.28703 -0.25413,0.1567 -3.23298,-1.14026 -6.61968,-2.88213 z"
       id="path50" />
    <path
       style="fill:#ff0000;fill-opacity:1;stroke-width:0.930918;stroke-dashoffset:0.5"
       d="m 381.19747,269.39655 c 1.57729,-5.01503 5.46964,-14.64253 6.26353,-15.49249 0.20872,-0.22346 1.80028,0.52466 3.53682,1.66248 3.0709,2.01214 3.25798,1.96811 6.83455,-1.60846 3.27074,-3.27074 3.55086,-4.11786 2.53403,-7.66334 -1.87666,-6.54351 -4.46345,-9.46406 -14.79418,-16.70299 -5.40832,-3.78971 -9.8333,-7.3607 -9.8333,-7.93553 0,-1.33627 6.14219,-5.72585 10.13749,-7.24486 3.21465,-1.2222 8.40384,1.01464 11.74534,5.06293 2.19394,2.65801 7.62845,23.97917 7.62368,29.90995 -0.007,9.1066 -6.51503,19.08867 -12.44467,19.08867 -1.152,0 -3.74108,1.38546 -5.75351,3.07881 -2.01243,1.69335 -4.52228,3.07882 -5.57745,3.07882 -1.69425,0 -1.72608,-0.61177 -0.27233,-5.23399 z"
       id="path52" />
    <path
       style="fill:#ff0000;fill-opacity:1;stroke-width:0.930918;stroke-dashoffset:0.5"
       d="m 353.95393,614.7818 c -11.87974,-6.18738 -28.70762,-22.14471 -28.70762,-27.22248 0,-1.79949 6.20001,-8.74166 7.80651,-8.74098 0.78647,3.3e-4 3.80669,2.76048 6.7116,6.13366 10.38213,12.0557 20.78077,14.99086 24.67846,6.96582 1.37795,-2.83709 1.3465,-4.213 -0.20007,-8.75195 -1.33269,-3.9112 -1.53079,-6.6765 -0.72363,-10.10087 1.38103,-5.85895 4.82752,-49.68049 4.82928,-61.40337 0.001,-8.44456 -0.0879,-8.69225 -3.60769,-10.02082 l -3.60899,-1.36224 2.33434,-4.75751 c 4.56632,-9.30644 2.52748,-43.17811 -3.46151,-57.50684 -1.56716,-3.74946 -1.67168,-5.20182 -0.50837,-7.06457 2.07812,-3.3276 1.83229,-4.45779 -1.13861,-5.2347 l -2.60296,-0.68069 2.53137,-3.55498 c 1.39226,-1.95524 3.8748,-7.12415 5.51677,-11.48646 4.98495,-13.24379 10.72731,-23.76319 12.1793,-22.3112 3.27339,3.27339 13.06217,29.36546 15.34034,40.88981 2.05722,10.40664 1.75589,19.84933 -2.10254,65.8867 -2.46338,29.39215 -3.79501,36.55336 -12.09507,65.04421 -2.72401,9.35048 -6.15414,24.58752 -7.62251,33.8601 -2.84113,17.94146 -4.96056,24.90015 -7.55525,24.80606 -0.88124,-0.0319 -4.47815,-1.55598 -7.99315,-3.3867 z"
       id="path54" />
    <path
       style="fill:#ff0000;fill-opacity:1;stroke-width:0.930918;stroke-dashoffset:0.5"
       d="m 181.86784,563.22567 c -1.94984,-5.0812 -0.65943,-8.55934 4.89951,-13.20603 3.08534,-2.57903 7.65738,-5.25312 10.16009,-5.94243 6.62695,-1.82522 10.57968,-5.07928 13.1833,-10.85306 2.20593,-4.89189 2.21461,-5.50617 0.21408,-15.15886 -2.84362,-13.7207 -2.30877,-46.54807 1.07504,-65.98252 l 0.73093,-4.19801 2.92851,2.96649 c 1.61068,1.63156 3.86159,3.75185 5.00201,4.71175 1.77052,1.49025 1.95846,3.28977 1.28615,12.31527 -0.43304,5.8135 -1.36265,19.437 -2.0658,30.27444 -1.19191,18.3707 -4.46214,39.23962 -7.3317,46.78712 -0.67962,1.78754 -1.24416,5.0151 -1.25453,7.17236 -0.0103,2.15726 -0.42601,4.53154 -0.92365,5.27618 -0.49763,0.74463 -4.96709,1.68595 -9.93212,2.0918 -5.6368,0.46076 -10.57367,1.65027 -13.14448,3.16708 -3.53417,2.08522 -4.2177,2.16712 -4.82734,0.57842 z"
       id="path56" />
    <path
       style="fill:#ff0000;fill-opacity:1;stroke-width:0.930918;stroke-dashoffset:0.5"
       d=""
       id="path58" />
    <path
       style="fill:#ff0000;fill-opacity:1;stroke-width:0.930918;stroke-dashoffset:0.5"
       d=""
       id="path60" />
    <path
       style="fill:#ff0000;fill-opacity:1;stroke-width:0.930918;stroke-dashoffset:0.5"
       d="m 286.01418,415.85335 c -1.32132,-1.59209 -1.07344,-2.22285 1.54867,-3.94093 4.71873,-3.09183 6.49649,-1.68783 3.00399,2.37243 -2.62335,3.04984 -3.16764,3.23736 -4.55266,1.5685 z"
       id="path62" />
    <path
       style="fill:#ff0000;fill-opacity:1;stroke-width:0.930918;stroke-dashoffset:0.5"
       d="m 189.77377,897.162 c -3.98251,-4.79864 6.62989,-48.71909 11.37866,-47.09168 2.29608,0.78687 1.78729,5.76188 -2.54835,24.91826 -2.14481,9.47649 -3.89965,18.13708 -3.89965,19.24576 0,3.31734 -3.08635,5.14992 -4.93066,2.92766 z"
       id="path66" />
    <path
       style="fill:#ff0000;fill-opacity:1;stroke-width:0.930918;stroke-dashoffset:0.5"
       d="m 367.83977,866.5464 c -5.94425,-11.36511 -10.5505,-20.92106 -10.23612,-21.23544 1.18361,-1.1836 12.10388,16.58318 16.95515,27.58525 8.39343,19.03527 4.7641,15.60536 -6.71903,-6.34981 z"
       id="path68" />
    <path
       style="fill:#ffffff;fill-opacity:1;stroke-width:0.930918;stroke-dashoffset:0.5"
       d="m 133.12808,272.53976 c -1.01601,-0.36564 -4.49993,-3.23049 -7.74205,-6.36632 -6.15367,-5.95195 -9.45901,-13.62466 -11.37581,-26.40678 -0.79112,-5.27558 -0.54481,-6.11468 2.96996,-10.11779 2.10795,-2.40081 3.83263,-4.90002 3.83263,-5.55379 0,-2.25461 4.1295,-1.17565 11.94751,3.12167 4.31294,2.37069 8.5363,4.31034 9.38524,4.31034 0.84895,0 3.42545,1.57109 5.72556,3.49131 l 4.18202,3.4913 -2.68913,4.3511 c -2.32304,3.75876 -2.68913,6.13363 -2.68913,17.44466 v 13.09355 l -5.84976,-0.0972 c -3.21736,-0.0535 -6.68103,-0.39639 -7.69704,-0.76203 z"
       id="path70" />
    <path
       style="fill:#ffffff;fill-opacity:1;stroke-width:0.930918;stroke-dashoffset:0.5"
       d="m 248.47668,286.79695 c -1.0514,-1.61147 -2.50777,-5.602 -3.23637,-8.86783 -2.09422,-9.38703 -0.22733,-11.94758 11.05541,-15.16319 5.07183,-1.44549 11.29972,-3.85553 13.83975,-5.35564 2.54002,-1.50011 4.63611,-2.25709 4.65797,-1.68218 0.62213,16.36269 0.97512,21.18326 1.70475,23.28088 0.74044,2.12871 -0.1255,3.07866 -5.44615,5.97452 -3.9944,2.17402 -8.96915,3.68298 -13.49515,4.09338 -6.55261,0.59417 -7.33282,0.39827 -9.08021,-2.27994 z"
       id="path73" />
    <path
       style="fill:#00ff00;fill-opacity:1;stroke-width:0.930918;stroke-dashoffset:0.5"
       d="m 484.18903,419.91633 c -3.68372,-1.32473 -8.67141,-3.76764 -11.08375,-5.42868 -10.35861,-7.13254 -25.89732,-18.73952 -33.18965,-24.79173 -4.32719,-3.59131 -11.19327,-8.30221 -15.25792,-10.46865 -7.13904,-3.80507 -7.75079,-3.91337 -17.99445,-3.18537 l -10.60415,0.7536 -4.69702,-5.50778 c -3.0632,-3.59194 -4.56252,-6.47449 -4.31034,-8.28692 0.29053,-2.08816 -0.29956,-2.87661 -2.37342,-3.17124 -1.51807,-0.21567 -3.59627,-1.5859 -4.61823,-3.04495 -2.32905,-3.32519 -2.35043,-4.56786 -0.0786,-4.56786 0.97873,0 4.04112,-3.18658 6.8053,-7.08128 2.76419,-3.89471 7.22337,-9.47322 9.90928,-12.39669 5.00197,-5.44436 8.07149,-13.4234 11.0658,-28.76493 1.11616,-5.71868 2.13448,-7.57466 5.61071,-10.22612 2.33588,-1.78166 6.30095,-6.39625 8.81126,-10.25464 4.04711,-6.22044 4.61858,-8.07653 5.04408,-16.38235 0.66109,-12.90515 -1.45545,-25.10812 -7.20048,-41.51462 -5.82061,-16.62228 -6.14707,-17.26645 -13.03807,-25.72675 -2.96366,-3.63851 -5.38842,-7.43756 -5.38842,-8.44235 0,-3.36482 -9.56209,-12.36599 -15.0505,-14.16764 -4.12971,-1.35564 -9.13272,-5.62662 -23.12684,-19.74298 -17.69672,-17.85131 -31.65977,-28.29466 -37.63322,-28.1469 -3.63037,0.0898 -9.02463,3.41902 -20.33895,12.55278 l -10.28349,8.30158 -4.18194,-3.99124 c -2.30008,-2.19518 -7.63,-9.25602 -11.84428,-15.69075 -9.06494,-13.84116 -15.31319,-20.20134 -22.5675,-22.97179 -10.35087,-3.95303 -30.3805,1.12553 -41.1963,10.44543 -3.96875,3.41984 -30.09166,21.18964 -44.68831,30.39869 -9.97104,6.29074 -21.03,13.82402 -27.52717,18.7513 -14.05377,10.65801 -13.32529,7.30941 1.61232,-7.4113 14.68295,-14.46974 22.54098,-20.33044 23.59083,-17.59457 0.40713,1.06097 1.17147,1.92904 1.69853,1.92904 1.61494,0 14.52404,-11.08247 15.31743,-13.15002 0.40996,-1.06834 -0.45148,-5.48571 -1.9143,-9.81638 -4.22607,-12.51118 -13.14988,-18.44802 -20.25219,-13.47338 -2.16818,1.51865 -39.1566,16.73535 -40.67993,16.73535 -1.4032,0 2.61972,-5.53513 9.17662,-12.62611 9.33947,-10.10019 11.6919,-14.191949 16.66386,-28.984756 9.08717,-27.036582 19.52537,-38.406636 35.2818,-38.431531 2.39092,-0.0038 11.16447,-0.850872 19.49679,-1.882433 l 15.14968,-1.875564 7.21846,4.384982 c 8.51274,5.171217 12.97471,10.094138 14.1886,15.65438 0.48413,2.21758 2.49736,6.38726 4.47384,9.265955 4.34617,6.330094 9.01338,7.010487 14.78361,2.155172 2.01242,-1.69335 4.50123,-3.078818 5.53067,-3.078818 1.02944,0 4.37886,-2.206883 7.44316,-4.904184 7.44093,-6.549779 19.24487,-12.337195 25.16278,-12.337195 5.87576,0 27.99632,6.322717 33.37611,9.539893 32.33766,19.338286 35.37782,21.787023 57.06517,45.963989 12.10698,13.49681 15.26123,17.62427 27.69873,36.24489 8.72854,13.06778 13.70492,23.04849 17.27897,34.65498 3.44164,11.17646 4.74505,13.4685 11.86681,20.86765 5.4451,5.65718 6.22359,7.20245 8.06572,16.00985 1.12141,5.36157 2.63906,15.56727 3.37257,22.67934 0.73349,7.11207 2.16367,16.25616 3.17815,20.3202 3.25352,13.03364 18.3785,36.59906 29.13159,45.38836 6.35101,5.19114 17.00444,12.40916 20.02752,13.56922 1.69338,0.64982 1.87925,1.19382 0.78258,2.29049 -1.09667,1.09667 -2.40945,1.08707 -5.52736,-0.0404 -2.249,-0.81325 -5.43522,-1.4908 -7.08048,-1.50568 -5.00367,-0.0452 -12.47063,-4.32393 -19.95978,-11.43726 -8.17411,-7.76396 -11.85363,-9.1817 -16.28827,-6.27602 -7.16663,4.69575 -1.79184,17.58253 14.0101,33.59103 5.84423,5.92064 15.05938,14.12267 20.4781,18.22674 13.51689,10.2375 20.96629,18.4503 22.06956,24.33122 1.08426,5.77955 -0.66325,8.20216 -3.87543,5.37258 -1.20136,-1.05825 -5.23231,-3.43144 -8.95768,-5.27374 -3.72537,-1.84232 -11.48399,-6.54013 -17.24138,-10.4396 -5.75738,-3.89947 -12.31274,-8.03399 -14.56746,-9.18782 -2.43614,-1.24667 -4.80772,-3.79293 -5.84504,-6.27556 -3.21871,-7.70349 -14.95786,-8.65109 -17.68982,-1.42796 -2.88106,7.61738 12.31576,31.77163 36.24864,57.61456 6.43825,6.95207 11.7059,13.37105 11.7059,14.26441 0,2.26698 -4.37561,1.95482 -12.23954,-0.87319 z"
       id="path75" />
    <path
       style="fill:#afe9af;fill-opacity:1;stroke-width:0.930918;stroke-dashoffset:0.5"
       d="m 245.81281,589.69586 c -3.3867,-0.6389 -6.78198,-1.82385 -7.54506,-2.63319 -1.37946,-1.4631 -3.48872,-24.25479 -2.24467,-24.25479 0.35827,0 2.93129,1.16312 5.71782,2.58469 6.05282,3.08792 22.03587,7.99479 29.86591,9.16898 7.98723,1.19776 11.76757,-1.42635 11.76757,-8.16843 0,-9.96547 -6.66559,-17.31178 -19.04934,-20.99473 -4.76301,-1.41654 -10.24758,-3.70376 -12.18795,-5.08271 -1.94036,-1.37896 -5.26548,-2.87213 -7.38916,-3.31817 -3.14289,-0.6601 -3.82014,-1.37042 -3.64034,-3.81804 3.81735,-51.96738 3.58356,-82.28352 -0.72598,-94.14006 -4.1208,-11.3373 -4.5155,-10.64278 8.51002,-14.97439 6.43472,-2.13986 12.9747,-3.94097 14.53328,-4.00247 3.51959,-0.13887 5.78477,4.76776 7.05519,15.28228 0.49103,4.06404 1.63006,8.84038 2.53116,10.61409 1.71679,3.37928 12.38018,10.93763 15.43091,10.93763 3.5069,0 7.20826,-3.91563 15.12966,-16.00551 9.56584,-14.59969 25.23837,-31.57877 28.12596,-30.47069 1.0626,0.40775 3.62335,4.24292 5.69056,8.52258 3.38932,7.01676 3.90149,9.68873 5.21338,27.19768 2.53437,33.82476 0.046,85.48999 -5.10211,105.93514 l -1.39147,5.52604 -7.26409,0.52544 c -5.62519,0.40688 -8.44815,1.37834 -12.5122,4.30577 -5.26462,3.79225 -12.89496,13.43613 -16.696,21.10185 -1.78002,3.58984 -2.47978,4.01213 -5.61073,3.38594 -2.07887,-0.41578 -6.91807,0.31651 -11.55398,1.7484 -8.7072,2.68938 -25.37102,3.15608 -36.65834,1.02667 z M 314.855,527.29727 c 4.20566,-8.86131 17.32313,-30.75681 23.36276,-38.99678 4.1505,-5.6626 4.68028,-11.03239 1.74346,-17.67156 -3.31645,-7.49737 -7.00506,-11.26932 -11.02033,-11.26932 -4.17613,0 -6.95091,3.06855 -14.47714,16.00985 -3.3483,5.75739 -10.60479,17.60929 -16.12554,26.33756 -11.97779,18.93682 -12.33561,21.02682 -5.15519,30.11073 5.10811,6.46225 8.22352,7.81093 13.85159,5.99646 2.57044,-0.82869 4.37236,-3.25193 7.82039,-10.51694 z"
       id="path77" />
    <path
       style="fill:#afe9af;fill-opacity:1;stroke-width:0.930918;stroke-dashoffset:0.5"
       d=""
       id="path79" />
    <path
       style="fill:#afe9af;fill-opacity:1;stroke-width:0.930918;stroke-dashoffset:0.5"
       d="m 330.71168,395.19642 c -1.62222,-2.62481 0.91332,-7.23589 6.9764,-12.68712 10.33309,-9.29033 11.15309,-7.04761 2.00757,5.49079 -5.46057,7.4864 -7.69736,9.27811 -8.98397,7.19633 z"
       id="path83" />
    <path
       style="fill:#008080;fill-opacity:1;stroke-width:0.930918;stroke-dashoffset:0.5"
       d="m 187.59895,824.03248 c -3.56935,-1.233 -6.77374,-2.52582 -7.12087,-2.87295 -0.34712,-0.34713 -0.0716,-3.061 0.61219,-6.0308 0.68383,-2.96981 2.06233,-9.01712 3.06333,-13.43846 1.001,-4.42133 2.96157,-17.70247 4.35681,-29.51367 3.22184,-27.2738 4.08617,-32.72105 9.47887,-59.73818 2.64043,-13.22841 5.25377,-23.16071 6.48067,-24.63054 1.13079,-1.35468 4.10096,-5.63241 6.60039,-9.50608 2.49942,-3.87366 6.16658,-7.88188 8.14924,-8.90715 4.1993,-2.17154 5.51952,-5.648 7.73946,-20.37987 2.46877,-16.3832 2.13355,-23.43912 -1.35537,-28.52846 -4.29872,-6.2706 -9.82355,-9.64888 -15.77976,-9.64888 -4.12535,0 -5.63121,0.69274 -8.2366,3.78907 -3.54777,4.21628 -3.85713,6.62384 -1.75338,13.64551 1.3513,4.51025 1.23024,5.00295 -2.0777,8.45569 -1.93194,2.01651 -4.15432,3.66638 -4.93862,3.66638 -4.22782,0 -11.19931,-15.82666 -12.40816,-28.16897 l -0.67871,-6.92955 7.17897,-5.66566 c 13.91351,-10.98058 12.73524,-10.80287 19.45741,-2.93449 11.59116,13.56759 33.62508,20.21043 67.26204,20.27831 l 10.57497,0.0213 2.07835,13.85468 c 3.57281,23.81701 4.44232,27.89456 7.66501,35.94468 4.49978,11.24024 12.55941,22.00462 21.60148,28.85077 4.31752,3.269 8.54327,6.7796 9.39055,7.80134 0.84727,1.02175 3.26267,7.61931 5.36755,14.66126 2.10488,7.04194 6.22446,19.56216 9.15462,27.8227 5.62548,15.859 15.34127,53.44955 15.34127,59.3556 0,3.06917 -0.85537,3.86541 -7.08129,6.59178 -12.00251,5.256 -18.60975,7.41679 -20.48204,6.69833 -1.96788,-0.75515 -7.66494,-12.05409 -11.91224,-23.62547 -3.14732,-8.57453 -6.88826,-17.53751 -8.61394,-20.63819 -3.00239,-5.39469 -8.62466,-21.18446 -9.63718,-27.06539 -1.78991,-10.39619 -8.39261,-34.65516 -11.72276,-43.07058 -3.53239,-8.92646 -12.13459,-44.1181 -14.03494,-57.41691 -1.49959,-10.49436 -3.04847,-12.63321 -12.66808,-17.49342 l -6.86676,-3.46936 -3.17733,2.68037 c -5.34117,4.50577 -6.40073,7.96763 -6.47433,21.15328 -0.0648,11.6117 -0.37896,13.08921 -5.49883,25.86207 -6.70054,16.71628 -7.68045,24.65467 -3.72844,30.20476 2.71683,3.81543 2.74622,4.20938 1.36162,18.25136 -2.35087,23.8415 -12.61614,92.96137 -14.27938,96.14844 -3.06625,5.87548 -20.60312,8.00628 -32.38809,3.93531 z"
       id="path86" />
    <path
       style="fill:#008080;fill-opacity:1;stroke-width:0.930918;stroke-dashoffset:0.5"
       d="m 327.0936,666.82744 c -2.03202,-0.93044 -5.10727,-1.71671 -6.83389,-1.74726 -3.61911,-0.064 -4.64319,-2.35397 -7.95373,-17.78525 -2.51847,-11.73926 -1.64322,-24.15331 2.07066,-29.36897 1.32918,-1.86667 2.87028,-3.39394 3.42467,-3.39394 0.55438,0 6.8544,4.36022 14.00004,9.68937 7.14564,5.32915 15.52032,11.28666 18.6104,13.23891 3.09008,1.95226 5.61932,4.18737 5.62053,4.96694 0.006,4.148 -20.44661,26.4506 -24.01258,26.184 -0.67734,-0.0506 -2.89408,-0.85335 -4.9261,-1.7838 z"
       id="path88" />
    <path
       style="fill:#008080;fill-opacity:1;stroke-width:0.930918;stroke-dashoffset:0.5"
       d="m 409.5099,916.26222 c -4.01123,-4.0607 -7.29315,-8.17207 -7.29315,-9.13638 0,-2.28977 33.99613,-41.36229 35.9884,-41.36229 3.86684,0 3.43607,12.59428 -1.03064,30.13289 -3.97748,15.61764 -11.9406,27.74888 -18.21476,27.74888 -1.18618,0 -5.43861,-3.32239 -9.44985,-7.3831 z"
       id="path90" />
    <path
       style="fill:#008080;fill-opacity:1;stroke-width:0.930918;stroke-dashoffset:0.5"
       d="m 129.66226,933.42989 c -3.04126,-1.21973 -2.82694,-2.31635 1.36286,-6.97341 3.61319,-4.01615 12.09105,-6.2164 27.34926,-7.09792 10.48269,-0.60562 14.06048,-0.40282 15.81785,0.89662 2.03797,1.50693 0.45812,2.33788 -15.39409,8.09681 -17.3327,6.29678 -23.44195,7.36152 -29.13588,5.0779 z"
       id="path92" />
  </g>
</svg>
